3551350342
2904365841
3928845657
1535613448
4167471844
1255531569
3196904240
261218470
1316256934
1906064781
1784775793
275826850
3311361257
166235791
879316977
3951311156
1232063029
3618596192
692026367
1070011642
321184512
1713357232
2103444611
728753758
3675611195
1597790301
1179333508
934827527
1258182085
60568876
1796340496
448013709
1814033451
541625958
4007755947
22807663
1619116542
4084965870
3832405378
192472974
787201823
565750401
431721961
2603053617
463692380
2737430602
1507141869
22374053
3056678078
1375397180
4199571843
245993858
2197018461
3201146314
3356563440
2333773549
237609458
3207093913
3669828529
2544096530
3714647355
3672116647
2109402874
870434035
1765876648
1124233494
3743321066
1088099420
1366626205
726314018
3414838445
2771542441
4174937062
3381147372
1769853824
1406883932
4220041481
95984061
57358522
1250382727
574611747
539628627
179357964
931423651
2994506204
2817200198
1070470926
3778275429
1896776788
1932941113
