3352113610
4107403737
1157771570
1815843261
2630096289
497442874
873082312
1513554870
3940764273
1020942319
1553345415
2693809904
2794907789
225562311
1348067383
2139919263
852458835
2561270951
1513940319
3415970078
1075386461
3545861820
1298621756
924695539
3983186356
3921952912
4072879482
1420106681
1102373867
1765831874
1695544520
2498578348
3868998402
1522446408
4130007244
1167156623
1118382863
2436728268
1918633311
4007126385
3616865874
1282102028
656161190
3327190239
3452923724
3857206976
3565881855
3681836526
4201062926
590153150
2409508950
4053786093
2748713585
3345485782
3940378199
4118709468
479380361
2017018595
1372175152
1834575534
3871477422
2760197614
664287756
1919449850
1526621905
4258672795
2460013406
1825455589
693704950
2855194966
1421299605
4097626465
2907535610
231245709
1229329505
3046292971
2882963430
596900507
778284910
1826588599
1935773881
2781402042
1990628010
2563661613
3618931458
3787639021
4206869365
1984228837
3693782178
1136296391
788155078
619019843
413205483
1139637243
1670770114
3054054601
2440526912
656709108
2814932953
584062694
1641097946
584767336
3880627231
618168464
3314345667
4037830588
485095615
3787208727
1868539073
1885218701
961090682
2412646049
1250136594
1696626696
3268612479
2770854166
3564446185
2520345839
2216841049
4030489497
1760369856
1297549568
3448683929
970487349
4280827259
693010697
2408043387
670368723
1199072278
1727287875
1282262237
2418036420
1984544447
973243063
1230022737
317152764
854759516
2202218184
574998114
1686723367
1521604758
4160930697
3621380857
3956426373
3447376264
1313388449
3908959905
4199441728
71798927
1911895420
2079306066
2017706497
1326741425
4283739030
2122895919
3283472485
135660077
3106886397
1611181431
2884895762
3149353345
77315678
4149468729
2866989014
1577466813
1990969799
2713057538
1635905495
2209951961
890035889
3532263892
2185753880
875636792
1582900043
3204264345
1029303959
1234173420
1484624680
597588205
2079329615
3827178461
3077162875
804978475
724289792
2462195541
2967668024
4148752459
2777515244
2997542636
2675777171
2111353758
2166221106
664642431
150759288
2543775655
480563726
4277315975
803390727
3581009639
3331951235
3435744096
1252270576
1329652276
1955939202
409620110
1096087624
168400897
2726478980
3046793223
4031746094
1674060062
677055340
3121830493
3730169076
3392799543
2860370102
731750361
1482445960
2409383903
1893368830
2038036609
2773004814
631446559
3409969284
214723591
2352929356
2589654083
3176001050
1116360522
3785316449
3885707581
2162071755
2168982752
1153305037
2549778222
619158636
3254538287
126502465
818883870
2476426411
1496487283
2825782049
2353769769
1651756363
1522950769
651346381
2819895072
1583936313
288203332
677607592
762364835
2822643812
791716137
1434025129