2636734057
728761050
3423324724
3235322412
484452179
571376575
3725378968
2148633807
3225835911
3528552465
3469662924
1300977289
3694762928
4223073843
2439002820
1403484564
2548987039
1330222456
1640352915
2065115034
3641683060
2776839611
3025712803
4264802873
767489664
2205924937
3787590335
1319008071
1550788846
3163799043
3573833373
257630274
505126762
2097688683
2939460236
2120853199
4211003806
2995528764
1881106342
2171704193
3781852557
3162648006
1264576180
327482075
4007994800
3600644633
2645230368
1185725738
3204054651
576395193
3146112980
1921663793
2458222235
843922463
3282604283
501237083
1507823016
765139194
1199421809
1072265265
4206512231
3965900004
3906740160
487417317
1134370873
2152324758
1682730153
1769716897
4118376896
2126259210
3474713765
577556164
2960343906
343894956
1885134673
3134933330
1354481732
798157884
839360115
3430851162
2430371072
1107800781
845125259
82732702
1475685302
4218774217
3413599811
1829998946
2161822689
3594860091
3698935358
3184861319
367711892
407388687
1698074481
4027261362
2570201751
1836879010
2775486668
2757576552
903883454
1550705834
2121814536
1276432319
2700290291
2427491695
4279806594
88624210
4260788889
4223840542
1714512833
1604088796
775034464
2502674714
3796359868
2295827489
2031481968
699370271
1735392127
765810288
1918684100
1498327225
646612369
4197829725
3451965459
