39395669
378957131
1181099407
868403021
1656072744
3723383298
2476842084
3616746056
368281949
3791393339
493563398
299919913
482235197
1259392457
1492187617
430009340
3990248207
4152433396
363947451
236510454
1543198045
193452864
4072889992
190418032
3596760314
3788035603
2450177765
2971731555
1877973587
2607242346
2398408654
483481845
346774517
1158483341
3524159753
3299604414
3077713584
938623345
24214955
837098389
565115041
2561160781
538297411
4263853811
3687977062
2184508788
2746408507
1961414746
793488475
4146114560
3104945220
417535261
2309984914
233382652
4032474919
452500230
1065115098
3239118545
2290158584
3337764951
1522364022
464835499
2350435031
124113490
2429972989
781878277
1667373600
2865383983
4204524002
3648535354
75353533
980950301
2271955096
709839166
2854315279
2847560768
497585441
4206402275
187362563
2229921186
350462796
2924477936
357303200
3349243765
1657221239
4105778798
2344723105
2319032312
1763317776
3866572496
818105643
3794579629
2293810609
796938533
812281801
63507414
4212155776
3501631123
1712717477
3358449889
2529729645
4079275403
3720167471
1885151859
3106805451
3559754422
2523957393
2386106716
1523246405
780237457
3609797754
3542216160
1258249734
864414701
3666928402
3664395833
3153412382
2061968294
627572828
545615572
2288420261
1061064910
3890191191
2001861067
1730189185
219085022
1240716930
3237693829
1656765229
3699973811
2592208957
3760455124
3818956205
2301927845
3566286660
1805562284
4227692983
3464530839
4179795844
272529087
1487622925
295001374
99680042
2646862591
2450664038
3786138288
947836052
3757198963
1653405086
3313443987
1926114098
4059184367
3090161356
3833581548
984508760
965993304
563071959
2864984940
3836552903
1700586355
519446156
2502396984
192131053
2915731043
3045063292
3365901120
2998504674
3684125517
2896494275
1639067640
1066017543
770934973
2340382847
2923564423
4119224552
4172493098
3549274216
1160533358
3998511270
3124971392
1838887797
2708747210
3976395199
2793341066
3506470936
3145095962
2858013179
2701813190
1623263231
592877270
2003659477
1409747062
247770904
4039785105
1382074543
3417411911
1427226327
3387046794
789232927
1347692626
1357234435