527304406
1461579729
3623131310
1279658093
4269979700
1062298543
3850234430
3085429242
1846477226
16668745
492746498
1137445400
3275922244
2585990007
3173590793
2734220010
3170763096
1870338755
638922082
1983458062
3787380572
3989183951
1781394221
626592462
891139889
106196395
3689084470
2408484877
1295795772
1325943617
106165267
3953644733
2063401159
1210285568
2462525694
3187848513
3687307446
756243516
3235403790
1198736631
230506780
4008978467
1592949499
2237021455
1645851144
3578692482
2293690977
3362983919
1942917495
2156630126
1833661989
205163930
3829183158
2196258267
2950910652
100319622
3471685938
1523710275
4151766599
1909689824
2403438836
2585857842
3573354565
2735940754
3437669624
3740136168
3711671539
842486807
2650790419
468465215
3367723291
65552861
1064273037
892379942
509939346
3193819557
1847203561
2909325007
1299662098
1355058388
1846379147
1364961467
4059149450
204729728
1008203531
494615581
2253749343
978986983
3533082073
1906700382
1182326380
3056124707
1772671795
1098020774
86459300
3490582409
1180307527
533754066
3618225182
2845786857
2879286643
1714698843
1053367700
3485721058
3957855237
2463489831
3403517564
932761558
3971722584
2529920233
3207587510
1351067043
1058657231
78934098
2336109676
2246784994
3677549738
108907305
1016369297
1098584694
173686811
1173434398
724504469
1807663145
385552915
3250626576
1287960754
4237295597
2582022544
1858987873
3621025237
2194018194
4023686723
2083972298
2757056912
2254788834
3929241775
361855550
1112312123
4198150298
1655058791
499239510
1734520614
4259689777
2174685788
1645089388
3754080754
1562931213
3418274495
4180258576
3781410909
3330408043
2441314972
3536454411
3728419914
2930358627
1493977230
636500998
928821083
861526411
3105515477
4189412964
3138592854
1829717233
1448643526
3272107340
736587331
2607064996
944233756
48931920
543483502
2633407621
1295425681
3975840308
3308149097
910944935
4110574887
3590563363