3047403420
2505171772
1338432390
1271473312
331369811
3996054243
1797712424
639464047
1695756913
4050375318
3762234235
4078786381
3404635157
175150879
2239483620
1216329916
3333581702
1637679049
1119707979
3988705096
3057966000
2475925263
3299517207
1910140121
182889891
84554774
3435872901
2786993839
428926305
3190591555
1901774268
4108453723
1252723746
3171851672
3380336445
708082912
3371848742
2101530413
4177336654
2018628532
4089279226
2163095170
3840566885
3456692941
4117779534
2133629203
3329820250
3705124058
2764556047
3341700783
2029577902
1884321477
1665540588
1085283276
1637616565
826164212
2760860695
413642274
4137869092
2186312430
994274077
4204347042
3653740028
842961833
543568064
1483503307
309768168
2753666166
1311215925
1647023906
2365301942
1561913594
3621690206
1914321302
2529741228