1865870401
3596162486
3890450458
4031545792
1286134933
2883918126
25497094
3560788339
976303477
568598848
1552880213
1303786081
279817294
3560829794
3351910887
951420693
959314748
472662275
3190629411
2534900680
2968103066
1922384588
188311504
3389680417
681175379
3397977116
833812780
1641904054
3473873032
73506390
3714720283
2487829102
2933484804
4150182721
4244960515
3218505935
3800968517
741844091
3363249591
1177985853
2761083607
2161154831
295273719
1398954396
4011840284
1079964194
3572850163
2549941326
2012419679
2033483317
1800180992
3867803388
4162501629
3441736720
487815875
3427457094
2630218952
1380755060
2471838627
564968333
4000696372
769185704
1399079912
3292479968
3352653025
715100852
4249629939
454675026
477776164
1526702570
2396013491
2057625825
1427506357
2642291890
71882911
2495827616
4043782165
605551146
2166881550
1368822359
2140018928
288004426
3868497329
864483161
410457801
1045390597
3913595078
2318078360
1557324173
11579029
3637801937
734421068
2127060776
2217387829
465985444
2648738448
1028409200
3511636175
3206693355
943611433
2063825795
3963646686
4242528346
630691889
2689742609
1672848290
2404878920
3553536895
1460993210
1527654628
487240151
3812666500
4000365595
2859444030
