3034108089
3563322708
4252550152
682077362
2682149840
1330483420
2035469074
3720213716
3908819732
2369235396
4069489230
3912844711
2919883883
1628354803
2065968009
3089869836
3232387611
2758870919
2025181958
3248805453
2460318544
4084240527
1081873059
1539358939
1118087720
282756521
1405473341
3621651034
950305397
2520222539
2942049210
851383416
2133174203
3603952068
3287047019
456540635
3677402943
3756834126
1836544066
2406825769
3485303328
2536071054
960064562
1545053593
1772832924
2313303091
914663942
3736199569
1848847320
4032217783
3967814567
3110948143
2914366839
4123865613
1183849839
2825096835
3873824590
3062027846
3907055656
1385315214
1782683415
1712392056
1561891324
2620047895
55782473
3045255286
1587593301
2031571384
545315100
2190607658
869192004
3175792131
1591886578
3346492137
113604140
3547778683
1192532088
3235917500
2936399266
282963199
1489522248
1491185273
1507080406
4014996787
3280134994
71592463
3345397303
930985579
2670939382
3703354843
2555623236
3274275688
3049665803
856635477
2795808105
2706838375
321518380
2457876572
379065903
843828793
790726437
3149513197
2673585046
2544054575
301733163
2951975777
2148048703
3824876753
2759773274
4155996578
2851963740
2979272728
2313366655
3617548270
2064538587
3351131083
2257450365
3060061631
1652140682
422110327
2233821213
1000172080
1433555355
3012046608
1843363875
870357600
3315786017
2665356630
3215850387
1473680277
82108884
3012128162
4031874176
3840746897
1992497402
306978517
3701663665
2935659339
3516862939
3879535560
541123533
410664357
1367577540
3211396906
1065734325
3429875676
1327303341
1002127214
1514861901
3188397116
340120715
231884622
840853183
2274974997
4059744795
2246421545
2307672401
3955676023
3124941276
2074971433
3418504041
4178611246
2556989893
527027870
1875331136
2045759690
2842365412
3620622097
2078991792
388798991
1366446615
431765013
3768834716
1167818878
3362693720
1132086121
3180404790
91931822
490653376
158427978
1047335458
1849322517
4016467749
1197868125
3406865155
1811905486
1198584042
3946398932
3491402242
2414774667
588666849
4034079649
1717238923
3026175123
914901768
3771751853
466942142
1770819465
4178406896
3518964359
407601057
2955821427
1720820104
893869572
3596877401
455110972
3509209786
306630390
2107719504
234263087
3679415550
2900733047
223671111
959070858
153757843