4077791319
714442007
911345597
2645020209
4108636318
3316341873
319155234
1885027859
3859448418
1861288069
1226219347
3731027534
369535722
1782332762
69257602
647016217
4042572031
1282979201
3417950888
2277143616
1092220825
1891774137
1082370621
802652526
3366437010
4135252362
3479764984
3938534910
1803491029
1570538976
836411477
3195330602
2724367502
855473769
4239527489
449057225
577877199
1490870664
2378256734
4181052430
3128816494
2040461633
1450285262
4074855803
3649886384
1695287584
3163364201
3242448036
2743620755
1171890904
1111526633
1632719247
280983235
2273963452
1310466917
2366369214
2221907781
857767729
3650319894
4084921876
