2353817029
487609457
49826868
1595548896
1767275800
1595440242
1113724574
2707943363
2662712727
1231497617
2137859098
2000030532
3420100430
3996084633
3647152183
690062318
2348829583
1682504438
3248140985
1368280015
2629804529
738597650
2312855336
22250385
1300867308
1690350494
1419271456
1821162309
126333098
4133511895
2758105678
2905351407
4128905426
2745356964
846156994
3144955251
1255444124
2159530753
859223907
2744941787
48478076
1478792327
3116609450
1880929173
1777213847
2089803798
2674755549
3709356184
4238804727
1818600219
773345093
