1796643639
1490909325
1348896990
1320439869
4171737247
1530681173
3480102115
1168544591
2238058916
2206780757
402689151
2630187880
311872932
2170808564
2195469868
2355285121
3746421056
557762637
2162386120
1802559783
3689724104
3337824547
2480436528
203800246
2469855080
2005438202
3464628545
2773352288
3565378364
707611322
4073099548
3018413621
3503467904
2740362176
2007047461
3738776322
2862822685
2744154309
2763430097
2698167952
4052717166
937242569
2877573101
1388097685
4101283330
3459289147
3577947749
3195901727
119994458
3096624303
3769331323
1204944838
2808253588
2596773687
3881514661
3886186675
560915428
1823441762
1780212639
2310204488
2881899407
3124470373
211731439
3902489886
4142622776
671161590
429583912
184411229
108838651
1839929729
4211566326
2785345155
827210616
2049753254
3376925221
2633348913
2155529903
2121719637
388499494
4251221297
3071631843
2180303355
1457502528
1681861972
192119775
2365166914
1949315647
3720625012
3115960385
2012765437
1897441720
292090613
3757997687
3253892859
884830777
2648461031
1437516167
3010497383
2609504722
1383762480
2664301146
4261570771
3757355520
3371438735
2524422633
3343280538
2124153460
1304244127
2798601902
2954509365
2660227014
1722020741
3549505751
881658426
1925929727
2434975950
3290312759
3053543872
2972010556
2494298871
2608709223
3014490680
3068419464
3178820975
1175932987
3914643582