3512578477
1794367854
3299455324
1756495764
1498094655
1276160549
2109566042
580483712
1832496042
3321962832
1817685223
3398411099
522478134
378426574
1194214380
2894682281
116592342
3101243007
3400055685
832956798
3209762841
3585064505
381768505
3722059829
4105792465
542227374
149691444
3858390216
183438970
249253382
2123383779
3984741178
351092338
38706162
437201314
2958048003
3005902176
667292225
2203298561
612498643
2349482986
3956909117
3082580115
1307192041
1774360435
3421860857
2993811764
2836204189
3110751130
481002664
1051818403
96346746
3747729271
3596882475
1772223630
1030310857
3558506844
128837145
1291828591
2363632653
1294136006
4042221352
2664787315
1245800480
251460834
14638934
3720157161
786342913
3982084730
3208366700
328400529
1352804549
3828467764
3853204422
2276503738
3144823573
224972572
4110599681
2939024961
1767243761
3432886337
1827832119
2362037911
2872317085
4205526990
1171571704
3201801032
1553945287
896921652
2863176898
4267145076
2700423352
1148992983
727689280
412231290
1366463696
2931859016