891731811
1877822163
243516821
604434695
3274363133
2708801561
216812173
3947407809
1743493391
118969678
733432184
2308383061
1271908283
1002870751
1222951276
4115363713
625766150
1319818043
3411028732
3644560118
2806428515
976685807
3777404374
2915880565
1128814434
708818503
2588827017
3975873965
3955377223
3047989588
1822747070
608442665
3777456343
3218358616
1950047992
2932778864
3511637331
214510113
611855736
2138377113
489674403
3614773383
1331475410
1140474623
3388375954
3425500157
1823173463
2247843754
1628348569
883775976
3158232121
3597376390
3090353701
895276462
2774642234
1987599005
2008337879
418755404
4134851938
31777610
576119184
424443015
1346446131
49522933
2749150357
1675110691
1740701219
2791846334
3858974863
2014735634
49932431
1939489002
2295889881
2872331484
3880187283
77701561
4049735869
2974069854
943285744
255111145
1445833703
2109825151
1067107788
2914115302
866504835
744523841
3779877482
3501547933
4189526261
1193108672
144508024
2357316058
1836618723
1473507448
762724417
1109748383
634488601
3814340979
394369256
3892441323
2306583024
319041348
3673759686
2395037222
2066457886
930480757
438775098
3603303092
3412541694
1420303185
2368363345
3401493807
358239759
744583029
1918884399
2697112258
3204347200
1359613496
3756895302
1334373879
2750908108
670912356
2391968331
3653033795
716036018
121384830
3301311324
2181252163
2463681309
233099702
3577290476
3849183561
3136243053
3788609736
4250154699
990706618
4106763425
861588485
924631471
3214797497
2662517737
23681899
3720693380
2877253175
4179738847
2644388545
146678810
3351671000
1049849548
2226187000
2948037128
485385165
792936757
2738837822
1339663341
1597282921
1988969573
2388555212
1636950113
1112383567
2210790955
3399065504
2481092708