44654793
3605605290
3924934558
1761863789
1034750683
2033255217
3756933087
3169611732
4118909893
2547140531
3588711087
2101535931
1504781527
694461317
3684983199
653493868
262975396
1271061982
2296258924
2076922489
2918298290
10197840
757171043
1552577394
3366118437
364440166
3385609602
3028854261
2008224595
598372935
1774882615
1655036128
3513554344
2089119856
3062971644
1161205374
2105733332
3136527116
1211158468
1082436387
1200450911
1798127032
2784501707
2524032227
3147224993
1753516853
2771756801
2938117373
3305527005
2657956974
2082171146
277235525
2234914320
2579785256
3817086291
422594390
3317846906
2233232158
2039955434
3473369318
1548866948
1477176447
3681706822
2237021618
428549833
1872433934
3101585462
3883728447
2686802032
1655691767
976770433
2374359071
3898223808
3704404165
422055014
3468031311
2038438505
951474424
2511592017
595609849
2340097229
4233288391
1669141023
2383254697
477575905
2421078984
3785957649
482370424
1028620574
2660205725
2792372421
796424510
3825077658
1587620533
239603132
2092614413
3028565267
1363315868
2053152264
1010846027
1503330073
2430672590
3976052099
1079798200
4008727035
1220170077
1026953943
3299609751
1197079774
2743855387
2903528939
410687698
108301673
4052485827
441643847
1965526158
517325135
3962161149
2265291681
42989070
1109392020
3553613147
3234900827
960276671
832251391
718573768
3843781373
1580932281
2645905143
2896118085
2934034048
2102053458
3690885674
2133874489
2326925629
1718818179
3571600064
3373499038
3751514894
25731388
28316047
3888765495
2456827116
2038734944
412475704
1655723145
3615059020
952550114
772832034
2790889582
935265876
4077319629
4109455775
3650815187
3888579956
3756585472
3276643192
3273011879
1375647558
2636780045
32176369
3863017209
1272283873
264184975
99205731
2696057869