4194976644
2470875226
1582876007
14668897
1853111663
905381198
2083763246
324019433
4082473135
2402177417
2968241196
2818914049
3983589756
1712668161
3990586020
1183138726
4257247457
4144013300
1606398743
2049073089
2801517655
3252935487
2214613081
4177377133
1017067119
3630499009
4198075662
2521910006
3982000720
2406023441
27316608
1600048873
2408283275
3334512400
3759252445
296607398
1128298432
973411496
939630516
3060745211
3206822119
360129067
1962153075
12845853
2237536472
4145089505
419292759
1643276997
4107941133
3547824958
3147542603
4001737711
2751030053
2245906422
590332600
596180825
3910723639
3079109346
1470465713
2263155790
3230088702
1462396248
1583893083
4084845532
2996414311
624200656
3019944010
978819695
2755806345
561275234
60862045
576694723
1040674069
1197768773
51369690
3121149624
2361894095
1997019633
3113144404
4217707842
2488392807
4126303903
3401216148
3593829001
188650227
935430116
3271040297
1080508574
1381870511
3543954636
77672130
1798166526
1293197472
4065947793
2977133660
3339206614
3681411394
497748653
1599451031
1673897203
3880961427
2850873431
1579367926
2276027435
2864756275
3795929847
2016138916
1634360932
3956489045
1773063873
3886731335
3885268634
299872090
776877636
4054252819
1891916581
2056403140
159309441
1782846051
1111793027
860109336
2369191360
2300352145
344194052
797797737
259372908
3862017919
983337211
2553124646
1238902881
2585985951
3707954611
4167415135
3545345852
3494964389
3436290614
2391182013
2526292193
3304345225
3543772458
2773333231
2325039127
310603235
1909572007
17099065
1528025615
2966601346
2377503880
533145035
3489522241
4195847094
207310288
2526288621
1836907070
3028259084
2425094288
2768567290
3413044487
3193843426
3363688787
3794862626
4155905837
4188931448
2446030964
3427165448
2564860231
3467259350
4153681237
4098740080
1896933170
3014347719
3603515249
3561360548
1101890341
1142020163
3421795504
774623356
589278723
1251761621
506826380
1406284808
1154678186
1085416568
3587960733
4169752487
136170399
1647377930
1142700929
3864561339
3919820526
4288246389
414657456
3874987874
1961001510
2456432654
4125732423
2532780112
230324228
1211844249
2763633817
3190539299
3545709888
3341990328
2634885489
2750993612
1724094842
1145484231
1380763549
3742620498
2918017024
3919564191
3981926154
1525151823
4202050900
3404148906
886203819
116785872
91934724
2568894202
4155800869
2969515836
1885397525
2021846428
657014355
4264591420
539661407
599292502
123159915
1248649631
65181280
1538106945
2834355456
51094802
3677745159
1495163383
2835051751
1855151725
3882302083
4044271895
4163089173
2608753590
1741459129
1357221063
1311086240
1641462921
2040093941
3502902224
239339754
788180121
1830756871
868924130
2293511885
2153514662
6632141
3388818181
1872625754
2886679942
385882522
1527242900
2375222890
77175910
1171329261
2353330132
2330365002
4111050178
2850922399
377810429
2013129550
361898162
3908817381
1961576154
2924443725
2005376405
3174815032
3739092718
1929596408
2076312796
1028040604
3593885301
4055271205
1101243468
3776740449
1085280820
1057541370
2071891922
3721128511
1218300687
801203779
1750459691
3908114610
2567133560
2890349112
3254178384
1823812260
436590053
3504261744
3211868108
3696719382
2264541069
918554266
1565884102
489551353
1653816903
4175619600
2121170634
4082238939
1816240409
517524054
49602336
826418073
334675487
1355324320
1651300453
2157654796
683723857
822901205
3538804706
3000377775
3189989969
3717681652
4214742288
2368636345
2482015105
2237510214
3065206073
2547004167
3056083628
1456344808
1621598636
1961790335
885093022
3164423776
3906189432
3991629622
2736143526
2393421766
1512313610
512273770
968273088
2073136664
3353240277
515448031
1477751951
3570524202
555849615
24771338
3762969048
3227340611
1435655023
2142313261
814733309
1789319593
1944479665
866728375
355750656
2323620956
3167923687
2958462840
567757602
3887639649
851317931
321850389
4208975379
1963131220
2198901398
182140601
2743994774
2810265941
2908056870
2190215919
1073139920
3119454972
4166948261
46843370
1175016923
2095503292
3833326335
111308467
2024112980
1447580515
1138072677
3982392431
599863077
424975211
1300984876
2716144297
1169894364
1712040231
1661670819
3496432659
1878974959
970644244
1312850826
666665808
3772192695
2280643878
2705039607
449415741
2664366103
2743966470
814016191
432846320
972160502
1332147656
77165462
4007438285
3828587713
2470745274
1500356688
1754166935
612054218
3262864744
1380863780
2949808193
3737018395
326628469
420779463
1828529282
2117845895
3580048101
2314464287
1162478213
1816971212
2436376763
2988727452
577036567
2186371565
381657301
3576905560
933553833
819467718
322345836
1618143032
3183756084
2488110697
717217510
924472145
2680285202
1224052144
1085489176
1735012410
2530531309
3719431606
2156618974
2745047082
3376345859
1126861456
3132497981
2124017763
3930780947
826339484
125559962
2617662032
2047534080
2989792900
549670550
1399628473
345590109
4016769507
3290066223
82829115
1337253475
4228680791
736763056
455759943
3369187569
2248345002
302732672
1429120743
4140128897
3959427999
1790716710
826979099
3893631807
3549802161
1618320395
1523381860
2591747306
1836907514
1591328915
733156310
4174407568
3396803710
233738601
760321157
3145647920
3856736457
3524119159
14494596
1435359306
39479356
2857066428
4274927570
3628528556
1854594966
2016409524
1982132274
97164042
3465713592
1520545261
1798009561
3277365082
1993044905
245952177
2376597811
814821887
233630
2817783390
964483698
1635634100
3873997642
3605053636
1322073780
1692046021
1374289256
490936202
3596169031
4079678810
1231177141
3375781283
3402638821
3122936654
3473305469
1247642833
1417056931
2227310876
1854352031
1326821572
4216953074
238984967
982051104
2262193703
509785169
3784439156
2162027156
4072188791
2627597726
3831761667
1237504865
3440525159
891948581
3625220880
2713679377
2655010359
3262272370
1240590562
4016609466
1939512877
2622030764
934561847
487961065
2417209385
2201092809
3325687755
265087084
1822344359
3142550397
3384131564
2998979734
3946383132
2013438839
2765241668
2430876275
932601679
727162231
79900968
4172917625
3532362736
973524378
3199557102
2318914718
903769188
3332722681
4085924364
2235566173
142728681
3643694492
244051261
1216575177
1300961735
1929852609
2633653179
103658869
2975588685
1665477720
2805558723
1461793481
1215476753
3718037660
917785880
4170273424
1616022084
1681840816
2015443939
4286023868
2650353735
2052150990
3815981836
597570135
3182826753
3703925170
1509599552
3189231768
1157028127
1061492132
4272692446
1336686608
695045349
2420337687
805137501
3927375675
499565293
1365628995
2993099057