3935944297
2418445175
2392474184
4109467756
2439476204
563723541
511153451
2166083544
432615913
1310981153
4005367476
2194751624
3225894799
1297897768
2735877644
3158712248
3470852952
962703786
1832292284
1157756709
338701349
606688035
3809851639
2654158117
2680533825
2587234648
3946280345
1636601409
530700821
1202993805
4069395841
3612141149
1811643413
1429625039
2210985370
1029324541
1336791712
1026749116
3183980659
1457510786
2803696017
2972363755
3368841125
1370420959
2617867916
987303177
1632719898
2268691786
3950775721
305410987
1825590498
633551019
3731721129
3149266511
3638328378
1617618601
2668353146