204599819
3077498107
1547800717
1603030988
1059932652
3908224029
805979855
1799050693
1516653242
3012806001
2651720956
3724559145
2197074166
3753410028
1965461855
3111816272
2052308085
484016059
3139398859
768887660
3586567848
68771019
3573318132
1155699958
2533630818
3197074184
1182925037
1814503853
582712070
1082847895
3052261009
2728117140
717185115
2734620436
726493992
4242426508
1100274362
999016572
1952822522
830876226
2862259840
643736381
2686714717
261159884
3205884848
1343295056
3059013749
2107458453
376581102
3012395962
2121222727
1162664801
2361739983
3888039110
4067089569
654858967
3787763353
1122270898
2198154698
288179733
4261101234
584394942
506622478
836276206
3198092928
2603324575
3658910790
152223637
556606442
4278358634
773308968
2803602765
3098938028
1149132584
2530852864
2541738050
2801067789
1201503267
2491332327
