166020273
3457371404
916573471
3205776417
2723310135
1610894667
179635367
2224492670
2067779587
2922831605
1152531035
2966041298
2019883271
2578543490
1744656637
167027263
507209723
1604282360
254119845
467474995
3871304793
3280536316
4121779860
862091724
945637241
96673877
1748588259
956324867
443010315
3173282996
2391799525
693842720
166117949
733971783
2717936091
2311259067
172841519
3730898654
2895025243
2117394249
365778998
3471163931
2024108456
1674542005
3998665638
567083369
1728289859
2817147669
3923480960
1358453571
3334988954
4207067128
3842233769
2504157555
2109244510
337444870
1557949831
3969487267
1046933434
874775279
3649413196
3848040045
2133245026
3704046090
3477973039
2493766171
4080340858
3535708656
1094507766
111398431
3364569097
2775135624
791113466
1290436133
2306763592
3110162939
2127949034
525514176
1019777809
621325317
3624344460
1816155250
1619027067
257639038
262173546
2328561312
1744198112
2377398402
790799306
