1326089814
3657091929
2059051027
144671833
2675011268
2506690247
1808654032
4089022108
4204384694
593149197
2084137936
2292421963
3270473850
881090154
3762642891
1259992517
4165017346
3021359916
2385165997
1568923980
275836985
4179840530
3438017046
1548872611
3367236300
1045926898
3388934892
3272833099
4221763256
2048963379
3632774868
2712475283
328014534
2096357571
1922023505
360732155
843813735
2003138728
2196944625
3336647205
3217599481
239845045
1575056927
1082605050
1698113813
1145356041
643393608
2162167937
2769355481
1544404861
4124913297
712738169
4120021043
3876611960
1343689583
3903724546
2284828972
3044441106
3348272761
3171001911
1251971006
2863517524
3097763862
502232267
2115557471
578862359
516390248
225974004
676130600
1937019886
1761236444
1476778189
1193998607
1076316670
648000332
