3777616588
2956168815
933992769
3640788644
3642555301
4076300590
3791385075
465633023
331341505
3166271723
388514148
2414539051
575914355
2044241474
4123168953
3707445639
4110066738
1029679372
1904020890
3493958269
968705933
3457911081
503864606
1382308223
1535513425
3485645707
3158704450
1180133287
1993892928
2379570612
4079193886
3483801614
2678837921
1896786877
3607249441
3007761794
2797696843
790873488
2155038067
2307457380
2223932744
570902628
4128762703
455691960
4228444918
241170549
3316144296
3454004611
112176520
2583562608
2634552458
3653105875
4148284587
1504185205
4220618046
772005006
955594478
2946637491
1788006835
2036749178
3497708456
1168512147
1980333225
348417755
937744847
2459593299
587044338
3756214959
1338908371
3495809674
362095256
3479982381
549493325
1022344523
237748804
3578026984
974380793
1794304110
3789396968
2519347925
3037661319
3776058003
369496068
2240146554
3614626909
205996529
1602333834
1291816104
4062217970
2298514609
3148709480
1122005072
4151423064
2408166478
554503846
2566555305
180845981
1731141863
2512841927
1671988840
671767367
2313796763
1404507130
3843823429
1896055167
3185143418
3217553214
2506929871
3229213327
2416712383
349009791
1262564081
248416054
