4206222594
1539653906
3190120260
732412435
4252230592
1718970676
2817119209
1857098814
2524947369
1990983763
1118244491
1729314473
1423916133
3047798017
2518322414
1949022
3139455719
1143434812
3299352479
2540053943
1986316418
3607287274
650491418
751226196
154229806
407243231
2651232569
2251327341
2964848744
631741296
280022732
533018156
1220546822
2005544159
1439822817
3918246797
908376686
2939811694
1274507404
2126537705
983496575
2347530222
400639835
648237676
2387016249
3395520553
1796713289
623550788
3432653230
3845358611
3957424649
3232049023
3487874479
3449427854
304876378
3193276905
2679228522
3187551494
610907723
3706894678
3061083792
3254902595
2220131131
2084404195
1651956557
2775100427
2990349270
1672957657
3611539867
239425359
1009618253
2496766327
3567185637
998485173
3200619107
2796571754
3298224321
4184477176
784759434
792042117
1939719439
1085499720
2422778570
1185692517
708444648
1050306829
1361812179
1696661709
1275544688
13364095
1656693935
3226307747
1509722019
3075580960
207462900
573913265
2172208306
3568300488
2175480747
390447961
3887531848
2211840550
1982556048
2840486327
229816418
1183920797
472177375
4191181591
3965272077
4142311789
3008305499
1176056926
1384377587
2747342942
4150973369
1404165805
656033122
1106376620
2667916802
344123553
3764104272
1087488728
328697311
3349490737
1248628579
939391527
1691977360
953070737
1661757566
4108518484
314255672
384172667
1865459810
1075192708
1253115364
928057210
444693213
85514564
2733166491
1411955550