1686170607
2877239178
373191225
2770134818
2595580570
1038427274
772014140
3733375389
3595057791
47041449
3303549432
92989002
3104878746
1793049615
1099175643
2863845118
1929974011
1296244668
538922301
1777040340
3320955471
969190285
637355937
3546529124
3795956929
3790074556
2286706678
629531364
59011807
3590584649
2155842658
1277474229
3213643183
1592046327
3952827100
2862070830
1058618529
4227816490
3643383687
503817700
3091093866
2664144184
408044617
3276878258
2736937218
1267438301
2863687697
444133914
693998696
363098079
3099859342
2260847912
3339178584
1929148650
962432571
1507837640
372226530
1064745672
3745135284
2570107420
3350566002
398241251
3555039256
2591265964
42126680
733305656
181554521
2228255280
182204052
2413075757
2810952455
975025246
2726230402
3825350700
345148563
571451211
4093500640
71557884
3537211177
2019563664
2915112513
1422510869
3807762059
3051753301
218903441
2602581797
2125182121
4206634366
2692702414
2409109430
908176099
2446866419
2195733164
3702138723
1856336104
3208756851
4037156674
1286761660
309241927
3444021370
1908427542
2567848526
2183036017
278500336
2506004948
2035992437
2285264529
1675132841
2408709525
