1438311309
1836457645
3433164877
1520487936
40692905
3100750029
1044675655
1414086385
1873647147
3665891529
2212427760
1957944418
3429321245
4017937280
1237554548
123484917
2114708639
3080387841
2380629675
1799856972
3992960080
2542796746
1483795643
3980589101
885836254
1618349909
37105347
2297647771
3943471773
1684594495
658934581
3911434371
3654927085
3571463250
1364118425
2028674530
1984690913
274423410
2320950135
3195930878
2374744276
3703058875
4061250346
133425939
653421319
2172797444
379686572
1869740323
1202463380
3284190499
3463478614
3017192088
4017267334
3704797012
968542446
1833157940
222544596
348132297
1999635398
1292468145
1934701598
2230250384
958909257
2856264243
2704544197
2033851159
338896058
2456963465
3423813492
3517411035
1268196263
2602903833
1941030090
1366982629
421718265
3766244592
2784120636
2363813123
3234989662
423766867
1354317615
348069090
2561605824
1137163848
3282460346
2559773109
1959700897
1328538302
2923261579
2558399218
1817618705
1791145535
1786773234
16324977
1390149058
4168791208
2629970577
2623432182
979744374
2689486715
2338719059
1122070952
1965010284
1220617228
3488730683
1547654028
4268457178
1590985080
247786474
3925106778
2319242485
3643673329
3323772730
3733522097
4273486022
1604840081
514019956
2637599120
1900117330
2411975542
224018546
3284809099
2573190490
638335237
1967629447
2316608095
2939316240
2635402588
3221378114
3615004673
3015582853
475988360
3009003306
2481153633
3963468510
1022912319
3259220646
947329315
3744859375
3750432558
4019728537
2791781222
3050048487
4218394172
2174526738
3981224689
1089123474
3826291699
713070489
1241062811
731611605
976994819
445518631
3743384337
4177629316
568267121
3692638381
504485837
2193255943
2961374968
3604842475
1295625401
3145075177
3284528661
1485487605
4012227131
1078862327
1211550421
325063259
2273271855
2981046534
3744338133
4105491921
4133886180
3484518723
2128953565
1294091148
2066066505
1821549342
1139625330
95963533
593858403
3641096561
269422501
362874734
865197118
3918776190
4169326648
2831390380
2274612063
1562107328
2559317491
3684497003
72916133
1756301250
3971105808
1403374740
527716611
68398679
3836965553
3934412006
2490915209
3449581736
2017469524
2592668627
4112183382
3363455709
3443929368
1565403133
226141427
649404931
3627869545
2261413986
1698969638
3937779152
3861425171
580607564
3270364479
498282429
2879289402
1521325733
3198782298
1850953404
1613274708
3336630504
921557987
293630559
3271841791
3014328564
1993006671
269881586
2496225835
732918549
1450645456
1942789415
632629773
400745151
4160282866
4067660888
2238286190
3516286107
2781893691
875856290
2316650748
1039034802
3372085944
3445272393
20193339
1611870905
2917129898
1798243614
91127853