2102264606
1949890855
1102268990
2188209789
189260320
1795414123
2933937352
2462481218
3549119629
3585318690
2283747328
2392787316
778658028
2682494000
3607220424
351067946
3011703943
2378292823
104269786
2264451485
4004522945
726469788
374973919
4180388187
140328573
3847059554
407028313
3757999935
1884339103
1074806072
1897255186
2677287166
377823674
4135540156
595781613
1241331729
2546230308
927088242
3115110919
596528631
1276222703
4192246711
35607723
1284717521
2012832915
3838431438
2577782855
193518350
119098989
4247553515
2042972572
704805236
935709102
4230618498
1273966025
1858786429
629449301
