3918583340
717562273
2659809839
2477954680
2252088369
2703556187
516381617
1927558569
1705148920
117731993
2803797269
2282732512
169359937
3697884222
262681122
1357021202
3609288270
4116012890
3117850290
2140252809
2968852092
2707630887
2351693766
1251327672
2341045235
1888348307
2416837006
1842549128
1019459105
2290917033
871233612
2022536223
382016409
1610911883
1973020957
3782819228
1748356611
2976027871
1774411238
3343023844
1352831287
60115491
150285709
1154157412
3304206632
719575479
1470174957
2342368011
590991793
3554772031