1763011618
38385303
3036353755
1244214761
2943186320
1344433402
1322386792
3767200572
2986465777
782206275
3372228804
1217694509
2710683160
2605129096
3479320470
2517800718
2117892379
1299064366
1375385924
3802971713
944950179
1980764666
3291879220
3068894878
2542793634
3096867257
273684435
3660484002
3389720246
2275701426
1382619479
1100306958
700429647
2021864729
3378965954
1503941874
3419353507
172145516
340848260
390418173
1896003729
3926589350
2453322163
2499282419
1275327234
1186854077
2094973519
2685118821
1629010352
2934454078
2774834096
2059192739
4163037227
4121400505
3748714829
89456706
4280117185
4218555403
2386381108
2162466194
406641911
2239626198
3971911343
2145930403
3805934329
3009662234
3856347653
1537809133
1747653689
2480922578
1726770234
753620745
3099853882
2355767608
1633995335
3023151323
4179561880
1608131875
2314026640
2271608625
2924289654
1303926116
4168957915
2158149028
1133663279
101833374
106695944
3311180195
1683245027
3585572167
1462026179
3025456827
2388637071
1991748905
3755649725
31196860
3961295098
3466943899
3164641404
4084608922
1176721123
3414711451
3456118894
864535723
996856652
3444568486
2075784552
2368155955
4008916098
4279698965
3589866224
720264857
1964424793
3582417940
3853458736
270545438
77057583
2149534614
1081681807
2164966287
2182866150
1808004051
1434189803
1735429024
1505604001
3817063493
2097762851
2805359441
2627761465
3160445553
486353152
4081397158
1284140282
2428214177
3927780867
1180668263
1050660173
3870976351
3643850248
1065419633
1140761904
2551773002
2806028625
946683377
301378951
820552514
3981352838
100830007
3000472600
2407885246
3211389980
460408775
736918076
3772198666
3026583553
273564251
2540921649
2621554598
3131815173
4136696122
93941500
3103953139
1261280448
2784157071
1549462916
907687358
409221198
3677776661
1348352319
3316596471
4079122532
734636123
3666684077
1202368050
1785694294
3765396912
2769104152
3444946191
2717892724
4266489067
2993937967
1412506791
3475948140
1297493002
958296373
1524586947
946631651
790217543
3515010311
2370908558
637672062
3479284631
2072327361
1932931909
2609905960
2479857063
2994522086
2367506410
1794223400
396529463
3018672198
3607715484
1370231227
4229577622
619387866
3375903827
3913461782
1438225293
3921639847
1210675785
1611540445
813822409
331851805
168061401
1744677785
2483065850
3024825618
1509301198
249627288
949278870
2228849619
462956015
3883325454
2018243608
4276814247
1961245933
1768190102
1100022460
1482063694
889667701
2832737819
3698762268
1454085998
2209846786
2995618349
2386376830
3165591969
3133765175
164949385
713341127
1057422255
1025839300
1906155
499033563
1333106268
474049248
300891804
637486366
116122753
3549750005
1907915625
1566045559
3246812222
2705097414
4178633962
4085049624
1834130257
37597394
1363382413
1092284061
708937553
3215867683
3209151149
3291661260
439918438
497455851
2170138902
4101211194
607300045
2633772553
1291887272
1806094421
3780564060
2399664950
4075826661
4047051675
3675969186
3024213770
132167215
2138999232
3632275163
3101530669
3534073940
3079629720
1624431119
4017482035
2622611821
3511344144
726823782
3577904566
532190088
2926374194
14252627
1127912632
3868455893
2854685260
2875076299
2609722271
1203518212
1669241119
3787178300
3343057971
2168093181
1126526094
1442078710
4196052590
1183728765
1069276791
528390420
1522382618
883071695
301928792
1063454019
2443617251
3064502523
1768254439
4008092962
3114249871
1335540239
3932021669
2887621602
2861666205
1914438349
3757936361
821570230
2592000825
2863649766
2599520205
748862933
810403140
4050348209
604388752
2390231927
2069965471
2485106716
3810088662
1833171459
4004864144
1928974867
21968799
3747810213
3358000785
869217153
1104056305
3254148314
3590492011
2225190803
1866455179
769482643
4161212961
713568885
779481934
1973473098
3422362777
54785197
2893411265