538537227
1031932150
734418928
3871046601
4063284513
2174590326
3588581359
2225251405
2455160354
255510838
1802476690
592372065
806206789
255261231
4272959223
4156897300
3373801157
2322313480
3965800664
1276821530
3391341508
3543157938
1172537781
800478547
703091873
2461710851
1253464514
1158451196
2707597464
1072760659
1273280104
1515147810
1374698540
2606395903
577956102
370905887
274132200
980155098
1821842696
3743598617
1323981597
3164714609
2854613829
785607471
2795037854
2222331027
349655652
1079119943
3102170402
4283577621
2147973093
2773271198
1130937890
3287166204
4154332703
2098893027
4031939114
2900903423
1976288492
2180299776
1081844560
3938086493
2726472802
393091910
77964141
1921122714
1539032111
751188346
2578787460
146477180
986683915
808304176
1294798417
1219017077
4085695255
3794068239
3808073916
430182526
3968862796
915744082
2832913477
3719010519
2679169006
2709020747
1862929857
3430829274
2225974760
3041292353
2063472770
3991629848
3888902664
2832499799
3968774614
2311826050
449134393
2264901700
1650810836
1403508690
2874974888
1927938894
4251752229
2175940452
440674750
3318322796
1862927630
3627327627
3263896795
1497231926
3771184682
407605284
1466180600
1119966203
1341825711
3974161753
3759817360
3948137355
3774116006
176398575
1474951842
2450352506
1492117057
2435786462
3731608346
3840192414
3452740911
732712625
721950718
4149058494
4213088668
3498602678
2424753353
3071585927
1853478311
3549191716
3052839723
527717628
3025402871
377450069
1018063660
2075029992
2061840
3303573487
2428015865
1048469033
2569725100
3652506917
902818836
2637037783
1872769737
2864178631
1243575656
1890639413
4179376066
119875127
2670266798
1758608441
415576822
3439814522
1607357090
3031211128
700461358
2576420337
1422334264
2048313834
3365283872
1984369850
2962381992
2789629671
2800546624
3579908222
670316469
1128720404
3190859798
4032921789
2382906124
2004762181
766691703
567757544
2215850267
2511523863
1964036602
3021207221
283128450
281942605
2888850651
750688626
3784753968
4275251419
2483730791
2696269016
1690709404
768243471
753499746
1721694048
3822186755
2795869687
573099904
3330249306
276592311
2282078208
2379916642
1221498704
3036931360
4216894653
2634424085
1517645651
3740815657
3625126218
3714491398
2582077965
2303383535
1582604081
626147386
3652242633
729171043
2854454511
2310379774
2343041316
2970710802
3829645357
256716680
2205233158
3018476439
950462816
4125472146
3481355634
3236333057
1794184474
174440617
2908338836
1038934323
2996187963
4234552367
702652847
880664701
2258202600
903643017
1228668900
3467573215
1185027403
1479799884
301741038
3273511283
1153012102
399357557
442100206
370056325
761578673
1890612702
865781298
2782586375
2603513976
1311422611
3319353284
2938088067
1214697261
3808285903
817998802
1319737670
179744393
1468576377
1249263824
3297083585
3247586245
416228978
1854639156
2219537510
522639841
1716754271
1733620892
106801063
2192795462
492037725
277918457
534661227
1146145404
2661478705
3350343459
368951275
3761506233
1268865015
1012348144