2117975891
2702247282
1665649140
1614141068
3661667415
1062518320
1351393337
1351155678
1996187454
3263972694
2674421737
3260684051
3001879629
336561790
1756075792
2583310241
4251444908
4201744997
3148832528
3778742346
2434076840
3882469669
3825233575
2345408326
2383268983
3871761082
1492130949
2554400411
3194396192
1708299280
1780557965
3675795116
1323349601
844203492
376072745
3536225071
2614804062
250104799
4029699474
944606664
560710493
3595245920
190742501
2343565383
3201237634
2967005016
3952063023
3319876545
2445706810
2247640360
221784624
2813425267
1418131029
2220675572
4197831715
2968225200
2914129291
1500855502
3848909517
191170
32457562
2535302862
2661257444
830673414
4018074518
1888998969
702809735
2224666384
4193462128
1516562717
2924171637
2918026319
1226990211
3779240334
793454062
1944227227
2950005559
859641614
269278177
3128661498
4230669072
4226848703
3551663208
432014378
371888133
1785915311
2755172955
877099484
590475847
3603852675
3366929865
1047301392
1685510709
2036791869
1675525261
4077866266
3822350638
3679913956
2723089409
3275570326
3976006013
3843800022
3776696333
1099533868
1675444625
3577142367
1884728094
1353736318
2881695205
288535080
3634150829
2898818772
3252007209
3812961001
2818248978
3479149299
3122976087
323738165
2195837303
2073853109
3131936106
4074689244
200843509
1382106010
2261366069
2549981418
185531813
2269386522
3065159243
3120666267
2842417804
3638901627
929089178
2353761531
1464281151
3623641240
3956964866
951010102
2931116186
1887612142
1082868712
2134942334
3015108519
2491090654
3414529108
2833621327
2272878239
4114954419
2398226104
707096330
3570391601
743718258
1908340105
4134067864
2578237896
1233295191
2512965939
3616813813
1409533069
2033805962
3752110523