3140411608
557159581
1002570800
945843593
592035699
3315273372
2869562778
1699376891
3591749728
3228123406
3631043395
494654813
3821356696
4099534588
3296148600
3236732515
2371714
3241483575
3898905028
369815888
32202968
3658861871
4078842303
90488221
2551072112
238696581
933986153
872592328
1224119685
2929141930
107595657
4210478235
3130304915
1931904492
3987191785
803994846
473561994
1667875672
1090797292
414596698
3055553903
1839620595
393473313
3969673073
2359955086
238300985
2893943322
1635572670
2803274861
1185611332
2730722778
1869390063
254433601
2851771996
3712040937
2524387276
3717749628
176483222
4040193221
1070297323
645697263
2881156055
2964777721
1294871814
1605574256
2002719075
2318388683
727883096
86116200
2870119344
3801634200
960289733
2660578629
3768832958
868467537
1818607763
1995133690
3080239021
3236022816
535064671
1460249880
90256499
3579958116
236898008
2525533833
2554827928
1097631515
375693197
2830034852
2607755350
3422357750
547389853
234405491
4023891480
3345470055
319925753
1151300631
1905976438
1110565171
3162465339
4050873773
2765033988
380457027
1642033618
3386787117
88976154
3947216694
