4154915867
1957936483
3287011611
2460937257
994874189
1694512927
4129651474
4042427414
2965243601
861451336
1205072885
1528496225
668517377
3668501204
1084032069
1521902503
1856226285
1593550827
3951909278
1655496030
3058326251
3413648782
2828364783
3693878410
2106010936
492582404
2661424720
950048868
3801278630
2317708992
2362879451
3554036997
3764800770
3767155398
4217733301
1132488769
527873814
3443981684
1336569547
2543683858
2616211072
1057203458
1426301075
1527302605
2862125999
180610097
3807672079
1257647318
3837046703
1616773274
261723587
3068808320
3524228339
2539274537
2964665379
3433838605
2157104382
2316151867