1935913910
3193303586
3524347511
2301864456
2603338045
2847277044
2144190890
1717465657
3999520479
2188963827
2194695742
1805508705
421159697
2054760726
3471848686
1167433362
1932923926
4136934103
2069835823
1027098691
3161116969
227877388
4072047862
3820396097
3176651796
1831237618
1493770426
2481720174
893100040
2471099593
2038118241
3059170894
647160943
1480988733
3036483686
1534419014
1056589593
372519516
568813590
535971411
3958593854
3515923525
204890066
2577739463
1357751620
3947937107
190382900
2008552884
3294161736
1364559209
499650708
3100891853
3386784791
3854781100
1852834879
4055538019
2731568237
1031739096
3692157683
