3306188147
2484409016
1548563188
887831407
2819350225
2236773783
705804137
2101108983
4038967821
1689692077
1542767354
3532544531
804676669
2739708404
2128575781
2454985011
3479486079
3667656978
1080618847
3881286934
371287219
4047029394
3351427395
1239974812
1052037268
2185986858
1249692619
3578106572
3462304739
3798691559
261814249
2452257132
3488484363
2856553760
564122654
2338814265
2436981761
452014389
2082459323
1747491741
2368353334
776125608
637857723
3005725410
211540514
4055899983
1739334494
1456477135
3751651585
896808631
3350761914
2986657037
