3708977120
3276849539
2242018973
2468708049
3652752475
1540350670
1540554400
3425856764
2389612580
2960189443
526784984
2666083185
3130497079
2521212477
4194913771
1610295624
3592567322
932372498
1153544717
2634908944
3379092032
3849750655
264951340
2630168075
4141666124
1424653581
4231129403
1311368955
685311965
3531864233
236524844
2391786946
975722778
4026352819
599843063
2689668348
841177046
709992348
4148207865
3990204172
782154684
892363
958969488
2805541414
1722557230
2953582879
2970476332
3379743424
3830254685
2354338964
1025585551
2053986066
1679397161
3048279744
314583915
1969367264
3502495906
3120824443
4006120922
232968997
3830947617
3947320865
3784555726
892174287
272209319
3769606717
2792296123
3169291443
3553909834
3688261434
545493469
1535685799
2331041951
48380023
3679408621
877815284
690538760
3557108938
3731280552
1516659601
1207725757
2229306034
3339684371
2252887511
2788187362
3612426712
549230562
20137734
3281957158
800120555
3933944091
138905709
2192109313
652682386
2948059028
4193143127
1685584157
1069963834
2776849500
1020822228
4136068808
2453609731
1963116631
3952137233
4290788876
3399827818
1604340104
1001749115
1644232518
3939453068
802389866
2521940999
3457047227
1789360607
1233986991
2834024289
865854979
845492132
1514786359
4090268604
413183776
3869207794
875124267
3571355197
2902316573
3992847602
259506635
3228514830
478072077
1083400668
3742639553
1879925379
2019074292
551921045
1752271881
1072441897
841827003
3553910672
2560721579
2134244436
1823407765
552387764
4277829847
2674608599
1964359453
1647823279
1848805430
759856900
1387187129
3259992713
3859418760
4153520919
2875482198
4218199054
2197845068
30517726
4029441049
361527463
954304286
3603397543
3331194181
1780958188
537516374
326092232
2269584756
3640487037
4241159256
897983200
2370622543
1457568690
4201399410
486026938
182553160
366690530
846579325
696913278
1407792458
539633476
2326776723
3317802917
1710579073
1904558538
99880308
2649748573
3213606366
2586365766
785565769
1588541186
656048764
2702484407
932303768
4060763860
3125847040
3034752591
2185247009
2608045476
4153621949
1969381450
2018236674
4250234253
4196241246
3167289975
3704183494
1211855934
2176466604
4033354771
3839211974
3051684718