4149053520
4108916953
737225503
2846270540
2279813073
2098411560
3668717580
4240099748
1151557372
2665039335
1746836314
1915074500
2400625336
1851899605
1149867624
3643253560
213753741
3703337538
2245976094
1877913264
3887918679
3834622727
1801928777
3884355376
2436486410
1515041570
2329722574
3391712536
2040828697
2409906296
1256521515
603471802
3445062158
3040804468
804111948
1329073212
29944008
2134597536
1703718797
916254257
1498918563
4012796785
2354873861
2308957068
612781406
241615117
3472781405
1782011607
3888836262
4183504508
3605464815
523442091
857208843
696830727
8517275
3587571182
2854369192
2090471022
1261132274
