2557782
3487561541
184777373
3541491913
3387752736
1110565228
508329593
1446768048
572014227
3774190858
1862199548
1927569405
3581169207
187248051
1264587632
3212831746
808154615
3471768020
2575871728
1123836446
1406554558
2869772980
4196294543
3771565381
676763057
2699895862
50796448
2604470663
3035487363
3077619257
3221474867
3654096715
3353008097
712879106
2326824200
2581652137
2931996238
3767258617
2327354426
260751748
4143598488
1494164559
311280338
2108595636
1228737939
314705668
2965459499
1447109780
2153188224
3900672307
1443605314
1910447533
1554766424
