3049612722
555964351
3297547825
2417843344
478056524
874707886
1474910019
3225848552
923396829
344643203
452935050
426315820
719832910
3370385057
3817378794
2675361139
4177873792
1621771836
2318976078
3768352807
328102329
448515524
2928764142
67363940
3411689800
2670594431
3748210810
315727528
1462163806
1587622413
921441212
3600313205
2554631078
521656981
2743834129
1075330982
164151699
3439925303
1769865337
2723622810
2043097873
3151799778
3974477258
1452418292
2150754477
2040166593
2920532880
958578805
720927349
1954029871
2464927918
1912074254
2138890091
1006178437
2346189818
1853166019
1042772247
2245356846
3295690060
2864414337
3740010353
1874913174
521089903
976350915
1486487317
1824054901
339951104
3603071079
3864256798
3589977873
45822803
1363641400
2698453579
126840300
897701072
845792497
2846717366
3403849450
3509645796
1089992583
2533755121
2013716546
913057981
1663061741
2276058599
963981243
2673837911
3111569242
2895006441
668717611
1441968043
1540086090
1359868539
220524010
304648584
2753523289
4009663365
4279941375
659873853
3310029542
1015612505
4258344480
2338019678
3401252821
2667684262
409316236
1616649579
182885519
659423316
220716562
2680945301
1179718874
489668652
2472549299
4051605490
2132849533
853520967
259559533
1577729137
1650841215
2454968922
1329220950
3254332576
567793513
941021686
1654010332
4285917539
3987718125
639345091
3006105531
1432408347
2018381547
1246793924
595809425
484459459
1086467075
3616399824
1675182601
4067207059
790912732
2208092002
1967066627
3206916765
1776094345
3504848588
156463799
3510448836
1409155119
2684562714
774996492
804132453
53161225
55786453
1589481180
1276382039
415397948
2416871093
121025303
1974058685
2965438366
3066822970
1231765341
2668988350
1549953029
2986992264
699576082
3796196769
2620485542
3805979334
4195542941
1066034889
2553530791
2778569717
318107563
340952762
3982297826
130262458
903555071
2331059479
4210297021
24767800
2368891953
506332859
94455240
846023707
806616594
1377661418
1601863355
985585549
1219966796
1557806307
890516369
3286672328
2786178417
3869483525
1802776242
403314867
83647424
1486173063
4078744282
2236717022
2411746809
1891745264
2997023157
3958160841
847615520
1189256362
2716899830
3449449997
3644397292
578138826
1057848358
910976266
3403900948
3688908893
1734978077
353162635
1112674302
1593797324
1409673834
181503271
1272197440
49333250
2221467400
3278666393
1692534415
4032440773
2051486938
1910340779
3908784936
2664525173
2993320200
1001242635
4225095307
2633169404
1401974892
3447881725
1546352264
2618132557
2156051514