2226127241
3094431052
2199504263
3210578796
1847176149
4219325028
383519600
970479219
1475364148
2376787693
1116800165
1730411458
3702992440
1431122412
4046520685
1587044230
2175601938
3365013455
4123308872
3274599680
2963212406
1644424788
378412023
1192019019
3429953361
2877623066
2695826981
939859646
3792018061
2817620742
126845526
3199772856
1899456905
1274869150
1097923861
701819195
647830028
528695477
1689614070
1691586903
3516776983
786854969
674999080
1842134323
3919046924
1997695517
3608624122
3935898687
872480164
2492227675
1257837666
2869313224
1721602124
1037585845
3779750217
1506121089
943113171
3224026585
905020809
761501723
1819575988
4021814975
2744865578
569975333
252789199
3184584759
730671035
1172484153
1173316426
2998476294
3222519740
781883869
3525929673
2422984392
2600240556
1139049542
1553355264
3196740714
1863562119
2908857117
902100103
690296057
1608484155
3782424971
3606413892
2772111121
2905295064
286182682
1420636763
810972617
569964728
718532240
1504057171
475902966
3235369424
43185009
2894482421
3092705242
2607181405
1110374107
2532086480
2830675879
2661625058
1188337652
2598208106
114196845
2387854188
1833369611
4132010665
3126025190
2856253004
2121787607
1451220117
2557657159
