79330565
3927967594
2863357921
1039886297
4029323863
657632568
2411908101
2281731758
3017528105
2199195870
59027780
2988162672
1086053517
2545096191
4249897504
1880653977
199535021
2438477178
2492416522
847815793
3405867202
2641356765
2542828734
1695063964
179007821
2212302443
4088565748
3182511763
2595972222
900715958
3881415432
567128039
563109630
1506692414
1886212133
2487798519
3519427468
1903974237
1594561940
3560545809
762920229
859081481
2869637578
1142163702
3011474317
3812259434
3364881257
3543148820
1365906796
1745365014
4210985641
4036587920
122573237
1349855404
1344668608
3855808465
3165880263
615012516
3422644212
2985203937
3353540319
1391969548
2466799968
1718065001
4044196414
1288994734
1649099774
2095391950
1688942035
2289536779
2410362933
1142545913
1670641932
1037038001
3204662613
4009966472
291852776
1968719775
1242583552
270755130
1800174225
1805678698
1831897763
697371424
3232947436
2582699790
617319537
1509474702
1539088746
2523053266
871968545
