1685256223
2566975217
2557376585
3693863959
2877931841
4290338719
1822851928
577104372
279156454
3719014995
4151006109
2089232324
682308479
1208200857
174216772
3259212451
1014330267
2924747316
3563673190
2423252496
2921549367
2237413976
3378529816
72491043
201419848
3365253325
50386815
3126241839
2064439660
2476560137
3837099753
1902244788
2939499389
3936668877
2706794581
316532545
1588889999
814530134
2953138308
1873042110
1020921592
180524201
3868393801
1742076952
1073701740
2277544699
1786813048
4054847184
1636818954
1572459896
974552519
2648228731
1146215662
3896916491
3647337281
436704615
4096417049
2466284535
218754466
2484592432
800377920
2420849093
266888436
3644398437
3009990018
3107203576
1933058117
4108685755
3460828422
2209155839
3818000568
3454306644
2014089543
4102426089
520489259
3524028580
2735401964
1334001072
2718303411
924670565
1921105678
3044899871
795929020
3289875494
1665578742
346917636
1808854616
731399303
1190507559
3739797933
4055455668
1957355528
4208126036
3553824669
1750796063
974720366
3959390310
4004892301
2887873995
2148337210
833455798
367346082
278323494
1357478100
2648236954
1306735406
4195802590
3919498279
911783919
2270432831
367589196
4032971442
3779810745
1793194744
3623044150
3269183866
3792260544
1399174430
1150842877
2614804578
2014187117
3267419412
1973297527
3774430651
225253756
3681724002
3501612992
2927603834
3152815081
3869683167
3925623801
305032648
3372079005
1527251667
3991525239
2130307470
1513485940
3458515687
840368608
401315767
2615446659
4020882720
942296149
2804474123
558435494
652543677
1016498618
1144259708
664418593
3868802218
3004336723
3785798093
3472371131
3160667432
3033487681
1408935754
1405876947
43315308
2880171217
3816710113
1868053559
1943060105
1486739046
899166749
611539748
275720997
1146408564
2642255546
472637741
2348884569
3784546660
2832034753
3325816937
451358241
2322838931
349586196
4207378660
1629334949
3124347183
4127086434
1886029884
2843771298
3971939686
878894603
2182228556
1186105584
3346946721
3641870752