3832447532
1340526859
1357850057
3896206956
1287081138
2078300998
3430921375
2033509897
194451371
590700514
270682544
1899988301
725689909
2987937831
2817664587
3687623362
1771999598
1834799887
2254771525
1278580074
1383995625
3601554110
1772335657
2630790707
855564367
2455383342
2913258929
277997305
775743349
4233537792
4054023823
3680086203
3448384171
2120086814
2843572399
698135866
3279504594
3332710635
210545147
2897066603
676376853
3201033721
247236197
1790847689
241580694
3072580519
664513189
2933462378
1505791433
3613013201
2326548525
4014317966
261948885
3139293140
3747496897
2972704936
518070793
2477712000
2198438863
757509621
1533944382
4019757702
3010883279
27553429
