916690004
2135492442
56199707
357326071
1637935363
540068330
1310613666
3965112361
1331171839
203302396
2784710025
1427225995
4230743755
4264169664
4026153749
2783642250
622426947
474317604
1967990067
2564266636
4231964014
2716642663
2710314621
2390446524
3269473001
43054670
4269349415
4034323612
2556822817
2780437551
3390760384
654667103
392134965
373084728
550732374
3619390150
2433600481
2830966177
4000730654
1520438334
2518917431
633550659
2102507267
1829113491
4089834289
456713380
2604618650
2977932856
1921620469
1509740379
307643171
1084638856
68547007
437412572
2753556634
3156640871
3082831491
2960565623
1817620749
3362483041
1427996290
3031199039
3124172963
3931360590
1512546332
69997449
1696887848
4252593424
3701906979
1418152244
995057767
3780207691
1929200514
2792485696
