673618752
1043088470
2325912641
2424161156
2191165039
197335314
1417378441
345331595
65553514
2221417589
263502899
1716462102
430664402
979241817
1877277709
498640965
332431152
902467240
3790219342
3420406984
1694422416
4111792153
3847344891
1593420944
1402464093
1229045602
1224256957
1884222730
3197565377
1888677103
187275932
2576587766
1133531406
3414364144
1047883037
3834799787
1888088227
387330418
126883715
2106933748
3220676828
2999437694
3128429044
2857270757
680382945
3454637027
4102903050
706068026
1430182529
1706045892
3220637785
1128115463
2083604887
2191227619
748918758
2824142127
1252138802
2037977365
3668562917
903771553
589096507
1546017186
3432256919
1791080715
1615763605
3589323635
861050920
4107647316
1297967173
4009079438
3107749834
2444273555
3536381192
1761778597
3597650271
528059389
3565249272
2736624566
3711621478
3315778182
2811431267
672039578
2345527120
2853399822
1356986354
116688365
541988138
2097305475
2686396345
3472439387
1659427092
576123321
2570303714
1285343615
768040159
2257909764
1033995356
2041315185
1421689083
3329531632
3485217409
2044278522
4191413190
2966215496
778636570
258168859
3196761433
1598832113
3591356246
3160427316
1767864296
3513897749
2383550588
3147707211
1722073488
3766229185
1243832105
1393091177
2260375529
1682311516
1297277308
1899986635
3291681013
2496500449
2250465288
1733259380
2960247609
