2254743968
4019071413
2064886990
1297156756
573889977
3144038602
2297213132
3487949038
1798012848
1259099359
3492779591
1129105460
3524760356
2526785153
2937773425
2562212473
978100086
851276245
256951214
2525499050
1529403066
2510017959
1180852212
4031263916
2008538989
1288053638
1215854496
1815919918
126421533
1742633376
232167005
1847767077
3776069763
3500899217
1992753675
3951239010
2557637426
4224878911
2055738
4034371231
139504259
3079796368
3443616666
3025209392
2214971083
2290650726
39732656
2071873480
3847269020
3987656549
131377884
3933160705
2079121442
3987124910
296291950
2074164530
4216770811
2412483555
4194908087
293359635
3139817953
4056823105
2009420648
586218110
3112199494
871217768
131151828
1328430673
1738712639
2781815450
3659816049
1936707770
1927299120
1645855262
4079876248
1777298669
3309402466
1160687009
3567526101
3650336384
2921176352
3512791696
938015208
1347297343
1797806912
2259930490
2865274899
3266311763
1592171771
1582364770
1053539719
728235315
1313229255
901991112
2209391597
2671130951
433403842
80848833
1175562099
1496480293
2634219670
1476756465
4181101921
4130368985
2884583620
808039669
1050422912
2359509737
288098502
437239226
2358220722
1969600692
925659204
1415817184
1452007687
2145436219
1144584958
3965520653
2849176197
3803331608
1078403016
1415117167
714088382
4198916339
2616997459
729234223
4184561784
1245157403
1919016111
1570745400
1458825434
2715690821
3474393285
3522421095
582919028
980269095
657836919
4238795672
1261289891
3376707713
2626411160
3325326633
3248596089
648931391
2127487237
1921123802
3491262267
3185725499
932231135
4249541560
2448465251
3115328821
935004755
2225416859
1224205750
2391067846
686211958
126024049
2299584206
3512442401
71520264
78058065
3661242761
4241843379
3699362777
1460286874
881718254
1414956590
258780566
828317894
1641044722
1579096107
949150744
2075777917
2952880671
3937329941
229650103
1209178228
1919185874
4180977103
2646841115
1798874279
4252301139
485142662
3193588206
1411644012
1376888060
2641395250
2938193817
4190563943
3936930896
3332653804
4003908554
10109428
822311940
1886046162
3432042496