776851031
1721428905
2560897994
3093834755
1278018401
711238093
918595395
3071570452
2805052449
3591298712
3522350976
3796938460
1378491869
1748436767
1897284110
558900187
2143381273
1530929366
2186136140
554283203
460884425
3965074700
1750366869
2733047315
469971525
451377240
1163772057
2075803974
3194976057
3312927245
4080237773
1165414819
752791946
843632704
2796916475
576645037
3369402779
1032407976
4206439593
2138728893
4166177910
2179684729
941546377
940102459
3592701824
3303313305
1571108152
1652728897
1414401326
2742455101
3901036658
2408585961
739041873
2706417769
486676332
2487515426
690037017
2385956942
990500965
3774018056
1379824865
137700998
2890929149
4185583760
2570875017
805332628
1149547776
871450579
2673211318
1291834011
774301363
989997055
546286861
3834388180
1965149847
1095511332
340206841
3199109249
1521745642
671874020
497878602
2281844747
585115376
190264646
2896151939
2169313340
224996489
2952357073
2522262569
1505306085
4056506058
11471279
1759493700
1425866916
3995745522
1043278177
4183592893
2461184767
918547348
107252150
2706797759
2105399304
462696161
4044294781
2856139595
266898628
1662319403
2118562702
1979403356
3525835720
2740023879
889108869
3709520727
1958758035
1496365601
1904610135
103295123
93562357
598499394
1944408793
3637147368
3888790364
3632772934
3871256046
4071898859
3947402744
3340946109
4290679189
2020658902
3436107451
1095186520
316261404
3763304073
2953617923
667316716
1170471254
491862691
392837586
2592277611
662999456
2604051446
1189743458
3285138155
1457802395
354799689
2665964539
3945191046
3803998679
808439840
349747634
1432456228
3887590415
1317911609
1940682252
2513815341
4245799125
2423340896
521405494
3454485446
1219424099
1450250045
2612974525
2591291528
2407744915
1468859322
3527579189
3819081806
2196523798
2624839317
2682974362
2436688291
1961223692
2636997831
3476481886
1604091729
1550806976
2074149941
2142356938
1045296183
3003886505
1160583013
700611885
3543518860
2508952986
72205285
2598016110
2764205435
1352101565
1340545636
4121217743
3098532961
2761956429
2626923696
2197418401
3340684311
2528828582
4044889561
1400722799
2592298312
195192112
4021995724
4244940560
2554602736
1647579302
3858296995
63644252
3731767080
3104560704
2128067756
2791722266
3232863721
4205843912
4031139755
2380115578
3389369907
1815552059
2220631376
2591668930
1275634687
1796104227
3050088477
712535849
3431740932
3662885252
4155046020
1031705699
1798169880
425410249
2322051771
3438329988
2049389438
860051471
2280820995
1483583090
326755903
1769280077
1561398549
3829359045
3409792715
3686787420
2595678531
3224789367
3442973935
3835617493
3451559698
2867667723
4206736532
2075957214
770698485
636806782
1903711104
1140008226
2156793436
195810708
4112314095
4283058101
2321185792
3637546468
1901292593
830978084
2427038018
3840337523
1204360131
3086165922
3570456618
2799995570
4091104104
907314601
1913631077
1518416206