2927889389
1046861448
71889323
2891345436
3254663817
2415343690
2549614468
3570314428
3474456967
874402179
2432178636
409279209
1851633864
2292369976
1003033882
3532225189
3472875671
3956831244
4112061877
1690750739
3532655242
1132995191
1149855108
721554125
847234575
1246033333
2369432568
1828208008
4234209834
517554111
2205003229
871284239
4106515407
3098858363
3541466749
4182292489
1864533866
3043003717
1577005488
2446561238
4036073125
4246309262
2390161292
206129939
1416104119
3396958426
990972440
2005585448
3328760613
742388912
545534481
807382334
2931530096
4011788917
4091209035
3170187601
3445588049
1537712003
308644947
1396832679
1988465982
425995830
282833115
3265762742
2374104739
889792671
3101217399
407677424
1357950006
4025807621
1339019686
1147360679
889457991
1182814350
2565793775
3939473165
1408285973
3714110860
766484519
141419040
2953269999
4260046133
575323674
1812881576
1226448980
2041595270
55393624
263956758
1866389563
716898623
58329187
1407300890
673819138
3222582281
860795572
2729585432
2494239664
1137009490
967802365
3604689611
4095936448
1821796987
1105494816
4233062904
1219303095
791973637
1221186130
2457917972
3336482462
916959901
194680635
2572468748
2558429914
206439695
3208573814
1636309418
1735465190
3840731961
3237822878
1754798165
2213201285
3951312840
2133979827
1311574219
2693696347
3102227073
4017538964
4066301664
322734780
2418003020
3644009484
2907212421
502152622
2328025292
2526868865
4171172550
415931419
168999760
1179690673
3268724320
4053969827
1449623075
3741631427
4188464283
135075223
3415162389
1068612079
2903852341
1362523131
1434522335
1992235483
1848492167
2340304911
4067190913
3610480502
2414926998
1877563588
20506275
4089322547
97738369
1372209267
772132178
2808533410
2882873889
123423248
2253296479
3854644377
860736357
1569919932
3587922966
1581868423
3236039619
1169368511
2248495730
3053117163
2196011974
1669203639
1244667178
2046515550
4025110692
598710532
1939835328
2719158837
299640148
154623863
267550529
1185461129
2280949871
919742790
3361534270
3079231779
334077785
400740985
177251997
1210797589
395451914
2500193859
559437171
4075163915
458253288
1022267813
3116066508
3516611391
988431601
1331547012
2361251352
2793415130
1129381076
821161866
2803767218
3074563712
3948930746
4078213051
3443804966
2367818237
2985816077
1353123561
940159914
4125047967
1699878524
3128599711
3430233848
2411018801
122128122
3915216813
598620923