2179867991
2416527023
1424953755
2160282593
1658051594
350556306
3350822494
3800685272
1885798676
1917923941
601687287
78852159
4184178710
1498316502
104118046
1620401811
2532359557
4136704275
4280195590
2306043949
2693516401
1744493729
4186582222
2160886175
2215664697
358370528
3797705012
727650264
2088099419
522114110
2586819775
4058747794
1216035505
2628735024
1850291951
433537558
972213148
3456737675
4175492852
3637546481
2189454156
740119456
971461116
2953734931
2245354957
1335037409
1283944785
1576241285
3472199979
3778249570
3120884154
4107436870
3065796681
3146639985
3330204464
760729459
1747512732
567368930
344364278
405751631
2407990377
2458098860
2766674023
860845248
850051358
520563302
2532518473
3850575276
2169601448
2592152797
1562505183
599621445
1679048213
744064054
2603355927
1280319462
1709074940
3633488724
3026538868
3868698595
759249892
545755842
2954696451
4062745391
71691353
4141481317
4248367930
1351139131
2428540479
2388615699
3384910081
1020076590
2117788683
3774811997
966840676
2348610801
3102490580
2200677719
889034592
1892738679
605835170
3217850094
39839613
3587528654
3589219371
612499694
3103472768
1090878960
2931381846
828776271
1143059685
168495574
4010276230
4183776166
1885978505
226214145
14346282
1007301151
1381908804
3656109835
3039255555
3557108360
212137800
3764279284
2702436371
859051578
2941135342
3394256894
1353299821
2464535027
406949554
64287940
298860294
4194572731
3037415407
1944138532
1504918091
279045710
2396313558
3966696148
647721343
2820153032
275286311
809947039
1166471576
86424284
1368146667
2282233288
3196705223
727929469
4128577020
284092811
4070670231
1461330242
1789803806
2478838112
3112618857
3002760105
1871439947
921853618
1086087260
3187427014
3800696918
541361353
3486913341
2642592929
3860686506
159099515
2799490620
1706205640
1933671979
928135153
3563579968
2348506628