1481395655
876820443
1353348080
1036977500
62362903
3108531454
3847991453
233430003
569306480
631711062
3024949305
873378807
2902866070
117743452
594090686
1641963261
4231636618
3113835196
1644164917
3226255692
2220968428
426691660
2750232268
3958462296
1902235758
1414350492
442338132
320142949
3370366814
2161391109
4000167984
1773418678
3034692021
4081619316
3990141487
1268293014
1562408530
1501775378
775661258
193712798
2149654034
8261139
270137463
2097108684
2500619479
1036543652
2568572763
2618425245
1443040973
468799197
793076862
911556448
48060523
3539449049
4293070351
2525738748
2937729328
2784088668
2026627505
3658404867
4272962743
1060388476
4058443680
2522740009
2473604148
416450308
2079096629
2510924732
3786374365
2466086250
2636866074
2444999897
374450531
3505677945
1340586950
4283973903
3530892729
3563181623
1503022364
3539732682
1613416810
3066495406
1591115521
2256725058
2234064330
3390630117
3268651230
103685193
1762500695
2096992557
1895578473
165889220
2438691229
827569126
383155240
1830521210
3263203278
2762885799
2804508954
732978629
357806650
781296450
1941903021
2093727648
2518884642
1129174892
492648701
3452779562
893174573
443205284
2531775946
3277816535
3528802698
2411378819
3421425369
1554768232
229686836
721748452
3787088404
4170134795
350185956
2121883878
4200187077
3837897476
2403443722
444747189
1255040628
4095080452
107250458
1557376095
200876250
4007274595
1219756193
307337571
2543693864
26388714
8251335
190601911
793259664
1995218370
283787660
1815293298
2121582262
865893981
1881309567
2686122931
1246097676
2027914226
3542919613
1947659085
959478413
3216490677
1861063192
812273403
3159683224
3976271766
2840109966
200582394
663346851
2156699374
4166799335
1779177322
433519975
3302652908
2878963716
1988692681
1116022791
72641477
3013054358
3116681604
3107072458
4168666457
62338687
854597144
2368175003
3688205050
1317371280
2256060359
1210046642
1666876073
3061919441
2527094443
1527923415
2944434714
2333833088
1340582139
1330975539
1929083912
1633512392
3993993464
3613214898
2523367351
567926568
3954716840
1418072297
3096302752
211537747
1552382351
2108090988
3952340574
3930713090
911348471
3759402823
280846413
4276474816
2329660186
47592575
3313817088
4075904709
943701771
2346748007
748652673
413286871
642266322
3867068536
3078219924
3009829714
2824893480
882759031
2137458892
3320681408
39778037
1207719512
2340271777
2356076956
3399903418
4042346940
2792937193
82119543
291483104
3473505312
2080399538
3114879735
2430487174
1580432240
1919647933
2109577474
3483793542
3723354622
3663920322
2547464505
2384068997
4197919719
3671792692
1471389019
2574383411
1926718786
2296575753
4179323316
3643512669
647061323
1052599441
293044845
1856313