1175295727
1195415812
2712041023
3631491083
51948142
2095655725
3369401295
299575624
3394788331
959907983
1029987657
3113336653
2527300755
3672033029
1380482571
2611544444
2168070935
3021548702
1162809528
3178707283
725007412
2274445317
3852954700
2010988311
1313514205
3136866642
576488895
3516398879
960479389
2277803542
53262645
2029497206
3934546876
2927405117
2081140145
595372572
3354192112
1630893424
3735408065
1287900620
2419429440
2972835651
1485316479
3475129120
2432865684
829889156
424171117
2377566517
857068584
4140474866
925653644
1319898632
3194357866
1423352104
2434962146
4206834751
1628629053
3996230937
4269328169
1231181513
1403684455
1074570496
2869045022
2477192658
3552056323
586748340
579617503
2580067698
3608782024
37319669
954289829
2329907260
2767094369
3130301081
643073510
365872279
4126475266
1355423093
1840616103
