1654839036
2491706165
377680411
936634156
3797059573
2674640813
1756706454
4157558767
1409508141
2016800594
1991971410
2374552346
1185744120
4211762096
1067697079
3812650937
3982753757
60560992
598427737
3447472246
2139977749
3314958417
2876254305
1730272444
1480830117
376336624
3804962619
807105099
153626179
228714014
372327017
2935957327
1830253441
66757090
2479083300
3425696309
603749204
3109133529
131157802
3202051250
3223398219
2934188001
1392406938
4237416697
329740713
3845679309
1893101735
3532041618
4277203334
2070001981
3624064686
3388562077
3929891125
2287904115
1802366174
1507556565
2824153175
1308923936
4059453235
3903780645
3586927593
2884042516
869193093
3997039161
3483211086
3602085287
677654757
3876391905
2502994043
1064050919
2615521824
1860184802
752793097