1102415847
3845756646
886105893
1517977579
1874189910
1429776977
2413748408
1963054992
3679343909
537087441
704515137
1955767192
2328073712
1343984614
543201495
2049306944
3969964054
621660768
725866900
2876284293
3638663220
2312492687
4179996037
2803043654
2389139706
576544776
4031656350
2219966555
2841241680
2942219107
180271537
783035374
3596579088
522260205
2258864624
3130782977
1956046132
3946584158
3371612498
1616752981
2051258781
1876612625
3684583743
3424014839
2496493123
599541593
3681374771
199392785
1032776237
