2959137184
1274917660
1059899157
239172654
429082376
524665211
2774044592
2557582218
2377076768
801061755
2692586934
172593032
3546658202
522725386
2739817457
3605886601
2020797015
3454477299
1851153338
495543860
2686418615
1137843736
1959437635
1914335603
1008111533
1700355658
4183950306
908052790
3769045958
154670151
2320491321
1262980820
3238671214
1922662337
538655670
1312793264
2060113109
2837222937
2847516362
2138368913
3147472974
4083447890
2231708094
2552061881
3606981253
3852713016
2096694510
1716182072
2281048274
1584284758
1290657125
1774874860
199109338
782878744
337428697
2828752708
4108112944
2836133769
3692508540
1153394123
3778880680
20066627
1520549406
4263793470
731948171
700160219
2864468921
3755704832
2976635810
1302443243
1501239914
4066221878
932859034
3195978124
3061209885
2405438109
3414426680
423456881
884200329
2852878766
2284870234
646702721
1089973763
2595918752
1309841640
1450987918
1596787077
1240137505
3191947900
745314287
2173559157
2222547941
1943999156
2444380062
1083863315
358924677
1883469423
67721423
785183115
1515966211
4065069633
148649014
2695542152
3505838568
600981877
4262853956
2258038943
3335582182
3827133248
4063533269
2845754328
4289931379
3709036004
3982659993
143478316
2152092241
3836616720
1758539226
707539622
970598509
3062519398
2901709237
1256830073
3562922257
3833631848
3445403897
476536228
2170539690
1043558495
1110984861
1112924078
2418126442
2489590091
3107184255
2813529811
2838335509
771387981
715627893
2613372559
3455225513
2127691176
4053068669
3864066194
511893012
914039542
1354761446
1843177708
1498715420
2285466143
687190491
2158314360
436099610
4277676519
3176395518
3919230753
4242671213
1086042198
781142014
2378333732
95033471
1936756957
3091936978
207789273
1247409969
3790283651
3377303738
320702842
55867004
155264377
2771841317
464250758
1796848442
2924332923
1329179650
638942471
2084882594
1385247978
2854411000
3978551054
1490490411
2185483667
2752219629
211424962
1735870308
2740546390
1336259195
9512074
909296460
3112073299
293169915
873212110
3437563670
1762871841
1428538779
604728557
4824328
2417636744
4127555180
2852592738
1290891235
32125184
3546052531
2400411673
4075206603
3004285967
2540318500
556507883
10479778
2952988654
193081926
3593127338
517635163
1927952056
3313766306
1084104707
627010450
2105003245
3645256325
253604237
2089699308
3897225397
3995147448
3829945232
530496595
603081529
3850173323
3589322046
1297012631
1853392543
2736447514
957490231
2656279051
462688798
3573834029
2320438222
3876246119
2101994059
3462992533
2781794671
1210826623
1702111876
162753484
3810343645
1568902383
1614050095
2820966651
714053445
57330642
882445161
814458705
2888802071
4037523072
2017417161
703642499
1793383258
3071589857
319418071
1049862356
4067146485
2997409478
2710263660
2285687320
1289276472
2774700677
1750998358
3708717069
1132861891
1467123509
1823237993
1792686
176699775
2171992369
3508388332
3650817931
1041410791
31227555
1219530131
1039796057
2862733060
2001572
753675038
2701958725
1400918622
2545397332
1690026666
1008057628
3360316327
2984321436
2113708864
634716592
1955048754
3829373566
3930393865
395774486
3823417980
716812974
1443245638
3321100718
2078893568
2130614337
640076136
1427462702
1465693103
3214307987
3957465817
3523512389
694889142
3793090951
1695866199
2521211281
1297941716
2006444758
2936844470
2893833481
2977130413
3755115514
65063942
2338491112
609148086
1711143929
719543035
532601598
3319424555
1942151961
3118124642
494084909
3707652548
2146562306
618556344
3127601865
1656389075
3244939600
713210477
2939531342
1798486398
1494073491
2558722966
3505685496
3967587502
1957571791
972691152
2114070375
457252112
2083341395
4290706432
510785554
4175788618
4115782895
3675316321
2741691365
2639728930
2726707167
3429322320
1027175731
2557129685
3407592564
773683877
1783673168
4105847581
694340504
48746425
1434277351
2746410200
2075297342
2049414112
3525688223
2892577766
3498788961
1267553065
603717613
4287678060
4145002702
2437966084
2119462149
2385419640
2038131029
3182525487
3759527047
2869620512
3310749635
1811952457
582559319
1108600156
1331618723
1158229298
2075498987
2505524354
2989870035
1657254848
852399086
1539173151
1309452012
1160096652
2004858611
631406069
2236174765
2879568043
2753183292
1289834532
2656584833
2498431870
602561678
3412914355
754629913
1759024552