3760287704
1365395287
2040472914
555025816
3476422867
484804837
3928663012
2595426938
893893813
831580504
2337679724
3898454480
3330121719
3496348334
1529146971
1314717482
3149853918
1740669238
3406946672
445416573
2520190162
2017349847
3059559580
1658053224
2332315800
1102965041
1434398548
4274416417
123619285
2805501776
3917068576
4046376513
499757154
797911452
2800058112
3477953750
3810924002
4154911198
3361511749
4178715239
3522326573
895126664
1848424155
258083542
52032098
3774023936
1136909719
2042413583
917168553
3131302170
2700558615
257289342
1142229024
2607621846
611823153
266081606
3574134652
3973320297
224172542
541006778
2496019879
1314072733
1019827164
1154699788
1554822672
3703386810
2242890587
3398856312
2364515805
2843114230
4184067834
3786518337
1589878579
810208257
767939165
3088929919
1415134570
3732744132
184999330
4141343366
1793064639
3264516697
2813376620
472636728
3045969887
3651093649
1061072335
1865610587
2361027128
3397927477
3585735186
2744097041
1025619754
760144634
810070615
3119976370
3852766099
2575556728
2704550335
3040744107
730365424