3538552532
2233280520
1181387990
2555150611
1257803866
2129014547
3865481439
444899510
3298511934
1531545773
881581807
1813753867
2536907481
4257344327
1051538522
1825885199
1635371626
1906131408
1974775122
613225400
389075579
3531795210
2924378231
125715165
518218273
3599752216
3397613203
2083509762
430912607
4124655761
2000893718
827339466
1220592057
2944196680
2675444846
3245279465
1130640681
153057496
1200026217
103080858
591090355
2800409570
3989867137
3361397960
174280611
541045985
3962314561
4103337083
1101048203
399664291
2886511728
3743034838
578135332
121354399
2502972270
993163701
1184637261
253865597
3129863127
176914656
3813189823
2957063909
3317790983
2106061220
2180822701
1236111206
4128298164
3676262746
1415080336
2730021083
500651159
2477682252
630623545
4132564701
1990158018
4028204532
1432304685
3737154659
894143923
2921519999
3541356045
3796051389
323746875
