1232759954
2175759601
1495746977
654278377
2533277729
2348379668
1777057385
2458651098
3943189211
2115497934
3091161612
2279484005
3514392394
3277612569
46889777
1993841551
3728757731
3753680027
1963603716
3176605227
3106321448
1555198768
3431782848
2401354765
727377281
2438889540
3891680923
3771444922
3561507998
1973173469
3323383407
4197594483
3606676040
2674313092
3581278040
2426828963
1782913053
426341054
2153400451
2215335029
3139646776
1930721296
655069135
591394172
3874493764
1762295478
718476321
894630444
1706497039
510144176
2078896818
3586357194
3274095254
3986732555
2146316688
190323957
1892955230
3667050047
2601292849
2572568511
2689293548
3202761216
2488748962
2386554890
1260338646
1222351873
4065321969
4245406640
2360749075
3483817327
1340352337
2993064079
510601947
3197542852
807256708
4074221844
2331299038
1237970387
2885807705
1024892281
3410577329
3408810266
3265739154
895388789
2976573406
3247678617
2677812233
3401951538
1989113734
2267524200
3489141757
2804065966
919935361
1790237114
4155992295
1782863739
729380500
1738970836
4166232766
1400103543
2436140846
1789196095
1562721726
1622575405
3062736445
3322891579
3890550614
2349926149
4242700784
1585014690
2676486450
3563066694
3271334544
2971494622
313592746
761611664
2367350599
309476187
2307645756
2149529742
2620481886
2953641447
3188175040
1456292542
2736696232
3154573798
4134161076
2432729551
3985601512
660267733
3914608704
2271629315
2104073570
3760859024
589395848
2072052491
1926558460
4240978937
1176770562
1425617989
1122419517
3802745407
4196553700
589527255
2497142311
1835533752
4165919754
3979725599
1539317929
3400668092
2958818046
837113564
3790151353
955595148
1530166230
4288681153
1063487032
1757189715
2851975012
4120719756
1817082461
3827681579
1652638582
1476265739
1586525845
1330152859
4126757533
1802783776
2028533235
2707606719
384111727
391722958
3398896357
3922171914
219589751
4266031320