2957627826
2309062976
1732400788
2165413870
2855269466
3232966468
3642755834
4116220598
25349616
1768009447
3377430265
3185711738
4230487073
2664024323
2021308181
2994781172
433315773
2620976020
4009072390
831693442
4100685330
3823667588
42327293
2492147947
869608953
4158567353
3834719601
2345387818
3231031230
1499100571
2876701910
2245221359
1556991788
3645150629
2797121865
2206723213
2348182333
2571351197
2473307530
4103497748
1988867450
684781443
885608880
169832623
400557470
2966622046
1130378043
2992992210
2934009444
2614684403
578906611
2952912212
78158498
1457555476
854667507
2471027342
2426293922
1676338326
2255070356
2554979390
1663538302
1534933220
1428639882
1766306842
3854355904
3685617082
1539778011
2597905448
2082943760
2649661929
515671166
2266584596
494524925
2598406397
2267294981
816863786
977127839
3452972877
2675509488
1259483803
2754019270
1153822404
1159766513
3756874107
705818749
1503085962
967955374
1684339021
2662062235
1945486542
2108472734
2232963953
58744692
4116892003
1003689130
3400210717
2814332046
3261204111
156191445
733048302
3041352455
3509915453
2302276719
1117112047
3847948376
694996821
2086628798
3630936498
330468016
2765868058
675630316
2200080612
545881099
3989316576
2925386194
2599346002
3880191887
3922279289
3529232765
1300253014
4229642567
2001810134
1640064631
1972325094
2520873966
3551370607
3837129000
2233138162
1628322989
4279298116
2593232991
1112383500
1529205860