2270609186
151261753
1523042996
3003573764
2213295468
1461423706
2889705398
1844711300
1000270425
1006776707
1016443293
614176758
2990224237
1667280289
2529623798
188914833
1412117458
2669124559
4018991964
1872214599
1613771671
1640484413
692527039
785947177
2164656251
3962431289
1999544723
2845978171
929682215
2628332748
595442117
3555403737
1775113563
35673084
99259865
571167471
833399330
3487808955
747115632
520569563
2780458771
3626975627
3580943169
4121368310
734037287
312886621
1349290786
2645036583
3913962231
2207312259
2739092254
966696705
846510913
3773996731
1949645695
531280892
3624430957
414386654
3729668225
3753460048
3860181261
1257114342
4234401034
2826869593
1654769064
731946830
1327660453
2955464883
3428903641
56815498
1643818815
2857418846
2557926140
2724178247
4234155082
2968128585
2768339504
1444126527
1474336804
587800801
3276225671
1832795820
666719544
759326017
489784349
69148936
85435942
746374302
1388489452
2172013942
3570758821
3313236183
3425925449
4167271420
2348344478
1118473700
4122209460
1942793561
1013581810
3357013441
3856673458
1020508955
2344343613
4165687249
4220892409
2993623025
801315953
1152124520
4037071678
3569698273
1896342789
2727945929
3654735823
2281311969
1431301162
1878724981
2470517704
1528532949
151696728
1831916347
204666099
1526250734
