339817829
153602457
2724289255
3001003079
1669694359
3100010988
1820588930
3011653947
246209983
1274606984
4159774585
2276649345
3359983162
3310491665
3078344796
3075891924
461301050
2108607857
2641661421
467337250
1812088081
330168566
4139270062
634212863
818874117
1276331092
1563555589
3119121745
1133670397
332353433
3728711029
1209128734
957266867
2868260679
1716784860
3298121594
2708385890
1869952932
1439946849
3270065169
3066225519
1607703564
3691939339
1736598144
1534506979
3291788721
2974259452
3995938135
3489154977
3746646410
1365174297
3122141192
1968066014
213070255
1997872772
4282041813
1356883309
314984911
3755024030
1495392083
3135570414
2585003621
165582619
1997627402
2384025420
731996062
3226613968
2491115040
1233113437
3492585468
2009619672
3370196151
296230490
1674050218
2915205088
1497995837
955491124
3184198586
1759172161
2341658702
2896035801
3707132004
2002185104
1760714167
899796397
3130182483
735470526
4260899318
4030657977
907327275
183609407
807930845
3598278352
4012085851
1704181344
1293933064
533817607
428980668
1288170460
2173200102
2530158697
3391274565
2865674831
3448361018
3163009475
2176233182
3206854706
3365826374
1047727340
1986680461
3930565910
2360487553
1499720108
1964987715
3822470309
1183328082
579341950
4008695809
2683214952
2961104462
551018713
793921566
2849538513
1105525663
4020824125
1845504897
2398875062
694077927
257465528
3846700009
354767838
2047076717
25784603
411118436
1333788810
2651865645
2227978872
3654348273
3086053540
580533536
661283146
4030757618
961439433
3621320298
4168091076
62239625
3717930773
3117835923
3425499378
4114997230
771907190
108719831
1192640385
67172053
2384094634
3842500885
4135014390
3336098510
3678426292
2560422709
1878094628
1429941595
3525040061
247285813
1950984121
2093631924
1106676219
375361959
4259412623
1083220163
2102240512