3128497652
3282167811
120240429
352627075
1387893591
1139816362
1259938503
848620007
3181302955
101824922
2408039435
3311642322
3100024425
1198797281
3511416175
177898293
1523430771
1283881808
2487628963
1629300126
560485984
2877209605
619296401
3165209310
2373180005
3789295069
3290900287
284951475
913481051
1990917170
1383432352
1546257961
3381000629
4275080500
3412939142
3476244935
2243063889
3611984270
2578944086
1193889885
1361292243
2324017343
2006181521
2117920625
2856554216
3954396455
837334951
3433023673
46742751
1517033532
2693677273
1443197771
1809309856
4114712907
1572093926
547220523
3997757323
222302240
902927136
2217844764
2878535481
4021304068
2914847202
1846566804
4199382050
3980408208
2183316667
2257624341
636837458
1434665113
504367102
2434535367
2312151029
2838686203
2062700803
1431715464
2964011687
423094619
353215517
2932221754
3002052968
3126278305
2786002982
3434704622
1372394906
168812900
1775290608
1847818453
3618298187
1070444545
1729766614
3428921358
1556268330
2249452136
2393221936
3716231471
2638707508
1351973391
3473907709
3856513219
2261939820
1033769703
2244516687
3128020874
605730216
506257541
277138693
3097807285
