4262776204
2907162358
3546940252
1884198841
4012578419
1314306497
906428357
2645041527
1575492317
3394285974
2859312080
2335086592
198065220
844247300
195098261
2877540606
1099089906
1669798717
3556779106
3433467768
3093440317
1888226321
882946681
2736356710
3570241922
2116377496
3563938588
287335843
2114665202
157610549
557693891
122374427
2611104755
319418500
1236146124
1173111907
794225307
89437043
2026335324
3327338365
2693160222
722540153
2071539569
1757928543
3702294096
1011859385
717186883
578922379
2626940011
242405740
920427865
2998493547
3585298039
2438714525
1607219378
2863079850
3329967134
2994802279
3508571332
103098401
4126357517
252652952
614016014
1289932622
1188239741
869241259
3300419466
1184636471
1036046247
823303148
2399329875
3690169170
2774470701
3390402031
99578636
466213093
4628905
459013603
755139596
3514837061
3909653276
2948697456
349970784
2970782210
3806129008
3869617560
611362798
394383737
1037863365
3738724572
2927252228
1925764723
3643206953
248481208
1421733669
191333598
3293771695
3595299121
3975100510
2987787756
3726858632
3951312605
2324374783
479850604
2121723947
239468705
2385000711
1143870358
4160714105
264087287
4179471285
992532774
3917445633
2604806728
4238470606
704858332
3075698410
1979005262
3022157632
582220087
1396337567
2643491965
3069459868
2660350477
1532561177
1349752127
3173027175
199982433
751382558
2719373253
1750009318
1381698322
3675856616
2917387546
2842245405
474765011
2675421539
3816844298
1959655096
1596504804
1583266415
105074646
1094483202
2415806286
1407816228
3889808596
3420897052
3516288295
2826517911
2725372376
4080792080
197891786
2669077170
835686636
3446787251
227133143
1108591518
273406297
452310059
2104762509
1252509588
1897184757
2205101878
3427207398
3469366133
3691783676
770044132
2982358425
1639098914
3950746504
4218375869
2011404164
4023491653
1793482496
476483967
2188357244
1188782172
2872543535
2635235323
2235661190
2848824527
471823493
3442641430
3629391173
3322742531
4010160043
1334475441
2422546731
1688655403
1235611182
518266978
3851005947
835198137
1854088269
2185479646
3741679841
1781086734
3798586586
3497140532
82157015
1919118636
1744727175
2644333297
1574665533
3023160742
1181822041
15267119
870070158
3243221086
2167480066
392424221
1218679720
4125696801
2217541728
704462990
1307633632
4253800966
4059627578
1110779628
383796000
3629159672
2681481999
1183774255
2298519839
1302690846
4103717020
2358761689
811626472
2064449346
3824346499
2737415618
4145335581
501570768
2822936753
36183960
2024476779
3432979764
521348749
1047204808
1727107385
3132157076
1398146659
1348112922
3124496117
175259841
635061085
1958742579
2711800278
1759021557
4245658075
458214307
767170842
534974812
894198678
159361489
2954217400
1697314144
137534844
2272122137
978903231
1045197316
839058942
2153808862
528595941
3305888811
2758771424
3939665051
3077160061
579164707
4086236311
2794040625
2037775969
4111482344
3279117483
911941393
1413392825
3429133785
2792513994
2588915901
1661313991
121347633
2359950410
3233599189
4240927805
1177393201
1603293786
321910583
3563794099
3481400342
1044002372
551306739
3210202667
492075946
3139763408
3031926423
575950274
3112819242
2270042594
209612049
1619873400
1661804857
1084081511
1838836999
2052233232
3746883226
341073728
2991001665
146028125
3404913885
530412577
1478356959
2305101314
1809330026
421196442
1583036143
779736593
3647771642
1474833704
3317708727
2141352349
3574389131
2006910979
2798702235
3711818115
2107982780
250686245
2977496053
1208091951
1860365835
1113961205
2152945099
2365614601
2611223292
3768426913
3708511425
2966574402
1909423146
2586033679
2884611047
821187419
1263566144
4151119422
323587138
3471933676
884059931
4215978882
3524803312
1029064656
2331308557
843823324
486288429
636749322
1883733745
558353954
1835190461
4231034248
935060987
156543116
949764400
3206366865
3348525972
532148456
3448471677
1269872448
2824237056
2033156278
703348607
3368884503
3961194376
653416032
3480079442
2256710554
3684160467
2552574416
3581628562
3837510850
2083389265
2850775608
3536021402
987285353
1494482767
2888989094
1459169689
898722752
4023800070
3546953109
1036736966
1397996404
4001540402
2794119698
3105569980
2358225301
2910718066
1531817660
1447833063
2460036400
983014575
715193528
1160065108
1979002379
3010599163
3227269482
922991160
303958349
3010044955
3177810743
1593691782
3116433435
4183673740
2695953105
1755656463
190453113
3285106890
2955657305
2126390173
1301105149
1238314798
1972126346
2003565032
4283667906
3859315820
3694515813
1002443524
4199387433
118513774
3616531083
3131460277
1376107904
3403964532
1836816438
3527286503
3551594487
3171111587
1285575559
1546996810
3539682320
1436076358
2173848988
3306221125
3369957834
2504354785
1764800350
482761712
4024956042
2431631997
4223622729
732931629
2509393698
1260257314
3929401922
815732876
3361354699
3960465517
2981588063
3971457574
1838806225
1897148113
2846825554
2569572778
2923111169
2526480072
4046321398
2360395239
1011529875
2880744641
3904071307
1558105869
113626252
3764876190
4020397903
2282250489
454314945
806419893
2423765314
3962085229
1238670749
3745893215
2277735864
202100593
1142506949
4076417979
2822633528
1715565747
4132996659
2384181573
1422044029
1534888134
1673893141
1152065316
1826602805
2427177916
3650864616
1877701678
559502361
1028226531
2628734098
705807403
3350325778
2042524199
465411779
2644732362
2156642528
2225797389
2691503181
390381408
501109518
1843972302
772528288
3044844830
1542447471
3282348519
1681099802
1880293154
3410708992
2284906981
1915581758
1905314444
1750599034
1915394771
1520441689
2965575174
796624536
1381745045
2289070568
3163598163
2907878736