4195002671
887063255
4130271034
2692987348
3450700291
2730694152
803237488
1431604863
4137932010
192146915
2739234496
1297373067
3164876695
1825350131
3722622753
1571777894
3820255883
4293625142
3313835268
2820440977
2586730966
46504676
773335748
4143785235
4025186526
3806177037
2246781923
2943936671
1359458336
3497647197
1906621997
1202250745
3368650866
2336658934
1548849634
619964959
1331455727
3305889690
1649063669
2410330335
3481545228
2972755099
2054495895
2590746543
2965066543
2287801121
1528553006
1953194947
2052169698
587942146
2750163448
4214833473
912650719
107772190
922266682
1316546817
3785394272
2379942461
18729723
1464427183
3303932941
2792136082
750453326
511098060
814629990
3102423963
2635387915
3158288531
2582121168
2315753502
3995382874
3940261444
317890349
2213431126
1747183672
3754110889
2172925342
1732149656
131301859
3963480489
2638351027
3415648284
1191289847
2114237215
543079144
3944453067
3366155781
3171399920
1689785433
3173732460
3167291432
789595844
1874832635
3690219316
3873796332
2146941962
412349660
2192728092
687545657
1968571834
323625195
4101244245
1212254825
2575543876
1730283662
2175382005
680190479
3367933989
1791160576
517606003
2724066945
4265407295
1916076284
973263152
1592434784
3441423442
3741114415
2596993111
4060227883
119838612
4272712088
4204471643
3478311105
1491167069
1563609349
2583663373
2721468912
