37858636
4225389064
893280775
3833050277
1635671489
3518431022
1580544326
53474467
1051970410
2266241146
4005610279
4088141026
3728561467
3122762019
3287190653
4247816285
2276861488
559765104
11487312
887136831
2945227944
2787402632
1255936959
2886177272
1874466985
1863890506
3717038295
3810363564
1772226235
258429943
4107497931
3126948527
4075578686
2530745381
1739740272
2624144237
1061822214
1891424941
1511440803
4113098044
1664054537
4072396395
438705225
1460946969
1372977517
2266798448
4234595678
2505434857
2628491180
1115021487
1507653340
4115952373
1293964946
1915047250
4116718627
4147338620
804773703
1393849826
3059898965
1027169161
3130680753
408131928
781998871
38574209
4089123125
2039879985
1408462371
707230824
2965799744
395965013
767301072
2788839465
2958651656
2069265410
667509047
772016994
3607080629
1906644522
2561054259
343169281
1223758305
2908836531
967018570
2962611018
1250015888
2753527874
3667651860
3602707939
3775917911
2559869586
154809824
3737995488
1608299425
1370367871
1398888810
2753314415
4039985061
2273296418
2206538444
1478198819
3754922815
1299490047
3439498479
3890888571
2208743265
4260349495
1064140482
3963200481
1439570297
3794554706
1395629186
3003888997
2524987329
4249825272
2655685718
2101052576
755293896
2160805556
617020747
272463415
2368486060
130858594
2130825726
332150689
3865421796
3595155399
455867226
3161016675
955509549
2850037819
1923947800
3086742817
2925624080
3101128535
2864504119
439559711
2778796680
715442199
4148240358
3063143444
1144787833
1834103054
1558152349
1100712780
2860707082
188260177
3202382844
4238622854
111714788
1175413666
944580838
3624589513
2013865790
1625665537
333234944
2713735025
3929025037
4111746230
3373000089
2895910134
4137494710
3137311605
2089237107