571933804
2699605682
3077358563
3204843376
2243520417
207690809
895270189
1924022948
1399720420
2236752361
3585527731
1693089793
2957448207
3460732586
1354299159
420923918
2653688842
638726321
3713579308
3008208861
2991435355
4073162291
1344646047
745156663
4133549428
3942214436
451864204
707336702
1920237758
1487832674
2398305466
3106642031
2482146924
543138412
3466358983
2487281049
946089480
1974346854
3231972748
3023689453
752844959
220000501
3434328671
1516115253
2396339469
1570660034
3831413814
3848557192
7852259
597884809
2464561412
516617129
1557013343
3437833377
3533562097
2089841337
2809972391
4292442668
2661160169
942592484
2749542813
1558571298
3297971763
3249293348
2399863800
3470765980
31125465
187712253
3487827115
4167690461
4106260841
2083070848
2416330082
1899396267
1901290497
2229808809
1433149840
3720499549
2915952055
380478439
2492836062
3053929886
2641340378
901937781
4106829495
529793262
2815841122
1163443267
49753618
2745514146
1179191563
3023252601
2053388585
1432683413
1002484519
4293259515
2259531654
243068560
1129908767
685687194
3584623986
3948258130
518604782
3069306469
3647528219
2017768957
3112189890
3058640113
1716356655
3354357932
1242696113
35945116
819382578
2389071234
1433093170
1687633226
1205148371
945669585
1693464894
4234148364
2926065276
2547867681
3376158235
