251669026
420439783
368306422
1440963922
742948410
2600516329
3993107085
1556069842
283307233
1416893490
3802979928
2179756238
1095363044
4020631179
777118034
386126501
2522931147
1384273547
1660678897
1729744877
3444738920
1794413976
1636154607
321282514
1508836144
1880635445
1467944359
3482864598
2960059716
4210297464
2762502730
2393511918
4036094546
2692322298
2543659132
761292324
554051081
2272089969
2187747488
2867278565
2637445818
904493216
1874266671
2277253485
3946229933
3724425725
914132840
146329269
2399623564
2927198340
1637287950
805658539
291857628
2578309706
