988702411
526464648
3040359027
3413772008
903755175
765837093
3522307720
832994988
337493485
913545066
2054314635
1944793220
4288761950
4287099335
3985140479
404998172
3355636634
2537856872
1772747069
2369620462
4182199073
3629953682
911772301
4164740734
1105457648
1932782581
130988571
3012120340
2627126421
3931389185
3941126315
3194762264
1236811529
3478808762
1331948787
3864197893
2177209416
2923405237
2393289202
2538582700
384972570
568799631
980696074
2541351360
3629376346
3809946120
2612528383
3139770592
3216168437
3618757979
2579921396
2182987532
1438699066
695077011
1431202921
500613651
3021394227
4065763944
1189753504
3815210274
2648852238
3177584775
1626073212
3411923885
2562691590
2344980934
4128965076
121976574
1001457671
1221520497
4114049307
2051665198
4185378876
3575422294
2902897770
650912621
2007396605
385502607
2019999229
791642503
3262975976
2560260102
1075637479
1703329080
1550457522
2922275698
3187168677
293441654
1272960492
662313146
1695007158
758302307
663174153
1055711460
4200971164
134231723
330929417
1259322341
91477637
3828323798
322609252
139361818
2955995810
157896137
867711740
3039080225
1092289584
1749942367
2408519575
2508232943
2192486944
2128758814
228745350
3366992776
1224848068
3817797923
593826753
2391985711
912411177
2891096172
2374064800
3337032053
3853416863
1055372544
685330563
3673789392
1389526510
1662601603
617280576
331805938
938958205
1450960961
2579907906
2746135305
630969803
4135206779
65291162
4116223138
1809897642
2173863319
3073680136
914759023
1077187407
3406809464
3088251753
2450910729
3501609620
1428631653
1509111546