1357491929
4013620450
3830999333
1077769497
37559149
1513051133
2852342181
1790507240
3239280584
3445377698
1947272985
4179243266
1736524463
2913300389
4132472951
4015553013
2704973951
2771003472
4111073563
3183928060
3246769529
704565177
1023894010
1660857905
3297857838
1922729315
410947094
435428945
2588813671
3186840785
638203315
1183848137
943631360
3938972029
917719746
984656666
2904084067
1102460404
3152723105
2422572204
3277882815
724341688
1873741902
3094151393
2133522968
3612944238
1340931736
2428047290
3899929338
821223167
1571685517
178815766
2643718132
1416161174
175421134
1370377285
128032373
582396913
3371502776
316493927
448448483
2901012304
3645397121
518503878
2034351875
1828446259
3535454509
1271288728
3848927772
648427246
2354360259
1615589060
907191731
1979762624
4099640261
2549707193
2408100811
3161302815
3467831110
1452687121
232258707
191892791
3904946030
