1867674041
4118453787
3418568315
3603236336
1328001822
3984307920
1639769898
3885230042
1067143998
2223212852
1373807632
1738325650
2937662488
858780677
417269870
3837336247
1045080769
2231955805
2403885401
95463967
943087192
1280990901
3375121254
3438741614
877606088
432362247
3663920273
2174134269
116782793
4107934636
65192204
710442167
92208058
2621217669
2828321522
2940341990
2778028431
1897158333
3445162610
523025949
3827661424
2933079568
3959045243
1014410304
3363593186
1273954404
2394241010
1936600521
2046059295
1707954016
1367196808
3313772542
1336972516
4197815712
1426826544
2237336532
1286163771
3575551292
1692336075
1114469575
2327058218
2143247487
824519434
2009629819
1483411182
1450049538
2049321820
938488512
79929763
3356258965
200103876
3441867879
2569864368
551281970
2848226533
3299382763
1550643977
2398010927
3726534212
3150133881
3028446605
3892684138
4071817201
747362505
964828473
360027766
510876884
1934934119
1427396187
1871812238
2991947075
744898184
2054159817
2114962862
160557778
2205471495
848277777
54674414
2667751441
1038995088
731380104
4068588211
1085489318
3663037519
2625946749
3718755802
2454405275
526541410
2310216808
2521728230
4092715082
3857472095
1272138928
4245066358
3799784342
4024812973
1628706987
3481268421
1186022339
2517892670
2085453070
3325841584
2773208532
1768731993
1065666551
1474305741
3232857354
923045413
3897757181
1577286432
3374090899
1928740143
3782775981
4051122876
1016938065
4170654241
3872800705
1732385253
1930463421
2955689380
1365633466
3203541822
2660241174
3528180940
2488371431
1683049775
515106567
922546653
2267481735
1738277218
3454851362
776553073
2980451373
1346052376
1208894578
1671831943
2088576443
2252988980
2303691561
200072577
1501657251
3567575923
1686158465
3778051499
3960020474
495144085
3324123730
1691815194
3020566941
2578024023
3280398248
2234246782
2751242028
1724986126
3620815667
1019962304
2386240822
417346504
1864988957
3776509232
2379712052
1010644941
520689798
3819889689
833110114
4081787814
949830456
545906118
2005059152
3211435824
2676141628
3092968682
1193206473