4195002671
2391958676
1276431921
887063255
136499001
4130271034
2692987348
3450700291
2730694152
803237488
1431604863
2458883116
4137932010
192146915
1013487805
2739234496
2835121635
2750533906
3098752386
1297373067
3164876695
208611996
1825350131
3187829841
3722622753
1571777894
1217012780
2381031986
3077039033
2372220100
815055316
2915415310
3820255883
4293625142
105086144
2530572731
3325706107
3313835268
2820440977
2586730966
3568983751
3733936375
46504676
773335748
4143785235
4194853260
4025186526
3806177037
4241099026
2132771833
2246781923
2664654708
3068266102
3464772621
3569296279
3067002644
1947360292
2943936671
938314663
888753355
1380010560
1359458336
3497647197
1906621997
1202250745
3368650866
1327522917
2336658934
1548849634
2569110027
1759571913
619964959
2647792359
1331455727
3305889690
1649063669
938163038
3561762283
1209002363
2410330335
136777513
3481545228
2972755099
2790543233
2054495895
2590746543
3799599953
2965066543
4024581672
2287801121
1528553006
51698305
4019405207
1953194947
2052169698
2472035405
587942146
1714037447
2750163448
4214833473
912650719
107772190
2107302422
2039625019
1225321489
922266682
1316546817
3785394272
939936056
2379942461
18729723
2879420477
1464427183
3303932941
2792136082
750453326
3474522426
1238604898
511098060
814629990
3102423963
3762078252
2635387915
3158288531
2582121168
550122655
2315753502
3995382874
4166821679
3240416640
1169212299
2942035455
3940261444
317890349
965185987
1154002398
2213431126
2703838249
1747183672
1823313407
3754110889
2172925342
1148848669
1732149656
131301859
3963480489
2638351027
1251763012
3415648284
1705729653
1703141603
1191289847
3649472008
2114237215
543079144
3944453067
3366155781
3171399920
1230716413
4144355758
2005392351
1689785433
3173732460
3167291432
210884039
3827891405
789595844
1068925362
1874832635
3690219316
3873796332
2522045858
2771210682
214472040
2146941962
2256436555
1177742599
2657414645
412349660
4178861917
2192728092
4219119211
687545657
1968571834
323625195
3306823715
1155645519
3244039011
715085860
4101244245
1212254825
443699077
2575543876
672022500
1730283662
2373011338
1148665215
3295360654
2175382005
680190479
1082446234
3367933989
2597522135
1791160576
786626625
517606003
2724066945
4265407295
1682443004
1916076284
1993529085
973263152
4208805912
2190428758
1592434784
3441423442
3741114415
2322693119
2596993111
1953838304
424516921
4060227883
119838612
1930402437
4272712088
2170298335
1115163058
4204471643
3478311105
1491167069
4100460447
1563609349
2484145056
2583663373
2721468912