2710410463
3864867607
700619339
1834057297
3617050360
1578553200
3381717599
3709941977
1084245723
4230132350
314385213
2482339005
3822627603
1374177932
131658434
2550386302
2166842272
701023071
328852882
418970583
2791729367
1402453954
3810657847
2437954440
1189276012
1652830547
4067150596
1426306554
2000804643
4236229764
3052735952
3104210856
3145425766
602673175
984708958
530204552
3698713311
3808947208
89359960
3315045082
3048465344
708095793
2647421099
1028778742
3016716024
3854535626
471005053
213396194
3915223572
68556713
2293416655
4114105961
1156468058
3723050099
490910524
4049536223
2633329113
1680642382
191775658
2091222346
1972765910
4196549462
1322934987
3955181862
4227586645
2748180829
2807067552
3742390170
3794330735
625828167
1838233324
2744863520
645522286
3146303282
3508185354
1726284290
1869553659
1540276044
775186789
1221630318
2138178934
349145435
1603868923
1744703778
3359328164
3014031089
3009067330
4287424390
2623917307
2529310544
3022221936
