3183660553
1985171591
996018486
4173283094
2655315444
1844941204
896299359
909223443
3224735251
940536859
3432134438
3688175652
2364873628
365876384
2408369376
2205307842
3678106576
3843793624
2372488043
353705972
689586572
932305504
1516356272
3543796613
460890924
1256288427
3983285350
3097967491
3968704958
3308301535
1411835240
445049691
2263255774
1816578441
1226248241
1191750722
4213343353
1786044154
1395355177
2560268370
466459814
2078438578
2078382711
890611556
424945511
371442371
868350538
628704921
450345116
1142041294
3071510720
2608303345
2166705624
557891065
3348712200
2491230213
1172580411
2920899607
2188471710
323481654
3065555408
2575513330
1604890103
2769105868
3817860603
1585052598
2340482102
2144619879
2795494653
264844694
1631159530
