855347398
3649173945
659866986
2826214609
867301057
3631730175
1061418090
3979914263
2530496133
3540878288
1210969358
333087284
2664207491
1560437179
2333630783
3084969470
265210861
2638349462
351674963
2989081447
1292671340
2181167507
1464444427
1981627480
3057864131
4001669712
1673062275
3322976882
479340671
3096797359
4278575958
3084310975
2982018686
1127988818
3248543157
2343019284
493857425
903424526
2790114568
286950154
2533846112
3622203918
783243708
2004184704
3942862157
3205531662
609846716
3033520244
1465245330
875141400
3648843789
2468819894
1251195060
2294985465
3796695821
1465198259
2211507176
3576208344
1975758035
632940414
4267671032
2775372459
3904609332
1575641116
2659582400
3430822565
2787257875
540154107
3464928645
2711068841
3054039025
1967407442
2939983790
4008167820
1773436541
677034086
3256538033
16040045
3777358041
2334786645
3380580383
3043215323
3007583044
4125496066
1568013785
235317449
3791858495
3634978159
1517100099
2497274253
1990955862
4244410877
1731045772
