2221696309
2793249331
3072572721
135112557
3298694068
90401278
2433499187
2245585863
1387961627
3712854621
1330387580
2679926268
2618507787
2969303221
3818681428
2988735775
1104199659
1719440510
149805059
1852692430
1363911767
3462805880
1244844075
2979974272
1518087743
3676055253
3425487995
965500502
2654122881
4280880842
4161597215
147053408
2381428000
680990724
2753482245
2454677022
2101590629
2194382319
1194920509
493412623
3717977118
3160128120
2263553010
4047794146
1918499668
1438811960
59852252
3419132248
2671070356
