3795045255
813586161
3455981715
3855246781
3605795378
815580780
1438538295
676279500
2920643384
540640143
2269299955
4011671044
2528441229
1054535649
2431229902
1839486950
2870860024
1084228997
2925271117
2916984184
3738095120
4161897956
806311859
1097099955
3605967398
2149384591
135483179
4214810118
401952699
904581645
107040724
2976645555
970520364
3442004536
3932839723
2320823417
2940103311
919420057
607283649
3773865505
978970085
817387545
3283400702
2280415752
3499379517
1227656691
78666332
2484565350
842040316
702639094
3312691324
1395064482
703561288
2699314799
3933175088
2412348588
3359845213
3664812917
1145946086
26418764
3469187935
3201788558
443666935
3119137353
135063140
1592082078
365078664
3733650061
2994626466
2581171776
3741351999
825087570
2766053808
2692125620
1906689931
2605846591
837955861
4149922439
3235897225
4049596174
2298983577
2550613619
1105586823
2132563276
942144801
1020793135
2992607533
3914869215
1963556049
1809924274
270196586
444563710
344919193
3066233481
1099492845
2707445795
2109018374
2729347039
675875056
1770519674
911333139
403299257
1168627511
2496434250
3710403057
294934915
3693391583
1299953491
1402239832
933792474
4119387158
1791829383
3143103370
3553870400
961774218
1175207464
1925965537
3990468168
1131972677
1069488639
2201632959
773802237
527501535
3768075121
2050249570
2558449998
138721365
2693726659
4081775339
1834595282
1782066500
3366636912
3655882370
2403506247
2110097560
2509584935
3475300156
816730237
1483172244
449922926
3739370030
2448308770
451587280
1676376255
2147480757
1915625347
3830146552
1477653598
619318948
799910534
2542588242
2164777990
4183235374
1668227180
3950341619
3598489668
39674561