58281551
2254983039
335804988
4205825476
3438793089
2113430698
124399727
908430877
3140463158
555964643
3465014364
3022208129
4127389083
3802032758
4222719044
3785426402
1645466139
856972946
907903396
540788013
2780447384
3937704282
3335649886
908552774
3772396440
2111358132
2759944941
3085052210
313868410
2755224544
495121406
1733101123
2401557559
1935127254
1202244376
710582684
2861284474
3601837519
890932906
3931884325
1705816227
786033433
1715258507
2652738803
1699972916
4276096193
3291387099
18813575
3477717641
2394198896
1168139080
2416697655
2188105192
1222318253
3994897500
1715022824
1523067722
1699498270
1239393757
733883077
187278106
1464651405
1392383353
13339408
2619438550
1448049886
4254618796
2650411241
2063959015
971036995
409151107
1953427507
556960984
3735646699
3706308755
599871738
2746520243
2461486201
2329450574
310898240
3845619467
1472072131
3561924189
2219146670
1992351171
3133800523
150551613
2562519824
3802426915
2593560722
3255124636
2649979412
3307122239
2423247131
1010489020
3107281264
2605640894
