2221696309
2793249331
1668751303
3987829789
4089763554
3074703129
3072572721
69539007
135112557
4267684951
3298694068
2841566371
3119862615
2512511057
90401278
1270045097
2433499187
2245585863
4252369628
1387961627
3712854621
1615359911
2912330745
1658193235
3199884658
513590786
2807289428
1140275782
142169270
3873074322
2427622741
1330387580
1582185538
1746480883
957423962
488836662
1481216181
2679926268
2618507787
2191786715
1682659825
1328642544
3914726866
3134369181
2969303221
1101043866
1625372417
3818681428
3052585175
3783760585
2988735775
3577076505
2670014147
4213223139
1548692964
1269418903
356378024
4116124610
767917899
2934306471
812131753
1104199659
2023538102
3489945849
3859640849
1677533736
3283687701
232979996
2388781703
3518320873
1719440510
3614587843
149805059
1852692430
1363911767
2392616751
3037880052
2916105621
3462805880
845937105
4175511034
1244844075
201848966
2979974272
345261874
1518087743
1732822221
2661933317
3676055253
2579086946
3271190794
149870900
3425487995
3362693215
1632159205
2998421622
714761988
110069789
2516375560
1242382270
965500502
1202350069
2654122881
3959080732
3017803552
226173580
4280880842
3428329480
4161597215
4043316072
147053408
1581475971
3470921386
573255854
2693375587
2381428000
680990724
4184700029
1894603379
4091923554
1769833624
2955244014
3066036906
2753482245
1223628741
2229603116
2454677022
1173355135
2101590629
3506480220
619648943
3174296785
3662830859
617245488
1921157296
1660695879
1005754135
3157393037
1850194385
1957557717
4268511543
938324935
2680481756
3571618475
2194382319
1194920509
493412623
3823470857
3717977118
3758954789
3044179792
1351176034
3160128120
242745626
1905861983
2263553010
3629198884
3231258157
4115612838
4047794146
3195043066
1918499668
1209785586
474032032
1438811960
1447962147
59852252
4011747762
2629956583
2822892587
3920302754
2073987911
2573209228
3185960744
3834665379
3019075854
1903585072
2752622992
3419132248
2671070356