3341597686
1776973100
3070220223
795530767
715079414
2078058901
2251812334
362085199
3646493536
2668913452
3484402036
1571445808
3307800816
286843842
2815096243
1963322051
3944353528
2150514781
783120387
4145705806
3532440038
3924109503
3657445647
1752857776
2756467174
398768704
586052482
1166453036
691973700
2856066018
1236234598
17841429
719232098
2244747298
1872043029
1632932902
148183536
3555218074
296999046
2899014133
1555966093
2926327987
2052665179
2682766700
1075339320
843032669
3631742842
1906726597
2620811475
1818539066
422083953
677379919
140657137
1826182131
341698058
1200418759
4207055806
1206805367
3071420704
2149910231
1772627667
2655604632
2357227106
2204308640
3868847756
2230623891
2365542947
3389613774
49987578
161771302
3748672493
2112829222
1176856403
