1550667298
3140983919
3207467707
2768604186
2810014274
4191999733
495864104
1891607539
539112802
2838774629
3983482949
3497572360
4015949197
1738111532
3159544704
3561477272
2702795600
2623518543
1441230584
251738995
3086889754
75437686
4070700149
3671819781
3938606909
122325576
3811560335
692893183
2626568504
3028114378
2697350147
3939830539
255724545
2967683881
1041551835
633009069
3610402762
3516866909
1290847502
383236495
2853805679
873938592
1012111383
2591563180
2473329470
195040633
2503769619
3330402557
705493939
4083668445
3946211092
2910931841
849137439
3840001123
1006971444
2311222243
1257932741
3511772889
606373081
1005114439
624886041
1135790676
424208963
