2863878796
1759650623
2012871189
1232149739
3378444973
991859598
175489020
1932935395
2253818475
2205257131
105008117
1346457461
1713786603
3606309867
4220490421
4095163211
2318020122
991922136
779457067
3649133297
4204193630
3622833619
1778223436
3866872074
2680219338
2509924819
3276470259
4223524851
912204585
1385350486
2593152448
656177039
1250696358
1110518933
1407622486
3134134806
4061207529
461286285
4291812445
3177865088
1733825279
1261960068
4161102426
2942737040
1070567068
2131727942
3732573353
804180909
726187471
2132799096
2166618085
712242283
1945076172
375979814
896970530
1981091269
