2777607534
2944317989
3383442133
1316214721
707762955
3211560222
2893234242
25738287
3576491426
3167086678
3139837816
503435709
2722454184
3478851754
2569498348
3146239382
2532300728
4199730542
3760948088
1636668338
246554478
2999130949
2490934808
1461613392
1642724258
2962161218
2605382525
1302812174
1548238779
1888881825
3191885375
458445275
1762822648
1990889266
2989961027
3765348598
100080046
2879789477
1406568927
4083219729
321105871
1947568321
2812401018
3277158380
835455420
874553922
1148827063
2331262165