3162180250
4280203501
397417439
274652192
2287640508
3059495602
3291971439
1648843858
2444105644
3300926214
2654970970
1053991215
4170803664
331808455
2264157618
1302142311
885040180
911462130
3195470314
3483720257
3033008870
1293196866
3040273853
1599671943
3181366086
2971718665
1188102091
4225155923
2438368992
2109747217
376625809
610366377
57594075
1305554600
2429608496
3959450554
2312756448
296528571
2099376830
645018407
39382198
1765324409
2081333963
429040266
1517111897
2002698457
4024179274
1913387717
1790175339
431966663
4074197631
971240874
2744078354
1951520020
3453248225
3075880489
2659066215
4093359550
171437341
1524454835
152864226
2970042284
4251382020
3508702940
2263129753
27762154
3175571267
3286451224
1929793967
3762721554
2962672482
2687879252
189592376
4145707240
2177885121
3896066597
2559516879
1295495489
796133027
3185735196
1412247581
1545210378
4162632410
3283278190
1183475928
2302067133
2944164407
3398469292
3650525746
897283228
1235933856
3536820022
3147872844
3813825563
1042271504
3769299110
2885088234
8112831
3403757982
498996554
3437089087
1904589626
1136899642
631700210
1403240169
3602646156
2498618071
4084663584
