1499802182
3759480101
1820377407
2817622714
339817829
2724289255
3100010988
3910321977
1820588930
3011653947
246209983
1274606984
4159774585
2276649345
3359983162
3299447082
3075891924
2108607857
467337250
1754385185
1812088081
4139270062
634212863
3893611044
818874117
3162530370
1276331092
3868525319
1563555589
4034395541
3119121745
2205877128
3728711029
1209128734
957266867
1716784860
3298121594
2708385890
3691939339
2289288449
1736598144
1534506979
160218520
3277671399
2677063482
2142572320
2974259452
519886192
3995938135
3489154977
3746646410
1365174297
474586065
213070255
3694202836
1275563750
3331481605
4282041813
314984911
2675130813
3755024030
1495392083
3795926111
1958165235
3868907325
1391726708
1233113437
3492585468
2009619672
3370196151
1674050218
3052623529
900783002
676248237
74216018
3538601384
1591753771
2915205088
4125913177
1497995837
955491124
3224448612
2049674852
1056437376
1879445088
2341658702
3195516492
2223006848
899796397
4030657977
3598278352
1381864803
4292606112
4012085851
1704181344
533817607
2530158697
3173102368
2637374687
4151916621
3391274565
2776034225
2865674831
3163009475
2176233182
2808374354
976560972
3206854706
3365826374
1986680461
2360487553
1964987715
3822470309
1183328082
579341950
2027830038
1769942059
4008695809
641062318
2683214952
743139018
2961104462
1722724926
1233173497
1240416901
4250228953
3412096487
1121836928
2715083206
1357854805
551018713
1105525663
4020824125
2331140841
1041821303
465366551
1845504897
4187013433
3846700009
25784603
580533536
369070009
4292545248
311336963
2991334254
661283146
2551292320
961439433
62239625
3717930773
1841423564
3588172698
4262728347
4114997230
3748181906
771907190
108719831
1192640385
2384094634
3842500885
630025541
4135014390
1055159988
3253983283
3313131291
1668870000
2815349486
1584093999
1950984121
2895080972
2093631924
375361959
4259412623
1083220163
2102240512