915714658
43601779
60427541
2396465856
2777144056
1510439902
2461674949
1006955630
2402901302
59760310
458637613
1684651855
3198123257
3800381661
33901327
828525736
2833876884
327896824
951410233
2223499350
3908852446
600104093
1489477896
4206552208
2566059173
3806288047
4137962516
1169414819
2699882382
2514527841
1270571779
1440808746
1624001847
1036647182
1803232979
531910188
4097033183
4085994404
3433234529
3917569599
3802411032
3300006977
3345746183
2313588121
2763499374
1485867217
160461415
238075067
266201554
4040782775
2228529264
1117523338
3219194480
2966864628
590427835
2649990446
3484952785
1091864644
1844541154
2133181283
2702621692
23603785
2983874449
1969933577
1417699798
3892943769
3800695631
1253759573
1978369269
4204161154
1369997651
3789985704
119166929
4122264177
3113918887
4216618147
3610981367
2749792216
1991001211
2546776507
3990262058
286856286
2080823320
951127189
2830341033
157591439
671549995
1999333260
1237022534
3121959594
992056023
58908484
1562961890
2898347807
1457471900
841151298
790954492
699127348
3521172466
2876185000
523219841
459352762
369091633
3660148335
4024699633
2078351872
1178039774
4087524259
2665542080
2132686482
3185536997
3864229263
3095715893
1367212470
1617953033
933701723
1091559458
3416452185
673048076
271977522
2423636629
133436834
800455481
753606852
3859317597
2660657494
450730407
3241130907
3752995068
3096975666
3306268735
1601448634
839314762
400756355
1774056041
1682370433
45781515
2613225017
1668215157
4000577857
3333499660
962764035
2358752921
3410068711
885711831
2865711295
1701365933
2507538319
3294678661
3355107908
3637622714
231874672
3286787601
3322371680
3056101481
1253838468
1508893855
2866154917
2382628718
1362199263
908900848
2545069840
1666247034
3470475281
2150393461
1147856984
2961679655
2741684792
4273829318
1555994617
3308379150
805659942
3800024011
1620530325
2326091680
2875475474
692162161
3009588992
2762007548
3066479472
265463750
4198827510
1349502842
1000019364
2272407291
3908219117
2780127308
3540395495
3592592351
1285517296
2759839078
7780814
3101340657
342737140
3213643888
465673707
3721563762
1004384997
3426523433
1599329294
864145783
3067703037
2478552944
1254425154
496222326
2486296250
60932824
3581365576
14283996
3957253982
3317214451
4006463436
379860393
2005800370
1531403506
1543115879
1399908804
4035458477
4048900810
1276086428
2853616116
3375483209
2155712181
4058667833
3009483253
3465859055
2374608272
3426372096
1693837877
1378156023
3508975547
4191339868
3950668137
660904456
1852836531
3548710347
3699536714
1842663657
2285284967
1916459758
3832349841
3152349712
3435480923
140799427
295848256
3725512141
4280305064
2233935285
277192305
2990617312
2994218629
3427872876
255175304
3104013157
1295788365
1822008786
1850284183
2887177479
326028360
2486855952
1711736367
1816906326
1471161297
3214669794
2825742356
415856570
3638099064
3779466114
318458342
102684782
314781778
1478301690
2721078262
1731895126
4069188859
3365220445
552457615
3249982145
1050757992
994160130
1720428304
1763124601
466157934
428618012
735973240
3789029858
876163655
1247449707
2947341070
942853889
1747254938
165556530
3060105959
2192044141
1239388437
2065905775
4260982294
2852311323
1874773201
1260669954
3132987846
3920828563
2093228592
2444208048
3614368009
1537317575
708488876
519042093
1655385544
3947839757
2144971421
1942044357
4033205607
2616985412
1957786563
2781960289
2822987402
3695888362
1713303505
3332253981
4148906610
643415828
1383594039
681015190
980093151
3459229378
2663130353
1522132408
2644466189
2144895368
2520286828
4025479545
2700390069
2160852691
3676561804
2882001328
3034284033
1822244786
1632769003
2100077418
210604623
1971280481
1588956141
1710119619
3841010628
2048584927
2913013270
3746554751
3281632759
2950579501
3403131030
4219381619
334977469
1018712992
4010616032
4075753014
1194998662
3240415697
275662749
1663090044
2792696930
2436815485
986793475
1770112819
731450184
2628687059
2484539251
1982437906
1167238131
3996951000
1386948605
1975175629
66265566
894859351
379126705
3550376885
1687961548
824414178
2803553865
2798893443
2249081856
2702517323
126105710
766376767
2725998315
2977647775
2083649190
2733342004
3519754226
1775637682
3246325064
273279705
2840551763
804370937
2337959584
980123640
4037227799
3733159676
3547297462
4112186715
2108792320
3231172841
1341895586
3330182236
1385526497
2047774649
3640980720
3997522442
3623422282
1121254919
972218820
331888447
1144451315
1770980301
3242834258
1767359491
2711843233
504828210
465877186
3453893871
1985084184
1328575368
1532992157
1083730423
4251608067
1945130699
3969538771
1764966289
1229391253
4273658862
2044540635
653447602
3150666674
4026772266
1042937124
3012535475
4022221678
1280353966
3709469755
3380844003
2985576923
1691056361
2008354215
4122154960
756293181
3895228183
3696893103
180778493
4026076140
3174699048
3768696363
53818106
2677030043
2587115472
824563505
4248371840
1750569068
1920656019
1233527808
251486113
3763428537
3071991544
1545069472
3671714604
3543876136
41703635
1321171611
1777557796
497283041
2822762241
230937821
103543986
742029977
870945375
1775110631
1671619759
2950350182
2973933183
3962299949
2989235098
3949291887
4117813919
3533360970
8200332
2940026767
3052930632
1707878040
3407254877
3537247373
1162916033
2615017124
3747916256
2462552785
19351261
3501098453
3342120145
1682839936
4000575054
1354921205
3782827106
2188674595
1573426720
160659924
629623583
1966847355
2527874152
3199593754
907284495
732472791
2458997998
1983174874
848368
4242211014
496533884
948562269
486315193
1584080698
3971057885
866437486
1474511358
3785007068
2438922925
3031255238
2284232831
1895321140
1256535232
710498365
2857250792
3021816007
1046730339
3699973926
3671916617
85492154
1010517703
769411332
2662175457
570688861
2172502296
1250697455
1246543961
4009023383
2207742615
2284696944
2136317079
2811449564
186954713
3495946894
2161623898
2417975381
42281613
2160086133
3612156321
154881095
3567561122
2148362892
3317057650
2443614791
647711541
4210409690
3474134799
1450394278
1972065734
2731825467
2237313522
1303585036
4028601168
3651200662
1609836778
60332411
1170340770
2581265171
3623261516
3170442132
2929851323
4261677364
2206686760
2751934560
2195887269
3977222727
2264617825
2499541382