419909698
4149855446
3417408045
628115657
2864251231
1051885455
3376159676
247431010
3849119425
2215400597
1853955068
1866947610
4274012646
321193102
899059366
2208212988
1343353239
315661322
3575908638
2220329947
1497163945
835135428
2363601351
3103007408
4223411173
154025828
3250408504
2244977048
1821309915
1114525025
2293777394
3428226001
2399459876
290575347
1119126716
394192050
3833805799
2914033540
133803394
1953692398
1060903370
1897159348
431971990
2768688766
1893897970
618176584
1540389451
2964915095
2835385103
492574920
2158371488
1877780237
212725638
3052203039
546767066
4268272841
4146268458
3156153401
2735174843
1784649569
1246390000
1111836040
4277171721
384665767
878318200
2867934364
2539431538
682401096
2628338559
2112947427
1678625933
2266733460
362954512
2278185386
1712026802
1884549511
907941144
2113125373
194780941
3059168093
1074016979
2002590467
478144649
4045413098
2717537288
3465549211
2381558402
702366689
3534383816
1039497267
2185968762
38463641
1571649045
107561968
2823153279
102755436
1114024513
2843891085
3328310356
370336335
1712667348
3147975452
2659044152
3251291666
2787618394
4234897826
1784768327
1474239073
2455581481
4070381781
3128599001
1426795966
3431729699
2618335821
2191025591
591743784
2432732270
2214670664
2138541409
2424499308
3939019504
485162334
1126065881
3769260988
182567307
3536630864
3052069058
3306807000
855938716
2932799727
3227901198
740748178
3899371121
3807974046
4060689922
1475203293
1789410792
1222840413
3539729
3215707716
2024650901
3308844375
583415729
3464031507
2014490486
1027327808
3865251337
813679187
953509514
3665129829
3979923494
1483852082
3782825224
3103462571
3851798361
4068480260
2451769079
2725270343
2333442710
2746014864
1348593985
817832245
1313660289
1980934311
1335938518
1212397072
3711362657
3178321078
3326588665
1152774510
2555444812
3221390558
1430153578
2991854500
2057389875
1019996723
1066670718
3711223240
2523164413
309142718
365040689
4177783039
1627841106
171617457
3588579860
3501755204
2714263568
543959470
2994155122
2578946782
2439777608
912562638
2049829556
705998868
1616177288
3506604379
4026350489
2525662775
2013844940
3430626570
1755783703
2459452055
3038470945
2855031733
540452623
4094511060
705216636
1485579174
3182793519
3478119116
4128904638
1980915869
3096683797
1157938425
65537942
2036901918
574120157
1587985554
1012622676
701926733
1348141809
3088107269
787812553
2888799524
1162990816
3736608291
1114095046
2906449699
464481451
585252093
3996970814
3128158429
1940474872
420557366
1411238552
2983779865
1069427320
1418139555
3100589754
4452929
4204856264
1687971168
246554563
902927079
2309495139
140148243
2560586180
148776777
641299681
1732170501
184514919
3472253115
2940068367
2285552350
1158403385
1826900439
544412448
155113566
2750649690
1187501748
3902266875
3248360885
2783802530
875214588
1459505959