3163768961
96759455
3853087304
46647237
140980910
1232908084
1473177152
673332876
287998517
2281492629
1767557177
3612417513
2464024408
937018928
1816004478
4148406291
1883694408
3563903710
3929093031
1851331313
1758490947
1439903000
1709624317
1675747645
2992572921
1120791421
3837136800
3549792100
3804313983
242067183
1365117238
2926686033
1675676710
1954737424
4219062124
3061089144
3886660344
4012854471
4150459626
724498395
1306245515
2425802229
471475425
3166328113
3292956234
2752327600
940905075
525923507
471602743
1904195747
1633711110
566252639
1582169889
2443097338
4194518043
910073050
3259183397
2193466904
2167888387
1280198202
2202687532
281193565
3395512484
4218931750
3854511108
1666523895
2539320212
2909987588
1648969303
3541953205
1033653229
638569636
3064544276
3557417016
3460905009
2311916931
3049048944
311710394
2711634780
1892680333
3475555962
1332506905
2470078743
1256325496
3029231251
3813230230
534832452
3387831129
4223091046
1978364022
3967731630
3288114401
1119949774
3963305824
3652955052
1390346731
791470384
1406553552
2520965356
3739198677
123187393
383635127
1755831448
3043210259
3540243383
1666742436
880621426
1514073118
3887906778
897831897
146537257
1564150173
1618822538
3123180389
3000423788
2357544299
1455445202
526592703
74406951
346294728
1657019099
2595782608
3208340458
806209351
2252668591
2812089837
799789168
2740390135
3006509901
3777668339
2937002419
325853547
591141705
3417267368
2326012480
3506419907
1509873191
1434802911
176403130
1532951036
4255334989
1990902249
1638322965
619149546
1797731153
698659958
1635406710
2674909113
150914949
2196565783
3589070040
2085093467
1502132543
4130947040
185293870
1323685534
2914092067
4228100893
3242158645
3720780255
206238322
518600476
3707919803
119370264
2968559516
2308322497
532622812
2515191893
3416648916
3506587425
3536837045
4147746765
2851998291
298804635
1649990803
238484437
4266508022
3487008062
832933423
4186625425
3871159718
596942627
435757214
2032656078
1313540558
1430543412
4148282602