1533127359
287008158
3832065821
1175592445
918702152
1479754397
4081609964
3070047321
1864076383
621346061
2231810541
2554882931
1498907436
3254801001
1457727736
3822464708
756968860
2091308447
3878023405
2603574326
1694761488
1252418460
247345553
349900919
71316188
1830373807
2568045415
101137871
675114326
236311995
3577056466
3298650217
3531437211
2151441872
277718300
3808799389
502498022
2210753308
798124227
346821851
600730528
4027080214
2535582163
3890072892
3917502930
4289371163
1290914620
2251400033
3200832145
4028174202
1430252265
3410349641
2742385735
1371635423
2626778328
4027940320
2760854273
3095257108
1129099254
246594686
2398194463
