839550301
802574235
2487955459
2777475184
1485409274
2374647505
3549651410
2460563817
3387914669
3906609962
2440883126
1569637372
1702587921
3249312114
1535978797
58192572
3884108605
20450179
3801041593
3931276933
2389621041
324661897
3373223815
1824141694
712515883
3478234559
2404949359
2197265946
3544956235
3999713504
2074572744
2709644116
2548637825
1688163438
2981846210
1219445833
423728872
3630277403
3160828920
2359586071
882836194
1252554034
1260183947
1112707224
1303699316
307134197
1942957447
2774735079
1976179670
3825640586
1919794580
3736749971
2766240036
4175276095
2442619539
1814572630
1821065046
1675544479
3398547788
4066956202
3504809166
3023570421
1049446580
2444970287
3532308995
2563485072
432034555
348775180
1522869864
3856184656
2956561837
2688294097
917588376
2764357208
3227728090
399132734
2897802117
1588644989
1169099331
396435373
1071251281
341449121
1660237777
3463442844
