2321488524
3760945624
844973144
3685220547
3858112914
3991163209
1210019654
2769832166
1094718331
4123790254
380384233
3923338836
3163343096
1264427793
2281303172
164959662
2717519602
1613383335
4237335032
2761879333
1482636360
923755813
1430891685
203443173
2566485180
2753365017
3721236399
924461849
1683851660
1223173464
2982223930
4149171319
3460438529
556343475
525389072
1960067323
376441991
3151973489
504834817
1686312388
1628366222
1667486651
2166356711
112495534
1543757413
2870936195
3865555017
2180357210
3301462247
2605786499
1437107835
273407875
1611234587
2850169450
101008858
3391365867
1092547126
2032361588
726876845
2412882389
3194961340
4181775856
3729681772
958112833
1476397040
2396131823
3688048789
3670826198
3042064307
2602609769
3559065876
992417247
3951327457
2465040199
1580497247
4090339502
1980840788
3320731575
182289053
1888211072
3411708757
1357596195
306053768
647026487
727238144
308947831
424242419
1813353305
1506699216
922035373
1722945812
1804001891
2888591002
2561663232
4149228513
2083279335
120279313
2074344956
2315145754
4126866816
3616856823
692216385
3202209634
585842634
3804871681
2756171391
92190252
1468026104
2141684755
2927423693
3800598083
3483162316
780263079
4149975313
2368617429
545662770
531881168
1116499805
3048479859
592360401
2416328982
656229048
2955436435
1357013070
2547715307
392501914
1849303020
4211581307
2493668740
10762536
473945130
161687171
1241140189
295612594
3553266071
3210061398
3189583526
295651028
2432721284
852601358
749219783
2080609651
2577334728
1735849726
3227286265
2425153949
2807846529
499114992
4126107437
2381834252
2818670216
1873811022
3578506707
4121109951
908742903
178002157
224058211
3805631705
1135604695
258585792
3867784241
2979467677
2805555976
619868028
4278783187
2298495798
3955206664
3944991117
2301722067
752739523
1473606713
4099577465
1734790343
1328132524
1452263958
1078458307
208778551
2780773919
615679897
1834152047
4087154935
3830598350
2393461195
595827780
2336834511
2065994231
2012281871
2057087602
3885332182
1175768445
1065817389
3440205008
1072306210
3160507007
2926258586