1503411472
127341769
73281153
901547956
1667302534
2369672169
1803494407
2664600397
3876808360
1057079694
2405014539
840839611
68752746
31086861
653922261
15003285
3245655786
1193180173
2133229952
2939945369
2152814893
120720091
2746558814
3390732163
356145315
3292378712
352374515
3491194324
1119209188
446062329
538546179
1291012563
4017279727
2839763063
378973975
3507219970
1327847143
1295248790
646058160
2394993810
344288307
3951548021
878995750
2095163102
1778888987
3063961511
2505050058
690177869
2470960564
2406308108
4114989110
215588068
4206581932
1071019424
4276206657
2951003582
1708822627
2105087984
1805513367
3512693530
3939624580
2333832917
3585673996
3593321394
4075007786
1392563750
1318433296
2494888499
2254943698
3759224214
2911108032
1866405656
3571219275
2351771652
233797701
677691294
1686038048
2373311583
1662530315
1261435004
1319563967
300828870
342618383
2775019770
927737739
396372887
2659818866
2105728331
1758111638
3973630007
193757728
538595451
1948252076
628180556
4269615630
2383675098
763905727
135147888
633660028
4067410388
2581993425
2017250717
3252740490
1471338046
724630168
3936046684
849276845
3069084434
763325619
1773113750
1766458502
538895368
3585505527
3743462803
2701409417
2089558550
121181425
3468806089
605259094