1970490789
1239612727
4099287393
895429590
2103085937
3716464016
805232296
4182841816
1406449751
4090258894
854285417
3402459578
4246019794
3648973750
1996958289
1315975170
3120051418
2676127392
632029370
2950555568
919190880
317242560
2851205675
3221622647
1295740425
1055456834
3441278936
363520380
1024038699
2327308546
3084464757
628483184
268472096
611087714
2209923036
1122129524
1905018819
383719752
2629521794
2107458142
2760847852
537676071
4221053187
856912478
249611281
543345922
4117835784
3653482798
2752222960
2046929375
3368798289
423315203
2846089810
3948565866
2307969026
3417361315
72888799
412239038
3044638606
1461804770
2136935228
596003090
3716168655
3732681219
3317573104
3315480709
3053553319
2624947889
122364768
2502179767
2431493432
1103721625
3371694170
1610588640
3074447241
190550857
3788531359
