586069200
157382667
2976106397
2183483813
346726722
936613320
2859947779
2226676098
1116536345
4001031800
151148869
3606775455
76273801
423243769
99793044
279922170
163191831
1148994317
999426099
249868604
3818644503
2646390915
2699611972
2540948111
3614852490
246405319
2968921661
766503002
3932216956
2959483776
2525007501
3008135040
427023217
488131973
4120274224
2316249261
2946168693
521491823
4203285513
4086352640
3975808711
3470869954
3431216252
2997630233
3304619195
4041198243
3818899995
718068185
2545655255
2891464649
1674079673
2901375383
2872261036
772884181
384695901
3909937869
3244680087
3888456316
229870454
3694490379
3878028764
1531951730