3776868292
132904530
4231948049
582944928
3573881176
1979763865
1407643936
332165809
2131558400
3454492107
2315189484
2588175489
3929352923
718216510
916052080
2087965754
1750694716
437576045
4067176930
2501494248
4264492468
2555814057
2526171405
433080311
3523740373
2963627723
1858186943
1316312967
2592800039
3977206171
3485700085
824779183
3623747185
1313032800
4158809214
968545757
2015918986
261135721
4002642310
275057933
1958006665
824156352
843648849
3271365206
101075378
2646577917
3320148781
1183687056
2467901250
2189207118
3863442586
454215451
3794294788
1342207400
3059858233
2998953597
4158430393
1930913174
273310734
3736659620
4016716802
479854919
3104796098
1310601817
3581755115
1867197414
2016357287
1560784007
225794997
4023855646
69417852
328094131
218892536
1138005340
2823308030
3085227529
2400558881
3328722112
2825644532
3400834341
1692556720
3641123286
2174674077
2714289620
1364364835
1664895707
1041662933
1919236341
832510738
1006097516
2494685459
4089079626
2977128015
1176803065
1561879331
2668322547
2975438189
3385049518
2120717446
3131747729
