4132007519
1092911921
2257464979
2028588097
830492560
3095780681
2713002663
2308564968
3519017846
935477494
3300297229
1303989641
570227866
3361474731
1278851946
181915889
2672915093
3863132795
1541433098
4176200397
3748608458
1146691607
1228694271
1214395909
3582957393
317033662
2287265711
459139359
3049473867
811473186
4161035308
1313532578
1979198529
2374110205
4037708222
49062811
1146740502
490016311
3973048018
1952540237
4086229392
802047990
798995234
3588160004
19017602
2906271272
1827447761
4200252726
3225695258
3929956188
1590684492
1939768524
1176981176
2792022124
3422205665
2952641239
2611559085
3123724777
1613770954
1640921752
505138605
3723472703
1876634038
1842983589
1486011552
1811619381
1787536873
4266825427
1276942918
2856947614
4182640271
1237291070
2321324138
3293598157
2453137577
598698812
2086616247
527833677
2669156060
433675468
889347280
2985211802
268381867
3948338475
4283128255
1830269052
3976513703
665385488
3337724392