78652688
520611842
209632416
508300099
1038531980
1100376240
2462437648
2793045254
857062093
2237912077
2800950016
2516641367
3815678210
950312128
2480921774
3872988578
2978938056
1649218508
3118373508
1204882671
4006996721
264240740
1463183438
3846616508
2296661891
2178148437
590206039
4153274107
2544380531
4287291876
1879390951
2177285741
2727190493
3749936995
489898802
2114705035
1873128184
2939243643
4199458474
2112725484
2488570842
4256641010
2938437170
1316858087
2773812919
2277831725
3968059308
3960445469
2188008282
655672582
2884748882
2682310009
3614641279
3443410253
4104420568
662892827
1184433255
3518660481
3514219777
1360237329
3576361060
384084542
1811856828
3270913992
341701054
1550696825
345682603
3334486579
2038054392
1793838421
2496480673
3209003572
2683649159
2041842639
1797537067
3951756420
3234391070
3811438455
2566750673
2513200975
1744847735
960709769
917179516
2343075486
1468669267
2752508904
2323268151
2561288931
1999339068
3143892215
299271700
778502060
437409013
2717562464
1160089370
2141538798
3406604567
2864919497
3493390107
3687587856
1662930932
4012202615
2349222253
3486363914
1200099718
4200827905
3897353176
4003967170
3338020993
4170019960
3708657431
880412012
3457722339
1771041147
1799171844
3473241725
1236092952
3307787663
1288641481
140401081
2455507086
1901197687
1305573129
2148809786
2554409568
2292631863
3369872124
366113109
4276116563
1298938975
619325423
2512795391
1370853340
953455971
2644561314
4077925317
1027582461
4125864633
4053919010
2291203123
884417514
1436948388
3850339544
1459753879
3819316920
2760272018
950496445
4229366169
984015582
497343828
902695237
3626560216
3416408444
2529888636
2031067372
351279289
2551572636
2652072098
363867167
2384682558
1910720882
2311620165
1537131406
2693038073
1340141153
2855197793
3214928758
1183761565
2874482339
4162418419
1169803098
4055144291
4170777608
2571428481
999865480
575081458
3568776341
1915936164
2615905970
331907436
3470091856
4104796185
771722079
4020919008
2813326306
1597736301
1794117105
1516229695
519370588
135290294
1351881883
2770626881
3881857967
754457359
3863797266
441860605
1294584541
2743751587
2426196247
4158944965
165424444
2875351696
1269268942
3921631261
1322905812
432101661
730555712
1577128119
153766139
498105470
2322323602
3831982065
1967098546
3120861178
2057474029
2794942436