1149120251
2545812373
3552330106
646209049
3980787127
2483355038
1114186109
783200657
1332075168
4279546152
3883321331
3312452853
3242619559
3272249577
1799452601
3327396567
2178558859
1758802449
20134360
3470970113
3382011255
4220386672
254544472
2106788690
3413803401
1378596485
3459558670
1107107276
803430112
2418740792
1477583823
2805991902
251190650
3758711602
2566014516
3937798969
2110365957
2440808171
3562943889
1441320648
2583831366
2395953431
3380865044
2896561742
3573733561
2822469035
4119555424
708016511
3249216789
1619816491
574877609
2089649465
1140148942
3526062282
2736052137
2792794896
791979718
2431473807
2584661265
1597771144
682843233
1623943564
3485412189
1053484464
257896154
2341904615
3560254097
2593830497
4202050636
2078648125
3404964738
2682793682
2914970749
2100736854
4243762825
3878283067
17240036
1703990866
654235102
771742925
1307521990
3218635629
448750429
3434232221
1046942980
183995739
1766859885
1955832987
1192428557
48730755
2502121348
