477489442
1630201306
16437105
495391566
345154567
428596697
4202240650
2623597830
2831199466
2283454260
2646323751
3829344754
3083710794
1430026422
3864092456
2584905334
4130390649
2400355977
489290058
2804526079
334067365
1094864292
242267635
2985439805
3085161970
1282485503
1501404273
1222883038
3345267144
2858170807
1443220862
1588994650
1988891896
3395932514
2378999559
270498209
16324073
462450855
2224085211
3971539512
314204274
2718181044
162982458
455015602
1242201480
870789637
1873355131
2106692502
638799224
2480711245
3307848394
13645620
1598114012
561113766
3969781914
1998908619
3303279412
2258452508
3174045734
2000644587
1091683104
2873705935
445499681
1299161501
597356977
118315077
1176318548
2867300439
3841371478
370849123
1087738458
1905510929
3801897145
2732099388
2143761829
140879027
3424302209
1802606170
2608357891
3260601129
4096241182
62024835
947298633
286978408
429147593