2685827562
1861544336
2233793410
173816346
685292754
3692697384
694377667
2442568907
3116748492
1175490985
229961950
1982879338
797822096
669481052
3696193998
574942574
2778842760
1421243460
1405654991
3483975504
1673214847
1896060169
965569520
321396084
2336049357
2972832188
2546966137
636997018
3140637245
4016541547
2813414658
1785862326
3096229948
3995177945
172331270
3961393642
331534957
853674992
1700160931
1581826173
4194743648
3373485710
3908512440
2069918509
3919970373
1506277157
1739839074
1685999200
1341491810
1257803707
2696327730
425675204
2039072486
1513958454
