1525899648
4197688404
3992334683
3906745144
1326251324
1914918183
2736270956
1599598505
1631620927
1327965661
1938867496
4074440282
123886140
4047150995
1997162878
1085897902
150602742
2337507487
1127444723
2428699854
3199716256
3482799309
1444806581
3689995074
634305365
2265916914
1604598676
3730147286
417276940
888861584
2240025639
4121681395
2964106633
4090577993
289745701
3650205341
3265291657
644519857
3391871572
3697998066
1485715210
1796601693
234998314
1744311117
4081583421
4192759165
2336680840
1497956269
789281616
961193608
2932186587
3119116334
1196617071
2739032452
3288754899
1693231787
1160783447
3095999479
3111099667
1886955641
1916422288
1324664168
1008693522
2178034616
620645852
1874495298
3931270498
289232095
2610171724
3002990896
509825683
543483502
4043904637
1345271179
460534257
746942599