483201566
1858201337
216627134
4202753880
1536956162
297595456
3660438000
3583184620
2279343877
3778623348
1624418987
3318923657
2448358048
1112974495
1991909008
825703220
2449168705
2581290141
1483765246
2426602939
29075723
2733392084
2625371693
1308300841
3259985290
224383284
100157404
3725243505
3761789624
1637956244
358685806
1205840960
2305084182
661481896
840762298
3003975060
3319239734
870124382
2654062771
2253488871
2999246269
1586389746
2671701873
127901998
2645745679
1092139118
193252900
3954525542
3355661320
358417290
4115482515
3989530218
3333902211
2205010299
3508447923
1985293821
1122901536
2820641132
42335490
2047922690
2439669921
2386223795
3302502446
3604708588
3191233043
2547949329
1198764747
2533671654
1210248291
1539297769
2227080999
3860083039
158060445
1525932704
3743106809
565412353
216896426
1481290918
1287372309
1734181975
2530893492
3019722226
1698975735
1624587179
3885368045
721009533
762379362
4122843255
4045357430
4285145405
3324565597
2862246954
2588069584
1782852776
3456578255
4201381630
2708173011
990372000
753453104
482950002
3471278888
887242898
160881441
156451356
4082954809
3590013868
500777699
4197704857
849930310
1787821698
633256545
2602704250
2214954904
1748268291
3289914512
4098941217
3181607864
125785260
1471597989
2781954687
2601096752
233764563
3011118311
3489064938
574770135
2275610818
287129180
794089102
611248017
3030578524
496585498
4100340730
1632635705
4219645534
179219135
2014746965
3547011878
2058658055
3875949443
748337866
3922888126
3045781570
1538447989
976557173
3224088951
820891895
2385302500
1713276011
4162111934
1966938811
1298532454
1346466811
2427757745
721131714
2046511802
3502656054
831040114
4020004417
1875607721
3990601531
408612974
445505441
4181248279
450674459
4090309246
3218173646
2874039218
4272365264
1903449078
3688064717
3218260417
752514132
1943542174
3907497794
1341886153
3638344301
223676055
1741601447
3195761692
486089038
1538778197
2435784353
2612116489
3778644121
1110005953
2813698222
3944706724
2336822622
4030631640
1314565280
2698955584
2861385847