3614133741
2243846169
3298834766
1611227150
2402043551
335189877
603500757
2163874010
2420175412
2305865921
1832372928
2174171737
898491855
2907885951
3118560680
77431083
436120653
4202668641
3113091341
4211487498
3477391679
3241053989
1762896024
130834558
2328446596
1942853163
617461952
2418679458
3991152928
3567916901
1766770671
16786672
1639739198
3234068400
3544063807
2304947084
2536762270
1022855189
1777199482
94817371
3255987010
469210041
3267959573
1065540696
1770115952
4008066373
769674836
2775863896
23759289
2930483540
889723599
3140112251
3054675250
952775808
595679953
3419619051
1036301457
53511528
3787527617
647335839
2524481525
3853078780
2498247824
3117588700
3431877235
931786438
454793574
1844261557
3427108847
3943066054
1555165879
3134595538
2727348630
1888046283
1915189883
3799903157
1871444987
2559407756
195948106
1506589739
1192013177
875495680
62866364
3855932578
2965326250
1034402380
3162095137
2086229070
3743710829
2014930858
2281452285
282954586
989128442
2185221754
2919821072
3116084595
2191316608
1626486091
4026801672
1195021736
2895406978
1927042707
2047393435
2933923933
1406053804
2595646861
404735423
284786132
976588550
263697358
1367008140
4123015464
3670709835
1941556714
3020223799
3012013059
3046191596
2126303915
1993050837
3372266461
3463052121
4229139996
3868457438
738465345
1245202584
972848692
2877358665
895441174
1637516279
211437925
708205434
2376927689
1439211255
2610513552
412733526
2765998814
1738484522
3589952243
1336183250
738049803
1447122694
2826973200
2623016141
3066798284
3513881132
2051475621
2601993968
3509471620
3279608909
2379990840
1555127787
708770153
2885383239
3971460418
1387006587
172781735
1850345994
1086754058
515739885
422838967
2109185769
2228606979
2370226939
2595126556
800536281
3830727705
511310123
510073019
4186929481
965873907
2720457755
3566499464
1790984241
3247645681
1108604714
426630232
2326231219
1567476280
1140562865
2939814586
3130138546
221707043
469353396
3632260924
4093667119
2934089191
2248950948
1528988701
1208771975
3018474763
4017722953
1004370057
3065228416
944978111
543930148
525344551
2652832511
1110216954
21549655
2096346568
211474918
549355982
2278559992
505391532
394059808
3918006910
380975310
2863261452
3547550507
1449515611
1613628098
2290858794
4166209771
561740809
705198635
97919018
159825636
1379285474
472678178
2170246392
566279635
276541253
2560392872
1079377192
2050059041
1918251257
3135414872
417964004
2878755704
2390016203
531320654
1675662019
3686327795