2826093329
3793717235
2662692540
827993027
2640576030
2249271678
3829235649
457123900
1237203381
1666749190
1175058987
4161893118
1100610710
4228601269
3090904855
414239143
561937610
1061053955
1886790555
3629932341
2642139845
2070774129
2300707260
2405741864
718342839
2546966625
1413736062
962377140
3991887593
2881002759
1567631507
1003785734
2812023676
2820118396
1695214770
509262690
1901471154
3951561510
1360314012
353944478
3550969159
3844458521
3674116298
211986522
2548251400
3085598987
3187441363
4242297534
1410614864
3547773729
4260261165
947636154
4187212194
2078617145
2083312974
319477348
1279968076
1185966795
1854080608
2590991389
3902532345
2991954126
1005532797
527235569
4278885437
1155748013
3451247499
1730972745
3686461216
1785610783
753202850
2186734410
1481023834
1269344634
355702162
2487025380
1542864956
3681613268
3324484448
1402933057
946223249
286157719
1487689131
151528058
