1804013371
1676614103
4224911553
853613877
3258919350
3308197608
773320945
1744773768
1706577975
2166163203
3664967185
1727968397
2353597722
271220235
188845742
4081245968
2544490063
2871888748
2790116229
2230836025
611320507
905084574
1644174923
1256044111
3489667571
771130760
2978595102
2200601710
451188505
3319758751
651864466
1665603562
1284674686
1577457771
1880093468
1956008109
2066642498
2535492299
137594330
3755451845
4035284178
364399478
3333109419
3888400591
1838748240
1580664085
1774844736
2619749061
3616455434
