1458221878
1749547648
966191523
3345781872
3548929581
1459572509
3280395628
1121556574
2145162847
3615518224
1706735006
1323467209
828534428
2530041109
2251911985
3728352569
3083737035
2754506192
3379845646
2995605262
914793133
23560870
2520380885
1632434440
563004302
102372633
1348765296
3138069380
1009050618
2889453884
3758331307
161679299
1329219612
3382572101
1217744390
1676793230
2833615594
4132432926
2884008748
693103167
1344049774
1171370475
3101251524
613905805
3440611564
3437079309
1732906629
1468515905
1681892753
3400462494
3626276817
2604872308
2081481248
3173922407
3319250571
3616305062
3402713195
1643108187
