3226853873
1198840210
4283726353
1681284745
452838879
1167975553
3390334905
2162202691
3225907831
1471959183
225042026
1687960292
3955258341
1649119050
1061539033
3619986365
1780296686
3833192607
1293050033
3979733978
285795450
2742763940
409998183
1927840566
1942500989
4091383762
713035526
3766493895
3437259692
962906151
2492423953
3566317451
2454163838
1331607953
1046681001
2919065613
359852405
930442106
390533702
3276972856
472537410
3223089775
3197985810
627108990
1343954560
1984323364
3574555593
4038207239
3892375002
446589154
3341130324
1952453965
75960019
3687950166
2824816719
688652188
326287031
2440671304
4000357201
3742782057
3050129472
581011831
838988601
1268154895
3359816199
1268130626
3875809412
1931940926
3072394241
803618049
1396249054
2410040391
2069789122
1800496310
277540960
3807649342
1343101513
253146209
1330435883
677735638
2812744474
4175765393
822981020
1083436912
1647888853
242371693
1293760388
1027079452
2358384675
2614414268
2799104418
155797294
1589415588
1680417410
2765227498
2484692459
1052549744
3981099754
725897506
2293589713
3490296345
1088843347
2875101588
1121187160
2001418646
615989514
3577343664
2451647953
3918164907
4029267955
1342886891
4264039939
458228375
850064635
1253428574
496477931
3758591254
2389985820
4114102246
3471189185
3674055044
3192025421
3474968655
1935659023
732174453
1185350297
2394490039
3062908088
3141273441
2998746169
3576100267
985237358
1882748745
504250466
2415311635
534067435
1612240463
4253317038
518885186
684461255
128570462
897680638
1291090061