1141795136
3592949309
3542407719
4208446635
141929647
2676273760
2399088010
70951743
1608181646
2611856212
3977380964
3049111498
566284314
2024760687
138574632
3124104785
4129939321
199473819
331111018
2615810615
3778873063
385820151
1513720978
19055455
3883314082
2873028649
1009548734
1035241157
1936938577
1420644574
3010293443
3591171371
1110072798
3704902643
3795602342
2050770667
3419045276
4265835990
3304454475
2192570997
600765849
257220384
2106246600
3765006763
3094393049
4075015473
4080283716
2951444143
3128414710
2421147967
2849483507
1232602990
1969565956
1803831951
3251301996
2783858071
2904823165
2383582251
875923075
1317897896
2027086753
81233632
2218255484
3551679681
3496901907
34498433
2105970570
2853895705
4207334015
1256077934
3074126581
325586559
1376081713
1394571185
1653860837
926044847
3916752669
3105432443
3728109028
3265330872
3645828918
3658089784
7419206
2369154326
1219765897
3689796867
3595175812
3688220620
1126371593
630227175
2189820131
1277989529
3527535350
1370105459
1549981725
3435798803
3649975333
4063699025
146149893
326216411
3080180049
2130965567
829571402
1043090098
2685849758
124054585
2007875578
1338804213
1963104389
3064482931
2419536540
4120227338
3732995950
1032892950
2541644370
1871997998
2949212202
2623725659
1260522161
3033688889
602004580
3413588476
912885392
4247751665
1500578638
3377644662
1351160550
2033616115
3514054969
3958694983
1211015202
3549912582
337816058
2023359521
3929851544
3518654967
4159003293
3215613996
1207346399
3492706569
3942198665
199441402
2977379957
1537585600
721652094
2974971712
1596751204
824479889
542971331
4255771716
2619887844
3350281067
2624579350
2315444126
2119549678
4224170552
1060709324
723253159
2136549303
3487041778
1455165637
2104332478
1979337594
1653571169
2776383005
3116405933
634216682
3159543930
2251795006
234165501
4277529173
2750016182
1519140307
4183980901
3797760988
2704775018
3068227135
3372500088
4047047823
319925728
1191588170