4155623630
3982539363
2117608393
3764127315
4027472035
4111838019
1880120855
1973055401
2003332867
2614748278
462644866
1629936917
1908836676
2044626282
164149143
104612821
1894075408
3322083919
2353890481
1603873520
2983430751
3904878181
462044482
2852023954
1086543921
1636333242
1108139541
3495215197
2296993657
1854487483
1554736228
2887542053
4271966420
44226441
3122065261
253611273
3232915964
3704338335
2157913893
4172994042
2217296092
1794143325
1567168640
1676136068
3994384146
1622038561
2807727926
688639624
3118569441
2019259950
2341511315
1945903724
562101329
1360171724
2826419995
3814577887
3018686120
4055157794
3613056898
562058294
4132145972
824325188
1275252930
1109088529
1360994157
2850453707
2390460264
1814011480
695895622
1619942608
3731870411
1651733911
3042168537
922057554
1993229158
1211832910
1326647087
2360312806
2387694196
176603511
514139785
2440135329
2009079656
1247869331
3726320224
1564296822
4076758781
44298043
4052699069
2730941550
1203600819
4039657679
3792328438
3846009305
1218731399
1212377927
255385323
3670360251
2802829732
2499522297
2394483122
1212531168
2811304
1882008933
1586314591
1096792867
365771158
651872640
2382860535
2953963806
1380278331
3071462171
3715933486
3060378101
2658180580
239236659
3179254082
1415637208
172050000
167084631
3624344982
1426490431
3539201756
767318316
1488013940
1009151594
197179064
2165363002
740793530
4071813795
3803203042
3937381213
1861351784
2103973858
3058451079
2935905970
178836910
3045110777
928312859
2442314620
1349725492
1349840455
1705968598
662228017
1574416779
1030540404
84765268
3248752256
1763255960
117529365
181795189
1413807700
3085725863