2720859822
1584054156
2358259164
2803287427
960999799
3639933378
2371372822
1953496336
3372517361
159056153
1936268836
65565526
2764374840
903670609
1489343489
1922594531
3861193230
3484053662
3778413112
3736281190
1087995614
137950219
1288537538
4031568359
4281492469
2640219014
1484673610
3677861981
3868314469
3593167487
1212113086
816497521
2560058805
526286140
1507575715
4179516970
2236075555
1086548704
1216808916
1397906336
1366314845
4014742427
967481261
2343073894
2455548684
3295180562
3725931170
3539743153
1374720267
1342226013
335471426
4294038697
1098523239
3443007923
104423337
3096443778
1687762424
2880262648
845661770
1701044619
3584072158
1522831679
3351121281
812697192
3932841563
2223330847
1079753804
1230788325
2040703480
899668352
3456939874
70393896
2731711973
4097145844
2575358738
2212488196
2788242952
1698384102
3632063743
3927977721
