2023730663
4206630717
1011419759
752166216
423007489
148735878
296405655
578328674
3801672944
2569889644
4159270797
1790701259
1010384662
243690619
2907231477
153605336
1923345964
4027194712
3280704847
3071879986
3752516060
3130273161
2954632431
373821401
1315872280
60667226
1739751794
340501817
4233270838
1209398264
1081027629
2889336559
1522263522
636978429
2709799253
3036904803
2718358620
2937543598
1772789724
3126994709
1872801977
113355963
1387433144
3556623974
3297557296
3444595797
3469183966
1809031259
934617314
2059137110
2059327608
596530160
2245088720
3727195262
137365755
1911459011
1040075079
2239959361
3497787613
1965951817
779096451
2597276604
3600755300
2827394513
3726554998
2997619320
263142745
2060053179
1786028249
2625978374
558276149
3430899152
3958986749
488717395
616851777
1020441162
4116386195
1458860613
3674644634
1504502451
2321838720
4155191075
2424002612
3915968332
2717382764
1343355352
61139456
754623498
1051793423
3491453389
1759896393
1282880879
1901148810
1603661651
3239034204
3440673895
2323123562
4000717503
2589437798
2772875091
2799510446
2330198566
804068398
478801932
2906915350
2383706206
1689252604
1277984336
532308477
1605467995
932988798
4084407487
759555548
1475968333
3414033387
249873497
4133359578
858535439
890503142
2204229521
207723941
1735516729
3829688176
864473775
2535138863
3614095220
1074353156
1247157388
4176166393
3284132682
1070031942
2721330366
1987225103
2149354105
1707676841
1136279447
764900496
463388807
2268804316