448690486
1144065696
445773654
4043893791
4230927626
908767617
917781201
1531904432
468187477
3186746556
887327359
1469304602
1481801678
3511062249
4225972310
2943154822
3471874276
1023442104
3432613932
682072129
1408060851
3631115597
2745596385
1920794133
1057679361
1754448215
152145669
4132256566
4208534254
3470049320
2733513043
3365909327
208768800
4186192696
2218679235
3983310782
2554266021
3998645183
899342372
563924344
3688860784
1947127172
740198534
3002908700
2293938857
2932421818
1375247823
3507475805
2840319544
3207418638
3964123362
12066478
2134042275
4161044811
1584545761
4261489908
465807324
3518545556
1429006268
135983353
3187487018
3253183221
700870760
3429915896
3722893207
3884406879
3993286336
