1872881734
1318952757
2650439377
3636716007
746269051
3228408009
2045298872
2998932876
403259948
591610998
2441989762
322194556
2754711661
466627770
3495297109
1476678669
1943640380
3060368305
3647283237
167787526
2698663143
4131735110
1176881222
4214838342
670136960
3201916068
2773088727
530465085
3130866795
396382210
3336578746
3261701275
344427035
2254579666
3578461957
1519149557
2418717446
824293441
3318228256
3106466750
2937533450
230054135
4238819076
1737278426
633111250
650441261
3015788767
1951259229
156734066
2847231083
1063111217
1636194118
1594890237
4155037692
3638651870
3514960792
2157445193
2272764731
797026905
2816224944
4227435089
3339657232
3658001365
804389434
1193020651
861168975
189202145
1840515564
350202117
4041959936
775588007
3627283279
3586404926
1460050567
350725458
1394764766
2054962576
3707492446
1796035855
1633046726
3322656588
249129225
3219100633
935978042
2251984884
9889779
3758430516
2143492173
3657537972
2361282515
3332191081
725801364
2815775414
1015508818
3996987899
3967017091
2236287445
2991406925
3237767740
4086323999
1428511131
3943834355
4173844485
3150983289
3305401090
217949988
134042611
236534592
3252483233
3156405529
2198740868
1301400130
958803696
2402024230
