895346885
2102821373
2111344440
928342936
947169716
1336101520
1583988403
2385200231
349095506
3558235885
981921257
1786590144
3828475852
294165360
570608474
2146664271
1764335092
2431424753
1461386507
2929312297
4276453530
4022128572
3946652679
1723443778
1765520077
2365538242
2177441461
872934038
699629368
897435722
1076681710
4183897937
3293386959
68190311
973464350
463377586
2201951814
2174429683
1109752670
2105255896
2061208658
3659723707
3087340014
1132147312
327895134
3887294354
1291728382
1647329341
3307123534
408723367
3313669943
2752816085
3947857280
1343991267
4184101859
1664218088
294706730
3525574691
172378378
1256903863
9552638
1164258503
1182220867
4248858833
154956998
429504030
400932146
3537338447
3268913713
328337822
3841671655
1891802870
3016294611
772087420
1645102965
849185124
404508389
3786575625
2119612602
1590426894
780513812
2773293109
2477585809
3429738323
3123973075
3302140748
2330532860
237772898
3919924328
423809828
3408041002
223707796
2603805926
2047625000
1257267472
964307231
3128056655
566251958
819983362
3296299706
331608710
785121690
1766720447
2163545076
3386211954
4093538222
3899904251
1864135895
3897413796
352393148
3714247170
1222542789
3650932096
1949788718
918916845
1492875275
636540190
409363882
3546335211
1553665097
4011949114
4171636400
1858645251
3086041381
1175169405
1923252687
4118957509
3794115649
3593075105
931387708
3462486313
1623099053
989894156
2184354481
2555889912
2731946539
3907453407
3417995159
606297153
2938395435
3016897088
561369854
3862966503
412319539
2029038983
3713974543
3273265625
21190181
3465269344
731944463
3542197834
2476342727
2968626116
1060839794
962913402
1750346857
508246895
1514931211
3846358024
2686898784
2317176104
4193472152
1829739305
3604558272
1791160187
1878387639
1195090672
1197966298
2550050630
2889103607
2274702687
1260756987
361641766
2247461212
2993298258
3066973846
331693386
2891716867
2667779781
2097812225
1173674331
789681041
3556970965
1126380120
1200316513
470792957
2392652279
15530368
2413188458
816069941
1561897912
3223510492
3166952016
4194287963
483663311
2638592808
265606711
1536338645
2066645633
3593880023
1783651294
1474675550
2162397736
721567317
1266016228
2126532347
715874050
1290770432
3179868243
4171241628
3192488969
1819627553
2513096089
819561419
1713660473
3109021736
669132789