3424603684
507576272
3814378434
2678552412
221123129
3930362750
3761952088
1582976247
2386368205
423860545
480584765
3404249081
1776342136
915169323
2214947152
920615094
1543259854
211378194
283590765
3834906235
26070134
3487899803
4109064131
515207972
3005286655
2891339691
3404399109
2986151854
38273009
1432301955
2746424178
64104430
2912549135
3772704585
2039727537
119875679
726236553
3298098049
1694641336
3951018319
1277182631
1703222280
2359284855
612366640
946155112
3914684398
1929749838
3286131451
763035342
723824555
3888868179
222801671
3534214576
1445846648
2613700251
2483867906
1773629021
2083514561
1029399829
1066465187
558118437
373103212
2920414624
3866147810
4063094234
1436369933
2723773104
3820244401
3995356867
2815466664
1480055536
1060091586
2138882699
1442874357
3903730065
4195982821
561930374
946735244
3985502464
423587915
