2838555303
1322478793
3319499754
2702657843
3624308571
2144591126
637472237
1053733362
3592958122
2104518641
3617823540
1641582322
3144168715
2191174379
142520435
1546709507
3968922039
374290148
1548486748
2572847835
1626839788
2791703485
2918189993
3753594664
4017766287
2818102645
3371346683
1204279532
566208312
4166289195
49652414
3842527712
777059447
1667929651
2234485017
3604567541
4157005654
2605150123
2085720577
2577312595
362184432
3644235613
3529490795
1194594941
847347104
1275867807
1949521135
4252601053
3603916238
805022799
1796779916
995435596
3583729361
342052424
329954817
926489657
1617921405
4149476194
2307994329
3710018024
88972844
2492273436
851999072
1595719128
3127847225
50429798
4093094841
4046672807
2280344449
856371588
1957680362
836707395
2739563881
1113175543
1865168185
310087280
4202203523
523006115
4019251443
3956765929
1310115644
1520387639
3455371380
3397707595
2207918220
3793689347
2958009904
3308745237
3437586883
2133765937
3549385179
3429627501
3287868189
12520716
1734024151
3993347539
3540438711
2058824156
2441253604
3029938546
299802977
3852946901
2737677304
2857883567
2213995748
2239950328
1388891305
