4012907337
2669542219
4251908861
463078369
53906052
3196824473
3485128747
3087881188
2348505524
1867819434
2901285211
4276664446
2998961641
2426607344
3715194263
476971520
2848771749
2276213615
3482890977
1837421754
3048976225
1826580259
1880376957
3936759357
2548937473
2945147015
1483107474
1759342045
2146928184
4170179396
3543391133
2064213836
843302008
4113867552
425840558
1639320650
1365232799
129630
211735468
1540475983
1382706444
1537112161
3093898535
736593044
604486041
2845875641
634753533
429574453
265342146
2432821890
2735132766
2243407965
4003704129
1223385858
1061709577
646861112
2217666675
2426900580
3107236313
3673287024
621035075
2977864128
1115526857
4154622756
1509811642
48245682
3550987331
1047950588
1162809979
1156549694
3570083963
1463860629
3401226112
2683830237
3084967162
3394578135
56254422
1369431360
3667789732
626432100
816323324
501922751
1898875808
254419053
3692731974
3336435544
886856536
2368919496
1325290691
1078955346
3468668258
1004715682
3439614432
1159979108
3826571902
2049155051
2774579614
1578497005
561383327
1857276286
2408017951
1233958127
2279197309
4228510390
1434661036
2388144755
1129629420
1427648867
4034417379
3703779738
3866076005
3846296719
931722947
2149597342
4294653301
1537900768
451983645
2661324089
4144630395
4000739197
2003733947
214538194
3966270147
1049420771
