1326030200
3287914407
452404712
3082577590
1426961914
4058412594
220959008
4045959142
2416921251
1358157967
55657603
1045991582
513292573
3409928428
3709981237
4040409385
2130403752
1234457905
1697811945
2098371023
4052555454
4179650825
535335517
2777358268
2108180626
4055645474
1713402121
2450775308
3625931997
1655439172
2845260380
3669442355
306802278
1738134787
375848723
3966271382
2769967930
1964226163
2310393025
1657184807
1826162631
285374577
248706282
1953697957
1998678281
3316589574
2570487120
2657629908
2010702590
3424218487
2711274701
2617237125
256370949
207057746
2042468635
3896444432
1702258869
3837331144
3598458979
1521596994
46907128
44243880
2332368499
437468344
1461054860
1045458367
2847505520
453363454
1616044341
2553352991
1363116062
3595754189
486307682
1122252439
4235885646
534843226
3993148079
3694496315
3076949107
3699944634
292547498
3267995796
1779786359
3101843709
260843763
3330584640
3998532430
2831615980
946894934
3226252028
10186586
1101660075
1883416609
3517588467
3927958093
3921279007
3082263678
1742626814
3837302352
749535024
1806720919
2907363568
782014369
3724533124
2576367358
590110414
4095831800
1547908710
1316669431
3742039531
400365063
4233189306
3077471665
1329557141
3534697019
3000536040
813351158
2950796328
398285413
4090551258
4121218801
489150991
1042830702
2911097707
71030756
2660401208
