773788750
3133408991
390154094
3964614828
536874844
1645152326
3121583541
576236849
1311596891
2915568223
3354254860
4266614979
128682045
1483937769
1582390415
3933260706
3496740544
1145438870
426348318
1014708642
3785027551
1900644408
2101479447
2314950743
1193643792
2321537346
65420883
3289922000
3359255692
3104336471
3761837324
1697254161
4225074565
320073021
4197049863
619108455
653744033
3860713297
1872858347
2566044281
177556061
1032728184
582816401
1666227518
359430162
875291440
2137340883
1799459659
2728763284
1447234807
2244400086
2287533379
2338360176
863083797
3694952978
88821123
1871154944
2393223305
4239639938
1695899267
2473326983
3159482224
159620181
3938109309
261076824
1479729749
3511035136
