2613969597
1782313293
2543072159
3747273246
858667136
1501330882
2318746708
625644320
1631424065
3415204391
3309903029
1908661299
1868141596
3162435839
3987282023
257537576
1417734415
2485606678
3474019010
4042664081
3956673388
2205789429
287918521
2601025553
72663528
1617847618
1892324594
3390415633
1107227313
4024163380
1073479083
2047209126
3574162350
3744140895
984841596
2137413749
2035788782
2623179702
1799405168
2563872649
541009922
3097631733
727013914
1469981376
2824911388
3456493949
587718128
179941812
3251231443
29453080
581328783
4005882825
3807430218
1549133862
4280015371
2404946503
3206819607
1530177161
3854632823
4073905368
256228997
1974791911
3838359982
