1849119751
602141419
772671219
2046470869
497769719
2457114899
3884529503
193408110
3311708016
445305676
1490737651
3454262259
3552133492
1316346433
873372623
3967603493
1876650423
3057084330
2361819268
4109317269
259987129
1647667070
160288047
323218638
1404191702
2592963915
3339562788
1853058738
4139095401
3384752141
2692366740
3078867570
878712402
3609411710
3085480372
62397746
1685056884
3666577297
174969387
3536601989
2776079988
3516369058
3416546802
890472201
953584645
2346350579
51926838
2085458641
969848296
855606016
3494717754
3788160842
3056813730
111756727
4030558562
3630037363
2085651828
3529114053
1000675066
2351532354
307566805
1716343963
467122516
2506270130
3162361270
2996294289
3571328481
2714051955
3852383508
512731737
223595473
3051926210
2443254716
1338396420
135598180
3466026927
1304164022
3052985967
674422306
2887547120
3641623900
2198723392
1730371962
3507761933
1718773150
35502385
4068539855
3643099933
3607235535
1211646295
2463208610
1451634797
1481935403
2566429558
2998219773
3226433491
1039053386
3407036503
301211138
4172623602
568802437
519665433
3496123441
1523446076
713415939
815194892
1027872851
1057587690
2895687409
2053358595
3597660434
3110187669
2044780535
1422896550
2090107141
1831086124
1190771049
3446459135
1601582401
579264444
3647372885
3987561861
169471910
2826230618
2806393648
142021405
1670174955
466783045
710613002
3750268523
3632012348
3429953667
2520738829
52308930