3989507965
591137564
3785411463
220928845
3075401175
1373641583
1542453867
96230568
598747535
785843934
3203951055
942476452
1712643083
2224818227
661131600
2269793436
480395292
2378314629
1325423761
2618847721
868449558
1634114938
933674528
2252703613
3365057591
1458222346
2263453505
637338941
3278828710
2864668183
1079565464
4195524905
3760721613
1334062036
1013739751
1481047059
3511156588
2921533047
600779330
798793156
731910699
2321100967
803296634
3458145847
2324503291
4282918405
1169918151
793275724
2864407352
2260213053
2928698550
2020508342
3943163111
1916594829
2361297103
2987859387
2678348932
3745093753
247515442
3975790022
922559876
1205519209
2391729949
1327987778
1498283973
2220871194
826300115
17434147
3663928490
2995479786
3985850880
173702722
3370755812
4082445350
2486866646
2229642451
140832133
171013387
2530904397
3605534297
1442177675
388963588
1636723072
879716046
3349764427
3143209151
2276907869
1452278816
1916035768
2550424768
181159033
2237790506
1607179121
1437489192
3872198247
2212201974
2085663405
138592203
1865706802
1260440952
1471485651
1090842665
3338662154
3919365092
2509713557
1653497567
3473438840
2572670545
2219833999
2814609145
4003937307
2617586604
1077861697
2812650433
947848890
1016022773
4037628612
751902224
4179733510
3074304741
3270884832
1971499046
121785819
3577860332
4264422314
3068838616
824855346
2958841017
944847485
2280487548
527840560
3555199030
4008840836
4040303651
1183598054
879475822
2517785278
1290100277
430564321
2015325938
4037102326
1032733449
3756770913
1359081032
4234017230
683767594
2076998231
4029146259
762042348
158200387
3336865197
3334659142
1563542649
95698570
2392346883
958388202
1167001875
1918982590
3864735439
728294724
2801911075
790165136
351672195
627413392
2899373150
1274618018
1701868316
2229063828
3606344382
460413192
684752976
1000500268
3835661936
3373322163
3959909365
708499020
2269331991
3146049739
1559496817
2595009675
2760052686
1264276699
1290136639
231446178
278772323
1268388206
3816275617
1449879056
1769459528
1522338357
3311462923
329952228
226100898
4217251985
2452350958
2292879391
1050989073
34981008
475399227
2064552918
1809192626
2154772609
1758456560
4164108189
2293895759
1406016289
3700412909
3989157200
2557569040
733790888
240727944
2025379343
1758330342
1377601267
3390610564
2310679094
1992501163
2473617373
1194666029
1354032665
1952641060
3559612355
3926342571
3767087887
4179246074
2307489410
2965212654
2150257545
4041856876
369698859
1655674868
637013903
2655579654
186608030
3720616399
3531425597
2231842995
2055774980
1023758624
3817412526
3440868745
3952736519
3478334795
3330508174
2110067365
2059692161
2899483986
683909069
356664863
3324252449
2082899593
1740692256
3050846936
2059093006
2757631627
303745721
2065556686
3590074022
2881899768
679392883
3291537017
2454262138
740417015
2606502581
1721961357
412021605
2529004771
2620581911
4182101644
2144302588
2040369611
2411190866
1824515499
2970401587
2342601246
1965943163
2160447318
857666811
2008960350
3064003400