1122805507
3250720617
437880718
4153037924
1324619228
2005694275
3767806899
657268899
2358966877
3752577508
3993059529
3607713520
3350988263
2068871185
1952502637
752112372
2717993129
699452402
2874089462
1460246011
4188333061
3067364960
3193872750
2494939809
1108233403
1198710847
347841050
2683192169
917275078
1961047371
2902064610
476891937
3904544098
3664159794
2418536600
1874222184
1440087802
1744556812
4186417792
1378296256
619153566
1237536362
252832866
1288588320
214887411
1818190834
3033547899
2498759496
2103303995
3268375300
3149285440
1440536402
779798028
3464842781
2016561559
21668864
1246806073
2968760211
3537672717
777093362
3943673438
3211373898
2470233695
3837845181
781526876
647246133
4026778369
1364273260
132864712
1572359849
1003968534
474859977
3705568133
540676748
1221150932
2961258274
751161280
2200419328
3747271244
1406444426
3004554368
2391783397
4069472865
2816468133
2809605249
3078475429
2601321437
903430498
4131591949
2985000254
1615056002
1946993712
4042161998
2749050395
2268843926
212833417
912763935
2545801948
1877254471
1096408638
3531647510
4099349027
3635236763
960765975
1785609073
656047208
851435311
534591923
3903585623
772301391
2778945397
2003325472
2229929935
1462146683
3458205437
775309090
603982354
3992008628
3967146481
4064278989
2359474258
2673889201
2284519093
1485415267
3317348842
3702615690
4120286645
3606833885
1083365804
2090385162
1740952463
2534267052
1099145641
1966088500
412592571
881189784
598951084
3457309619
530946833
1783184723
1801181384
2679100091
2910041689
2849199076
4289490665
2651986489
3614202537
4115611927
3881173604
717008064
2771470880
3002924590
216147162
258462265
2530249446
2439825123
1224369196
3695190090
518987446
1195299467
2124022326
812534362
4277868861
3335963449
3345056383
3806741110
1372972079
1853634650
2431564146
1583882242
943730658
3840237747
1294333081
1429136090
3086545862
1159272126
896220500
1913438154
3096515390
3239816638
2150003017
346101007
3427160868
999645028
2322942265
3928361632
2229462745
1390553899
2852512825
2798439178
561639983
515774447
393783205
4122949122
1581275297
2426295954
2014872763
1764133985
1092233517
4228724948
1267986857
801639880
2656859301
2156135459
4037084321
1165945686
2984152649
2735373708
1691652876
3984521166
3709705119
25372848
796426728
1814820623
827973936
3212666087
1636583994
4071720463
1303816064
2029626234
4245548748
2890458621
3893002792
2509225868
2838588176
3426416874
3345502344
3522937238
1484479923
3874255733
1712314767
973029003
1854773918
1048988966
1304390884
3276663182
4265715885
401900267
2948334143
600907727
3814800013
2108189463
1096450416
370897799
3946283061
878334990
871098797
778409428
651692662
3869770177
2896303638
572412659
3769672722
2158663607
2351614104
2946835732
364948154
506722215
1179946635
467035090
1932842497
2596592340
2450444718
555536910
3764497423
617302678
1351927391
2994594649
4109978747
346302121
3246398836
122099701
3992671588
356743789
3004070842
3975562904
103941190
2831355375
550738074
678049363
3294864495
2059766245
2069630669
3390746821
3662801991
211947797
615129771
1136373935
4007899606
1837298223