771407843
3303170952
569304748
3536128457
1471158273
3810565721
3699894591
4152573126
630801960
714053183
2069541974
528793762
235460593
1232855570
2409606664
2599787797
839870923
2181238590
3302161295
3771396183
2479844988
4066007505
449080737
1978902009
2123211578
1241448658
233194728
530788885
284438216
3977776285
3378662226
2875888823
2042900255
4070627121
2301487865
355563706
321930768
978332176
2746703789
556040049
3175045974
1562837789
943957918
1712607610
1829339364
2421012713
2953481730
1228971070
1166372193
2319792353
2025571171
3963309207
3971515370
4113459880
1622717009
2114710027
3625241078
757569518
3411829128
1606190156
169364647
2459823628
1699048732
1520884324
15213605
184471304
2700150361
3742343983
401916959
3451696218
907149123
2029900518
4272934141
1687497128
1720898303
625301180
2359527082
1783539994
1634200824
2838118976
2855443092
