793147117
1898775017
1909225793
3663616091
225269435
1809305575
795369246
1911252165
1245214007
2989409291
248414800
2001865971
353965427
734359687
2742493526
273751155
2095789789
2221471554
3059284083
1578600623
3587601713
2971554909
2737464778
2657365102
1257788529
891868413
4159765822
3347970234
3811891508
2370449306
588806034
3191059074
635878457
162484598
3295338467
3178525989
2230188027
2736510775
483903283
2424700879
1078546880
1325433614
3078132383
2830736565
2996444918
800561349
3858331021
2958084575
1429854411
4256254932
3724924382
2882178790
3887141936
2806894770
3071916832
1117723800
2858744804
3932536393
1379834269
1238212799
1553286438
4230222575
774586136
4206799955
2577067410
4093223359
3922369468
1708592493
3961587824
3970619298
2707775439
2392571092
1713208071
3492623782
3530971717
3667748913
252688416
2273344679
1361528561
3112059253
2775814273
4215284685
1738879938
1353146787
2348529970
2038678351
143402425
255169501
2053146747
3904671888
3758523116
2358310009
480397346
2579580983
130071531
657467604
3456338884
3076043514
394173924
1692336183
2659446468
4088849157
3718009407
4060826740
4216489683
1639016147
585395502
4204191325
427346306
2177994579
1345513582
3432420738
1201478509