2010541201
1299842887
2400503459
790270803
2655098917
1354084101
2254839733
715571504
2389238093
4031219947
1703648745
3378529626
124431814
769696033
95724856
1797068788
3289574174
4226691142
2156788915
3767617994
4023037822
2982317818
3298963266
145575064
2999831181
4151945153
1047236830
779892376
2825487922
3369948627
4143094645
2921876230
2967773599
143290924
288907499
3526404971
206180664
1766370713
3189567091
526134017
3241330129
716153456
2907078959
2704246373
586266277
4083089446
3897851034
2952857938
2692960689
3654384777
1000471529
2298618358
1107442458
3088404796
2044127539
193208257
3173982664
