3571042442
3165756755
3154339245
3943230908
3761466100
830304932
2375701598
1600475329
280373763
2706722549
828757182
3466475904
4168603066
3585399307
2193902489
1226867758
2720385000
1390634101
3100428790
2249566117
4180265274
449236156
2826613828
1609833741
3345321590
3414581480
3264901935
357377824
860477462
3676085048
2572517727
2361652254
430880091
4120850946
1745157932
1354122463
296423709
1196409698
4072539081
3623183651
3733522940
2595562710
4082470133
1076233166
3917774416
3450362964
2476676992
3743916268
2886061591
2336789456
497888772
1352418223
4032396166
2478529873
113727166
1134710326
223575228
3658711767
3716490122
3134571513
3490074145
696681799
2223738107
1182049899
799843152
2271683657
494755583
2077902576
126923685
7403753
1730329260
39611229
2526233285
2602483898
485589603
3675695684
3158397260
1089553494
3464677795
2843765956
2443349774
2057972144
2453374458
3179049636
671617216
1870945113
4111327029
3981773476
2276630107
2976130267
1621736203
4015232234
2759530937
517983013
3334446805
2100663896
4206839300
3891921899
1387472261
635250021
2397353035
4258724650
2331936364
4121539524
1577271621
36273025
823905516
3666787298
608580022
2148043603
666663582
4218584454