1082508
1841210050
1052563188
1766771341
425883977
1318146783
583116305
1869005192
14520355
3423242240
4200280994
564561206
1429604707
1972731761
2526487017
202732054
2032046320
2629553433
3590124887
648182192
1783201239
3641660472
88652627
3155156285
2676530359
2165449731
4290967654
2357829436
830746581
3865188648
615034731
293768485
3269960339
1542737965
1594720910
1783746858
186268511
712012513
1118284664
2922507966
3362459159
10588076
1358999378
1742535486
1513968079
899592310
2200129628
4079246790
812476726
2497054392
3285920781
1088133273
1242230719
2434640428
961396247
1563807515
1902224887
1900645272
1675114407
2808483977
3844057203
1758898860
1135439412
1639467127
339651493
2420940816
1697456828
657480396
1287405037
687412406
155236653
2043246585
1922306325
1585977084
1309293851
1984878485
421752108
2488564846
399499375
2409793339
2499276591
93300788
1227379460
1439930128
2312521280
4062464332
2254412820
1243255369
3817823159
369461607
2530918009
1958448688
3446309501
4291522951
2396519383
2422044749
2697443470
2181435505
4276948932
2391651955
158504063
3537001084
1134333178
1555507301
2526951374
1419420596
3364234373
2789451099
1477255428
186837035
1748538864
1783065912
4102102274
1770283162
4174286192
3747375982
1910731180
1094745855
144601949
798775995
504008810
3094512582
3649025164
849222932
99090252
971432499
2012576835
1900394458
373060406
3744255334
2436816796
1029498980
4071609991
159023266
820791591
372216804
544529761
512563347
3041018477
1779614389
3275651292
2727867262
3715020746