329861439
1170645773
127186848
3874708956
2230718800
613911326
1110701720
3126251530
3377415612
4278056333
2665872142
4007660586
735911718
2400488607
3673200751
4288945807
2944808159
1348296296
59963369
2536912040
3288939756
1187105154
1627154193
3228249888
31689202
1454534749
2594471033
827282517
904943086
528432785
325953405
779033125
1099068125
1939197659
16011925
3570893659
4251596180
4069423542
4180051950
3098099716
4199969301
1210441648
4263470966
682758336
4045361589
4151520548
1965828104
345104409
3624007724
3595318709
859887388
3569384982
1406831463
1394469863
4199041708
3139790331
909867621
108866955
4111332739
1007693166
3230291998
3911683600
2860744151
2559289443
1866098052
3996543674
504098539
636892024
3767282015
269151367
3639079290
882009802
1983659810
4220273219
660452339
366018824
577234615
3744536855
3934960230
2427113419
3546734430
1349121654
2679997504
1596791587
1853509243
4209652262
3479412254
1010480975
1846922090
1867757483
4146514634
2922749326
1389207495
2742764160
962153176
3829338721
4112830337
3777430589
2006078317
3676669656
3796518624
1304801539
1365866780
3441419760
846123593
2658732342
2556428773
3519837375
1366103956
1126250858
1877691972
1474356285
3410172494
3798180934
3959492678
1131003953
4170101686
3533213234
2427193286