419859960
3231668952
3524906789
3357403204
630605078
4132064289
1698828761
910620231
2307177146
193531382
2641473199
4248723489
3136023478
3487825502
2396117241
1072455528
3790882201
2540766631
194871402
3395353295
105672560
2597533945
2799438844
1266930739
3125639087
3844440836
3004575453
2345753591
1172691049
2570963098
486338492
2823017815
3454465370
1035651406
1291559142
600866342
3155117526
2025784691
1898709511
4084289081
1701085702
787466982
3404806287
2360094266
470660358
2087026278
123523923
3878940240
4131627821
1126673224
4050939683
1586916085
3467542657
208281603
1922303440
899260544
2121766200
1400655822
2174485956
2367912280
1009793649
2887074292
3749122704
2738222852
4016676361
637621559
3257713107
3457641541
1300017687
3721392523
3989450396
2670748252
2645045736
