1789662741
1038923802
1644636473
207949612
2844250100
962982832
2060722111
2773525258
1742340690
3951018316
2697241771
3285042424
180871175
2338239577
4243424935
297196494
3747295288
525412133
3684183207
3057650754
460910124
110171169
2128550568
58554003
1340726419
3597747553
73621401
3245481940
97632214
2787494863
2387275036
2129557424
1175055634
3005836712
276866577
3399853839
3401555200
3639562123
48967779
2140146184
1524860656
1658208679
3267658263
3448097495
2939248182
51226083
3075438790
3010370382
4214604479
431762482
2055268487
3613349866
3050521419
3885295377
789469782
350722583
2054734467
2973008097
3770752063
2790899572
672588013
584746462
1997766641
2208845797
2311488253
4212186150
189712024
1344193533
106658392
