3952690103
3611218581
1766950409
101194297
3066786518
1410030579
795292452
941023908
1714742895
1068095263
1353033979
1752847980
3386348945
3542345776
2083662640
2569081684
2709690026
1994991065
934473997
4094753420
1104892994
855490834
3232227901
887724321
3994133524
977534895
1670976362
1225671103
3954217531
337655147
1846458914
2662282310
268738402
2603075267
3634432067
2099579694
994404107
327517656
1555419530
1010124330
1816766130
3672160208
3219088380
3074394834
3219957464
3637175159
1368197318
1439046035
1022156097
2604784655
3911400183
1544907445
2194045666
2720578309
2073473155
3854094440
2194909678
1065067152
88405758
1081216044
3798677058
3272188314
928518564
850588051
1357101557
3334688875
2240528390
184293456
2998208540
1361327392
2170445007
2822070825
2970834147
2339433568
3410060130
2527361547
2463994382
2029767308
635840674
338843153
1528356348
3222729536
3796538560
3031059704
1706380849
3983857432
2742319101
3315717643
399941341
1161490587
3031519870
4259110136
2930343474
159731686
828918721
1924079974
93094423
435694886
3874888062
4080182024
1459143967
266974325
2221803711
1290842770
2788775783
130216352
406184791
3249969625
3913864839
80263463
838826853
49247176
3007128640
1659351087
1550969556
381700752
1931148767
795961185
863436598
3966461808
1997427937
2302224518
1248639563
419317332
3349338421
2499140977
655897065
2561054184
1652873620
132062824
690531682
1247842818
1928797841
1285150235
1672096641
3867593873