464488257
3379277837
3586531739
1092595362
3326615569
3816363551
348408936
3035939135
574159635
1597467522
663340441
3451679719
3554670489
3833384007
578425876
863133588
1552185099
2653497117
68635773
1202570353
1685721999
2404610946
2392158872
3419010390
1080017845
2268973250
1544211352
3324399315
2016480663
2692617201
1591049321
130104376
2768584109
996231248
3162419485
3562066155
533542020
3573697140
3624495421
2931401064
3045676708
3996576243
225652529
2403065543
2161375485
961706271
4046129268
921156513
2987013621
749066481
3795227881
396554044
704878909
4274561015
3253939390
1187173618
3354606091
1588425294
2196884062
1665979460
4209235836
1255987159
3923381504
666733294
38544297
2640553641
1210729125
1963958240
184851254
3103053209
71042943
2294846159
2865487627
4046038582
3384228790
