3914571908
3842382870
4039638637
1724955050
1590110397
3599373763
437254571
4194799969
3663001983
2475711138
1293714706
2103247467
1045586542
3939711166
921887285
1147824656
1622755655
1336548610
276686432
1728039817
1338063483
269363321
4231459137
2038578281
311130918
4146865527
1011746479
1509277725
3192034143
51518596
3405674247
468465363
1309268998
2533252136
4234112547
1075086581
1954765487
3759881659
1789273301
1988980546
693960885
4234433761
1324304228
3309350701
1652089370
1333535549
4046299192
1397456334
1915399318
2019813973
1245069836
1241323989
3482594484
2556337012
3143636105
2721437212
2396606523
3096704781
2114891226
2005124049
3290910974
2046068439
3962177762
331558609
4208678999
3435796561
3143748933
1656327779
671379443
459326332
3880862506
2630949845
2990556612
2013428691
2872815562
2188420625
2610634491
1305098870
1437047282
4183155384
313260241
1561133458
2092970230
2291401521
2542884751
1289466053
2574215479
1104733380
868336240
2495488425
4010151445
3728595762
2882090916
1237392169
479820159
505306308
455147009
3679651908
2188162697
53793962
3021431725
3383885426
232309919
3796375762
1081949627
3576733492
734652545
3719891472
2591866215
2014178112
2487190396
2492382950
3420763284
1062130557
920148609
664149050
871008188
737439022
4093061562
1469585562
3736086216
2544757925
1615576647
2574802549
1713476228
2843308101
2201144821
234279385
1256581596
2054899530
2186428356
2248711705
1254708010
2528785986
3446083075
1196679053
1312022589
104412850
49275426
551539314
4132282648
2692155686
1909308109
3958821290
2730952985
988594355
1437385770
1537098841
1047045816
2864502170
3001420903
2288299507
3225420108
4246363348
2678316469
762541403
4224158051
3868748865
2320882585
2166253659
339342154
3120089597
2790188821
3773564736
813800397
3541581320