2322775660
1642110842
1565256370
402216240
412095348
1114704891
3897722229
3885300093
1134741309
1736997487
2807241788
3974920226
2651926641
1263416193
1247093352
3985835338
350926979
3163247234
4163515875
1337280202
2422119499
368556287
2144865701
112948459
3268054190
1271348573
1665375733
1736542629
2310004131
227280625
3355806470
4049446961
2454824276
1401945189
1898700993
867977202
3114951970
3191425890
1171575837
726921421
1887535818
3709860935
3213327462
320895709
4227321519
1077912436
101364451
4219141578
1813223921
3832363001
2499090385
17198256
