4098144857
59520630
1295257750
1637834786
4256821761
2231091055
598160580
2697840984
427893727
3174655341
3083699719
3214054193
1487641668
4224003683
1412140470
940147520
484891607
1772679012
3361996155
2135700725
4236734343
2817761953
2486261637
2790655943
3481404680
682289647
977176810
3409141218
2035558798
1818434564
1292563050
820372462
742212433
2135075447
2047985343
3826531256
444024396
1675340476
1791522884
840827327
1882008072
2233717266
17850521
1278081708
605535150
2241585085
3772021842
3213136294
477786838
610872026
728333953
514355024
457715827
1176593231
1217850566
2102200208
3456603728
2581238953
3366592051
1571355331
356186276
1709586301
1053108339
3540659828
3570784262
611636767
3722569887
3292347012
3963257658
1559890704
368812345
3797075863
3403976925
2554882003
1781745767
2232499714
2929686127
3147351390
380815827
83386829
1673547871
3256928096
2196346075
1430224791
4072207194
3457515074
3763358861
3451113746
3740438441
4245968175
3355306965
930141708
2019494795
1958215407
3228435817
2812093125
1775393158
2379135313
3383157723
2620031756
773347758
2928375276
2821422108
1471228470
2564606480
2830304721
1833050780
236820114
4073102426
3112344124
3811400408
2933145681
1032696400
1655569183
3746388281
3571698815
2106007933
1215737068
1898352366
1155159330
3550238057
1940291546
366207762
1145478240
2970655369
1575196284
2310037556
3488808250
1622585033
2600192229
1865100268
2813653160
1642170353
461296556
2426414030
1582240486
1947594245
2166503761
479895097
791116475
3005504314
1333195662
3562292052
783025260
966675047
1273963323
2768213137
1363464047
1371694949
2815354720
3957682219
1397323177
529641634
3591523840
1514010156
1245683609
13444991
2007244200
4006154591
2969825786
1517805760
3006572730
2736030643
2348731093
3626765034
2582329400
283228651
2161968219
3139579378
1223059234
793699698
1933758538
791875317
126498359
3419098090
3667793187
3567020780
4116825128
412608089
2104491990
1268638457
1396170364
2113977411
3902786991
1767521492
1970439175
3656165347
2837952254
1373495196
174389139
244960443
1933559982
2854831857
1232065052
1985660577
961458526
3646984464
1185931314
3765388580
124631265
2106656497
1143844005
3261271351
1104706940
1266625754
3473274116
1280197355
3702498503
1363140249
607200772