3348481635
685423583
2026841005
674199893
430110397
2029011512
1150383440
3545329398
2096987988
3554975021
96220861
3344418888
3036600923
2870968023
208507135
3259247638
2562093687
3584916248
2485088136
3222670162
2067044465
2071149200
2262535725
18356668
1489916251
2740403901
3886311654
3037395415
4167712852
2241576922
273553281
1322736452
4230812680
4053144322
1426584541
2706325034
2066686955
3491746749
2708044916
417558705
2607941910
3544006695
213648165
314031899
3043562775
1960138692
257663102
1794911429
586782058
307117430
2284041680
438614066
2903008351
2732009760
3271966309
1778501240
2119468150
1755197315
564312786
998683460
299906125
1668724120
3103684006
3354874572
3617107972
3034408600
3250228224
1792605208
287557458
595681941
188092
3714788075
2209456799
2750595921
2473181833
1886561542
