877317501
1428803250
867298009
1256039138
3059660228
3813805782
279788410
3880166199
4256625652
1340456459
654101876
1422355482
490949396
3619440110
4144359675
4293471741
1766989946
3440409315
219193824
2934016941
68407268
1649579459
1846953067
3646531417
1748713957
834727573
3063959964
1858070941
2547124909
505080062
1161558690
767105280
1709797909
2694561659
3437332282
439246755
3763953670
4170968592
2796640030
2889744436
2936556022
27892455
3588473647
2799028714
1150007455
3803640801
739491666
1023749086
516282339
1616779885
75588676
3279318543
3457528366
716516312
3452143325
981490300
1654569907
1002053116
3260502592
3229039957
2467280772
1723067976
1184524506
161990404
2908834378
1713089899
49437198
1058390388
695233358
3001576739
3479738614
2423829337
946945776
1705166536
1927482883
2627242809
2040674011
312250005
704450930
1867978655
1395866743
3315290989
839085180
3306383506
3147128968
331967793
1237716640
2301585573
1015026141
2932582573
1151366883
3301594550
3023220846
1679426162
3703287092
1634578257
2062840446
3281514776
2568879873
1359813188
859637696
4023931776
513387827
2588912911
1034162053
436360646
2032884337
2995453725
3551162992
1423875838
1056521897
2425700736
1065930128
3552043387
2965220795
3908754532
1308589580
1465252402
492282401
2252124931
266026219
1921417605
2674704988
1770623324
3872702030
2306866559
1078591081
917738300
4080993389
2253125207
2735767430
3698405860
4251994110
2157361574
2588311790
2345120376
618515255
1371798299
2881923241
2336121390
581495319
4234904706
2786288713
321091909
936293320
3792603018
1293865937
241337053
1388204214
2967490571
2155453639
2625409824
4130345189
1261068191
160065182
3620224063
2408257462
21538647
3769344780
36104808
2566242699
3277281201
3003982975
1637492447
2199799116
2794111970
2292056975
3355836904
1856345081
896619274
3127322931
520271332
3185675829
1067245970
3830250870
2943966731
2752437777
2768403581
3990188825
1497338721
473542508
3028511660
923206581
842138766
2305604769
2714972229
2786947960
3303207145
3695106168
2301295586
1514094924
3510963111
2461415512
1730612337
2229495290
2523603432
1038751267
4211861152
1762553044
1455610669
1455861276
1784616052
2764432236
2685862403
3292743220