3576685991
624575214
4003815310
3431271730
3326925291
1614267366
2853967458
1038371043
2257070165
3934356948
3808480599
3628764868
610348688
3140691385
39466178
2176675851
3967992318
2349512457
1125830224
3597588835
2592917928
213616689
644505967
2874454402
2397012088
1249877744
1095169668
2696570862
3804635223
1657621597
873510490
1774661176
3744754040
875014748
1056353528
1626182388
1787967482
2962031351
2572129413
179643120
3454458570
4164173263
3978263441
1553319989
2036771206
3233724556
1063715275
1864475493
4270123523
3458975847
2954588436
2792198038
2781163163
1066096318
3862445291
2468064272
2862520129
1675256425
2459713101
3424426773
3054559997
2455875209
2626785268
248274051
778296327
1936814731
3839341457
4229334926
4119262289
3067144481
3776491414
610910826
532048362
1322768481
1504916174
1724173298
2002069250
456288238
3834472182
1689960969
854780998
1692040755
1833816686
592073998
763584375
4007417872
1491653065
1335637364
1862621921
1173513760
1374430496
3755312160
1969406251
4131209892
3913566000
2598109700
