2330028136
3282745544
3640817359
2615493832
3169453886
1895445747
3395171529
445687284
3186133144
3613600990
3360532869
1064728272
2397483183
3731470450
1205218470
4275024707
2650089014
1322762651
3382802899
2081977015
1520965820
1572187213
3077070785
2400071650
4150899725
4156319169
1044266101
1999259043
2413189550
3737913462
475635384
51599868
3080181743
2822527078
2120021386
1175008074
2205734189
480708987
2151816773
3841654749
272098084
2641367921
903610311
2609125001
4112253076
420634991
3937946033
2953288018
3926181613
1557475260
1222660044
4191881957
4207640570
871556362
51414660
3166446688
44199441
130548542
2926507736
2705126370
2824443688
586657016
2658483187
38120580
3518387862
515026669
1134931589
1228004409
3828440385
3842043377
1618584608
2822030049
2890775025
1184843850
271403239
3556895253
111283782
4015712292
69039477
2414330144
2020992864
3321617722
1003516892
799559008
2168077401
3790023871
146468613
2279209368
1579722266
3739373706
4163107712
234267258
2650782789
1103009852
2040385054
1621401084
3868593974
24762217
3147684830
2256275608
1862974111
4143243196
1958280300
334776822
1983775960
179625507
2940628119
1100439962
1451257395
3618713120
1825523919
1756915761
2010995778
2491726864
2307278531
3740111761
2222927904
2258469295
2839211265
972088594
1748172915
3550160981
1536562289
3871892891
1760531725
716845664
2873569562
3381950864
3214749783
417090923
1592968555
4130571977
1366395145
3823572020
3178005028
1235131777
2052797904
2132869113
3306791744
996639130
853028164
1035374578
1237420162
861715496
434649872
80856075
3550112765
2580596116
62064325
3174147840
296557420
2236306049
3382625328
4172468410
1015004846
358825798
4272365541
3338205030
3212681777
2729439428
3070270184
586877164
1601950107
2002822632
1316169001
2228996259
3949546221
2876101709
2086260643
2109643915
760485007
3704813153
4158025672
1966047913
4195554454
2202795635
3932350935
3347510828
4177118411
2462694155
1991343565
821090494
4097320096
2042486136
3977072625
472240510
2098218524
1805730948
1260101855
660165687
851493989
3010928592
1151741418
3257849325
2201918603
2510981501
2308620141
2317040154
3890709545
4090924698
3039849499
2272746751
2252947429
3098215207
439675199
4029305474
3912967585
947965911
2183646550
379295550
1591175470
3595954718
2238821891
1949505906
3571908685
1671028187
1637369027
3791242912
167698807
3300472342
1204381435
3244532535
2962696693
435365317
625853594
884242874
2036158173
650565635
3984268433
1795479011
415737567
2781864391
3624480847
1705515989
3304272287
208055193
2661167159
1386562571
2304810736
3446022770
2370824699
980783162
2546820721