3577996344
1971314384
2905391463
1533212408
3412791841
812731186
4084165766
4153214601
4253837677
1101397075
2911190481
2290077307
55483927
1526397228
2125664449
1934732873
741288882
4235443253
2397325783
43449079
1399611138
33839202
1276240128
3383426204
3379191911
2443960885
1739916923
4224047943
967805684
1327100103
2660171344
2794386826
2515657434
2825515464
513249503
3040505590
559862936
4065866652
3224078686
407531719
3469318201
274583386
3070747033
334574335
978935888
576110849
2187451944
2418732132
2026230763
3684099663
3424325279
1942635418
2174904040
2851479448
2239086228
540451711
3380650744
1852243367
956744497
1796146726
2103612151
2396589004
3350760634
3998548136
3303765506
2253379297
2418806262
3933105737
1154496031
2341860808
3248010778
1280365006
931610774
3630360999
3544024048
3226219350
1982137631
326045212
2276080774
2467057629
2934647806
620347388
2864052001
1366285435
1762586731
3779698724
3290311958
4161367022
3851622343
2873680911
2537397445
1749461550
2233358280
1296293914
1563128380
3079203093
4214184139
2684737592
2923967875
2524164141
1638918007
3489166734
3198683342
2393482396
1421671414
2481514418
2252940509
1837135982
2236337691
654482981
1680236799
1145065447
2009203192
4084507680
727014310
3194670991
3492093477
3374741503
1439937547
2750186828
2424739800
3277258734
3568098708
1873603545
1580129867
3621853295
2602495546
3025104194
2424726129
1030307546
2198409188
1518119087
1097506228
210555321
1730145768
4294075535
1737391776
357423829
712372785
4027275865
226010512
2484255951
2945612321
1821366071
2492002570
2532605497
3386560935
1325052576
122119204
652616523
2687814330
4194129568
3437908522
3067210062
3539393622
872353726
3147449932
1529982364
3029159996
805073906
3730871077
935691790
1030141978
3356284464
3556150259
1407717920
762745990
3342131793
2637286158
3508477438
2928989336
1048420627
1681903777
66615102
1837985973
3740902986
3841801847
452476279
1593735856
2056265260
2343642640
2498307073
3393481784
1081021366
769610458
513837713
4061131652
1044402266
2612227596
223178515
3173387566
2730019484
2547728660