1368565754
1771110065
3342768476
1957682393
1671082946
221097149
1713244256
2332713309
2199883716
1057534449
2857913213
3955019416
3995668173
2110464533
3343342104
99763034
1998828721
3111883257
2125899788
2054965907
3751261186
2793936817
1179808797
4136316883
1448334169
171931199
300546279
2258406542
3184235647
3517634056
2349031327
81900879
2757396446
2672209033
2229070153
1264827566
2347021989
63490123
2119309575
1550441729
969026496
1628477282
1755213483
2242429449
48003706
4283065536
60351592
2228220720
4173052861
3434369416
2156561755
2977244919
3211174573
2212675907
3241163523
765899479
618785925
3375641697
660224780
1294131547
3181360057
871149762
3277339388
155308446
3258275631
2276006382
1758181131
1066702693
1524307530
1147524477
1785018626
160551379
3395869217
3920213389
1425917337
1887650904
422488982
3057140478
4054194818
2106582001
3499041911
1869917669
128437960
