4088930215
3654220610
3111748831
4169675154
3682340096
1120121245
3026690194
2286446799
4230262092
84339509
970413960
1177707467
2940267363
628440762
4135500729
4158180974
333729916
1459798088
1207132193
1859282571
1840644158
2617067087
638526430
498231416
813703680
1926491145
3994007469
922820499
3544824200
3633010596
3296351866
3332088144
624410958
1273547119
3637848920
3680710367
4015624130
4104204768
1483318522
1362036848
565548036
1144957668
621043448
1526175534
494601356
1826713463
2985538489
1068304582
3821551818
316581159
619267169
2240612094
2351827309
2546290726
909183837
1697672608
2401580096
3542823733
2812214319
376698154
4176304949
2283796265
1059813784
2656815567
1664891877
3358688529
2263936150
43990509
2958388047
4258723657
2254892753
1185792268
3377691406
2230832332
348037939
2849375288
2474679672
2938497888
2540998014
180479510
3689740750
2803394935
2486003129
4063433647
1151863727
4192368564
3046072921
1662602720
2523190985
3226036655
541464359
727089324
3641552936
33622270
4069377383
3327511492
2871347809
2199179668
475857692
2251230614
1303706841
1450201761
1875604865
1377084905
652527452
2887755597
3931319383
1395563406
3521673180
2347955221
370336651
2178126
1244120391
2499951198
1002823919
4113117440
1264463056
3281498695
3390169625
1064306574
4203329919
1425808921
876211557
2021994419
1939628923
462070526
1690187938
3227130375
1810631356
1507959392
1557241447
2465011522
1681569617
3779906663
1605274217
910491389
396156812
1412251200
1847656799
1533202701
2114106072
3951111164
1296189386
1654182952
2990847349
1110331386
3017410337
3243589546
3309049517
973676090
100734885
3841520583
2123214731
1873736640
3751565327
1221765473
1833751479