1221672847
3283352161
3770782242
4092117308
3542931470
1042720590
2106341367
2437414537
1561355276
3778058235
432780091
1509100047
975172780
2676202056
4034814259
2033817399
2621077611
1699155785
4245011462
2735021786
413877900
3014807786
4042578946
2561572354
2615689519
3849691304
3289590350
3835974888
4104962196
3350284950
2699065453
3594561032
2298187951
2699950319
883879323
3783063879
2338725530
2139535215
89824972
3083083231
2779925628
618463134
3475702070
533001510
1483367297
4284519482
2718718129
1089411152
2474612067
2360600615
4163664425
2690411154
2082574905
1454484180
1899163800
251485649
2279330147
271213146
2651878578
3346162519
1221967013
2399456818
3380985369
2033756825
393535457
1962566103
3946903641
2429914194
2188148317
3754052721
3963752534
2283543336
3789596140
3240432389
2618525835
3681032432
1031444719
3395504191
457525319
677637897
2194212758
1874870221
1804414638
309169039
709014390
3611836856
1757861968
3604217235
1200954667
354303897
1676731294
865161791
3542841377
3056108813
3339345488
4292736268
696401518
3357982498
1347728889
2100213360
3503243700
396605114
2241361781
2638690460
857825123
3759205784
4212439502
1936085405
3598290037
363441918
1936919734
406308374
2048939941
3486194593
2685547777
591144919
3457837181
2372139509
4105038527
3073227202
29364575
2646690980
1332436744
4065594078
2353864792
1923939922
