3552254386
1393070142
3191334035
57334271
4118124489
2532229323
344818517
2576780976
2717013246
2133241004
3209561786
1248705830
735666601
1319606688
1308465679
4103512800
2101226404
694243693
2391661067
2047440691
1209221860
2401402933
3052170828
2431812946
2678215675
1722642175
3977888337
45881200
3551627271
2318893040
1409617539
2344734684
3871006468
1211674444
1579218639
287065723
2531373413
1617817181
3074240335
2859396217
194324448
1788124254
2651296236
102637947
758582426
940340359
1962082500
3019588629
4116721141
1421942300
1541102268
854092394
1249165193
107763465
3546257227
1726156686
394125252
3821165894
3581218842
2205226797
3425957550
3848119248
2204097219
2109855671
4077932912
643934032
558520906
3766597896
2542366887
3174308763
3594967619
4009318377
2744646189
3257963867
2922219841
1647670173
1723650610
4166902663
1231535231
880183270
3185461026
2293549726
3880300480
2584945572
2384934592
4035519968
2652084176
1181418974
4167135005
146787769
3564098191
3814050999
400458339
3427382938
991579995
628531109
556425582
1839396291
2526632976
3600829113
1354600104
3470819189
2228853357
2296416342
1051378728
1043299380
1669636509
1954788591
3306381885
1129221033
