2425444165
921894174
1598470909
1116967582
270201288
1827204551
2388202474
809227771
2086254619
217538207
1243920177
3616645250
1521159631
325419886
3333638203
1198559489
3413379443
4284126644
410861174
3770735836
613351918
3736463356
672942394
3370355238
4089801825
1523067185
2585795266
1405889256
870173663
2980632763
3019165064
1708081713
58929869
943320484
2755410768
2448309983
4116861554
1867403212
244720447
2388418539
259382883
352656279
3149426717
3006193346
324466290
1539152834
2901344393
156348523
