721993094
4174246090
2456591125
2605647174
2405781792
2902667788
3910488348
2202394660
3753137569
681130302
2542504308
3281054706
1897869866
1115140519
2472720208
3087685131
2304768690
2095094738
2103870336
3727759927
3675536277
2524041539
2316290139
2523212081
239573179
2857807831
1473087710
2548446379
2882968109
3101436690
1921671146
1243106191
1260750611
961650278
2141882640
3700856691
1358130144
2074568659
3843989441
371971833
876000980
333146592
2138969016
4167700990
3059297613
4163579553
515671414
42585087
2237797966
1714929215
1123371168
1112094502
516269188
3239663107
3212442696
2128537721
4017738438
2251622232
3381229238
855542237
865521093
983751945
268806455
1634213959
2491267367
832829029
3269118213
3646930524
3190773063
