3568243112
4131996400
2721832538
4146689317
3648847716
1199297444
2067901239
1490918124
2353965000
840393849
1890946168
241066447
1436825164
656872151
1165069986
3531579416
1550288230
2778135442
4202426553
958062105
252864104
1771085558
3149321648
1043043831
102507309
2690405198
1130613413
1660256592
98759408
2061185926
392960310
1051385703
58271344
1712537930
3324473306
1602507206
300179580
1185261246
3719258449
2419474753
3757636160
1982482984
803394542
1769115949
3665736372
3996490027
2448477619
2659444965
2311258364
260889288
4035896699
602839175
3863201581
1281418999
2905457117
2245908225
3196787262
2641535808
2763922239
2386868477
1882627344
1894150637
3152407311
4222478156
2621343788
1205536459
1170747359
4136653402
1890990146
2190502276
1627972271
948262875
2329925653
1774959782
208705182
2704287684
505143569
784332881
3070450190
1442453186
3932763760
2219920360
4013636753
3434108422
3594976017
522235779
1654213109
1123962318
820617431
3039877247
1095358442
1760100384
3914490181
1646918362
2389771478
144710403
117515662
1708572310
2584732324
2944538155
4131549445
1485767345
1493620702
1689928085
3987760332
153427578
576654695
475054564
3250573303
