1587833816
2600720037
664978883
1965558717
3961180782
599460736
1591983903
2092455910
86990252
882278333
3783821931
2246775959
2017200237
198551340
3051381912
483690845
1814674903
105245147
4110342423
586975188
1572252741
3260613175
1738472501
4030325629
1299613285
1889986453
3940319043
1098637195
665342930
2753259570
3441187987
988291692
3776519374
3210659516
4177452402
19519969
2626040511
3840432402
2215244792
1889533730
89427926
2425510690
3915797961
1709053970
776504281
2081417473
626629389
1513085818
268497976
3435261881
1336646136
1825796258
852076930
655629537
3145646751
2875121389
3793902948
3059806379
2571433431
3187682340
1391325848
1398009846
87358837
4176861298
2184820990
2443138868
2615867708
1679674488
1124283702
2222465452
1055868034
2965000863
2346902046
2110936724
315971372
3897189322
3384960493
3777700086
2143832639
2375470615
744635687
986283583
2865789216
1235859955
1978967228
4267730700
635500332
1060027869
2254621216
2543708057
596034492
860449631
1733482323
2233279949
2180289759
701227192
2362670552
3150624450
3166825018
1119843742
230523090
3999547061
1584225653
340718804
1178443676
