2884301554
3654220610
3111748831
4169675154
680534349
1120121245
2083761893
1512279562
3026690194
2286446799
4211649224
3078767692
84339509
970413960
481360003
4158180974
333729916
1523653832
1459798088
2102321414
4045686705
1511502135
663187722
192181652
2617067087
1397811800
638526430
498231416
380303872
1926491145
2893159672
551567266
3994007469
1240111768
922820499
3544824200
3296351866
1509740142
624410958
1273547119
1847852551
912875814
3637848920
2612923353
3680710367
4104204768
2688248552
1483318522
565548036
1144957668
3455947513
2489017264
1826713463
3821551818
3430347991
1884372971
619267169
4196837802
2464813679
3864811173
909183837
1697672608
1297100733
1908200767
2715214620
3542823733
376698154
2244863874
2308743844
2283796265
1059813784
3761610307
851468623
2656815567
3358688529
2974085909
2263936150
2386328897
2741468416
43990509
2958388047
2196504659
2893716121
4258723657
2405407058
877873464
3377691406
134281554
839951177
348037939
2849375288
2474679672
969849255
2938497888
3821060659
2540998014
388842796
180479510
2447974789
1275235353
3689740750
2987182324
540605791
2486003129
3046072921
1662602720
1685210747
3141853046
2523190985
228181616
3226036655
2840234218
1052329103
2714679199
956917869
4069377383
2527654187
2335855135
2200975074
1229816020
1411373199
444041360
2871347809
2199179668
3301755562
2251230614
1303706841
2131968053
1272760925
1450201761
1370407156
2512641364
2250874649
200093235
2315041981
652527452
2721759748
1921139880
3931319383
582849960
2658148351
1395563406
3521673180
1419064620
2347955221
1997482804
370336651
1244120391
2499951198
1064306574
1425808921
876211557
3251424776
3766130764
3442018329
1939628923
462070526
3227130375
2499656420
1681569617
396156812
1533202701
2367687298
2114106072
3951111164
1354845618
4203477096
2939243892
2413814570
1878261055
1058562740
505434634
1296189386
1654182952
143129871
3234463291
3286762222
2990847349
1110331386
3017410337
3309049517
1930344818
3854282743
4213150748
2222198719
973676090
100734885
2123214731
1873736640
1813709748
3083748292
654996546
4137126387
3751565327
1221765473
1190971827
3059794505
1833751479