2207941087
611281481
2407646114
278051346
1213479868
2992622501
3567161917
4103651036
896595877
4082040965
1341504447
1353021034
3093579895
2102943331
4022891096
4045498289
1768688167
946792606
586941128
3122804357
4176799617
918928408
263111014
2272723522
2008367063
3172774230
1242491276
263249657
50435286
1790842715
65547812
2236229922
97239104
1942118199
954737882
771796090
3637687887
3748362875
840945869
4255344561
1176750997
1722312668
3055936052
3884271116
3822834638
1109897751
627146637
3017117697
3276644404
4208988700
3627122435
3838362819
2119842335
3921154903
296749423
2734403645
1655221136
950352576
2766939240
1438791047
3933653408
2221229997
646217377
3092496258
3060103742
243776229
691298768
3305139841
1578728935
1069604839
3935210745
2208170484
819125213
983757599
522118898
3731360208
433313889
96634627
3932485276
3820939448
376132415
3080573382
2076230346
145201586
929849739
370047099
1669677223
2423272914
3731371603
3731205166
3436740533
1593964015
1900776060
2781152108
1352433554
2503772866
3658128221
4146879392
736139423
3480785391
2017617823
4208129898
3640487218
1155209861
659797076
3232493427
1615440324
4060332932
3227424872
4052403895
3581203583
4192442053
1544005295
2272078555
3679005447
2950026025
1575098871
1024205697
3484000209
115938663
1113274951
1585051590
3462716797
3724625059
747934996
2361980110
472995088
1957086581
527302770
3521155232
72730902
769078522
3478571899
2655954071
14974763
3382625492
146400704
3650258628
849793273
4020041288
2190169245
1884243338
92066749
3918191559
3713321444
3927311507
4228745043
1113213651
2575295580
1015720515
4072336225
2990764218
3186044864
3122588353
2571865177
1577181699
2404126821
598271446
4207880234
2358280420
3229720029
3672263130
2823032949
3796860276
3084177430
3870345058
1515990305
2393505266
1493544502
2290236749
2216428498
2842334393
3863253139
433473018
160174953
4110638980
810941627
4207012299
2927245511
1672818240
1731472082
3105181579
3501349477
4224880582
3847902900
3312103338
113814940
267115103
3704572981
1406528545
1570365967
4028239743
199589477
3702593801
1892703796
2259361558
2244079259
3309060466
3401146091
2792375526
1340789903
3965230286
4183329824
2266340386
2401130801
3297899766
1905488980
2392123968
4052171653
4157429032
2634255113
3209046015
4130785951
3654147854
3509362325
1902779483
1503663547
1394883495
3391228962
1483221581
1516713162
3416842689
1375268199
3254663099
4272037790
1621319811
117574600
1923443468
3532628184
1232472089
232087048
986454367
1628049228
1642123290
2753249216
1899999282
3359282180
2542947744
2774714460
3263888267
519158640
2331091949