3170478159
387604850
502219292
3118162667
3062664857
945092752
729136333
4052048582
3521741241
500317533
1547337438
20615016
1988509876
1628751830
1923457056
1021299867
1554586878
1070287928
1481654823
1465481319
1199090676
1872896231
2005607066
1657816648
4139066138
1279931414
3636440695
333133854
1080802215
3170230368
3719537800
1505585985
2163757420
3339611466
431722297
1645650883
1136629055
1712723431
1835885161
1924399589
748172483
881012047
787254271
1787996273
1266314981
933388173
779398358
385965230
3404737845
1675105254
1411489397
1049994326
2067267351
1575855249
3509847721
1621365608
1236032936
2474174671
3024221156
3521608787
2084769890
1937694036
4045500327
792909610
1181420620
3527861406
3363837711
1983885201
3632810201
693651619
1671491934
3748303113
2828761549
2680972366
4244087629
2995901243
602585763
353854659
2749535233
3727715395
1462169630
