1088357836
3101356760
689816729
2785833657
2543955913
2298531751
2433217565
681529499
492815485
1701065045
1961173002
3550978429
1050980897
2004990867
463879680
475615064
3392580880
3397959541
1009674880
2119872709
1981625619
241854938
985421856
625633705
1895807220
3849671234
592990815
3389757866
4244262312
4048169692
639903772
1523718485
2280562121
470578015
630428082
963500539
621083865
2874469686
4141855113
1195457352
739304785
3992110203
207204336
1999913611
3775274259
2743707705
2694768162
388437405
1751007876
1176671578
3066857018
205366616
2647378125
3366319359
2462670169
851519187
4208533229
2159192675
2286532167
1190735337
3128565949
3336406136
3424890941
1336752746
3472296263
3199392823
1260873899
1435163780
1528519378
2030532042
3455461949