68015174
3874115458
1536367766
1750562481
1357398908
2174884168
1676237910
542144942
2078729881
915746564
1134292295
1767992215
1130545904
3083927297
2836871984
3289848011
1784713515
1298927692
3380177749
4229719174
164237382
3894256818
3390356512
1687578920
572412508
987541538
4067396996
3295511066
1061539374
1132257978
2727500281
2678803621
2073851680
3426239871
665938131
1590896885
49892794
3530309730
1746419829
638361601
1818325878
1498417388
1984785848
880639356
328830147
214947198
1975954171
2530726457
1213798248
136406599
2172576495
2398829228
2408543968
2118807064
594317884
95435512
1445305227
2163989297
4024121206
1138640822
3024372255
1786772863
944560256
1914802366
2161258399
1500666191
38494085
1903786724
526488635
3592781078
3167322927
2652373029
1948539199
2523165011
973686382
1304978047
3919774260
3551614548
3802136314
4149012259
3732359375
147366133
1781076012
4094804746
2332626235
2155782740
527531191
2916458039
3420542204
1125220892
440227314
157070123
3792513957
255859330
982577626
3142731438
147712976
1537083963
941564018
3041490395
157831478
2151565444
3282468807
523041956
3428534224
1285410936
2179236288
2994756804
1776767455
815127200
