2475604834
1118352682
243453243
600406398
3984766904
4082155924
2819179530
2621313899
2920891705
3657128459
1843714974
2280695489
1546071481
2369681350
2215937512
1290032417
2224508426
13008091
3682535140
1200249818
279718027
3439218425
88737884
3934691014
2790584658
2327557192
1478147590
3616602072
1636363184
970149513
2123870749
1047413866
1736781374
430713323
1624827822
1933119549
3072440857
772475549
825248960
3036665735
3765436355
2697469452
829090045
3407554796
3809557805
1884393548
4098023586
306068070
2183387806
4094574389
116170398
1578953249
2062235954
3874827288
3786519380
664355941
2014549860
1387091578
3758885880
2126642839
1652601399
2893568933
2633039442
1217252879
1083980638
591569393
383011567
3969479883
3099665755
1526532443
3640667720
3467471176
3312466156
780587146
4181630641
2882695221
892320999
2794635967
598150552
1723224755
2657858740
90575904
4224228141
1300335079
2043161972
1000682699
3909853851
3051252637
2681498294
565687736
990001721
3039124723
1008928375
2930524891
3967403476
2549252369
3269320423
3286140686
1690312401
4004912912
524518064
2301303303
672952428
435603042
3704759191
4231449781
1292329610
1725840297
882323417
1425466327
3716441766
1720990053
1821313922
3295506377
1281611909
4119212542
3132722731
4171737575
3724121277
1089775693
3222975186
742961456
1676447383
3582184522
1294951801
2107358677
3228045904
3031533124
1418877845
1653496592
780629888
3984176375
99268970
3110480005
2633573614
2350310293
1151268943
699507058
2842351880
4006158514
2658519315
426764860
2232638787
1274469818
3802192743
2348640808
802608143
3300557673
1570200453
144803349
2641707956
1744937581
3528729355
3249988339
385505337
2442450252
112069149
977369522
581298505
3009783941
4235680235
7046874
2345510447
394579265
1482230498
2652764315
3187343670
2572642040
1654236257
4158834328
3961436449
821960427
3590137185
3544601