2404679793
3764276647
952637512
2565281803
2381923397
237789500
3693797930
3934109420
667423380
4142595297
4074662900
2410414492
3922829299
2886530807
1370523869
4181389434
2199646393
1418122428
3944796106
3764857139
2448447094
3861058095
1287321097
1897284661
265540276
994587864
3777192121
4068088639
2449726370
1587981076
40862934
246995187
3780009503
21960845
112680304
1907405141
3552778613
1005691252
3283557220
1932508450
2008997944
4138002375
3960403688
3396732620
3958033740
2690939217
1594935051
2014491972
4251162229
3882987397
1438065025
566049706
3989276287
1295318982
3004818518
1170621482
3683015374
1055904170
2017574837
7727302
3397241094
2215648035
1435937387
337458912
1676104419
2114403629
394986208
3262618900
129202233
1724417952
2685402688
1707560108
889144398
282834895
2244071218
1192131364
2916072892
10518048
3982462444
1418373596
1670903406
3537111687
773091662
3001318191
973128493
988189385
3038657946
3952138357
4018253047
2717659154
790819645
68453841
