349872647
561137950
903365507
3612060554
3698730166
3594088202
769616394
4126432166
4212988108
3996207342
2683075425
3722720788
133172273
1003640981
3120525790
975529658
2735204638
3101637677
2974864827
83298805
4250611960
4215512097
348663520
1487595409
2922753371
535278745
280822770
140931692
3059571248
931635137
3404154471
3832870237
826704675
1435511625
910212951
2993842587
820937415
3423913761
4169725576
2449754451
2027578605
1195630720
882672131
1228465696
3300898024
3171594305
3836083834
756099344
1423620265
3095339880
3260741411
1635584040
1271976283
293654173
738104885
1017056917
4142203858
72389398
292260001
2060826098
1279775765
504952571
1363901783
3064160764
383831034
3891528142
1413304030
486882010
2511949629
1753016428
3193353618
2788925325
2817617095
2057628834
1399952356
1101127335
833324549
3412059456
4177421119
569724300
2873637347
633443504
4244736525
2685715041
2827425136
1523242231
2487333183
3983332017
2567405037
3204611700
1860380774
3112272312
3344961714
663884317
567870716
3002401514
4273279886
1991757795
3912742090
3060985639
2120308039
1061051696
4142360859
2071688050
4228716996
300874034
1906365230
470938308
3114018052
897414380
2267617455
2797032383
2878077373
1932201431
4069893771
865099662
539520070
1223455360
4051976723
1008630258
1990462643
52300955
2603125953
297982050
2476075448
2476714106
2715421047
130267202
3999980064
1324487784
30478523
1250744308
3307719373
659503384
3350219396
2887937894
3727286857
337233340
1678125437
3281547886
3107756681
1038883970
841304048
2395579154
3559384048
174386441
3927269660
1617310308
3310531137
2755870608
2240035317
650647881
1904564034
4023476837
1747777798
3363296405
2173180289
37291336
2510475693
2582071205
682769178
1753702353
2379171060
3324995114
2402924026
3614787342
3558611554
3084031022
210565635
532255326