923151862
1899933351
969026940
2601681483
3730649856
3494046872
123269679
4191018216
541249199
2172767567
2933010403
3241611218
4276224439
843217358
2939225672
2431961863
2561045793
1558821955
1352602209
2602574442
259921303
2155445047
451866271
2981483051
558324324
493141878
388381863
3237888618
2643290530
2699376583
3280964742
347489925
2433935857
1727391331
2696997638
1442025598
2670705056
4228797347
2301237918
2856581172
53025889
3317016523
56860927
4204502183
3237610177
1788417333
3089196992
3210640963
2879935489
19398718
4278091204
2620464059
2613715122
3724507734
2258240656
374362895
3171710252
3743898719
1184330212
1098775349
3055834439
1079744486
2902680365
2397365689
1371018057
2842324502
3958540449
2136021037
2724175800
1688365915
2023559983
2744938300
1039752692
1248809360
895752270
1396418745
1852308134
2059471148
2474770117
819297270
535997067
819185878
1415769166
2999916673
2327728510
1601532201
3426771123
3006831127
1549828823
3448809940
1470405047
4052903941
1259102388
3605061269
4181232650
1600029228
3116082108
2525291696
2640226478
1163905768
3052924189
1458134118
72503173
3525940658
3954988245
21118478
4118651395
627111696
3180353675
2830128819
1331305733
2894243863
2308781641
2499587104
3988339408
1403943618
158397850
1322326408
