1355159744
1040908778
2396038527
1226699682
1460247082
2140669494
3513354679
1063013992
3866686030
3622994088
3025337857
457677163
1083293442
1748072718
1646587344
558927747
2782041816
855664949
196183249
1388890570
2023569647
580259265
537433309
494101248
1214732742
2521125778
2231702451
101418392
62661238
10442025
289148819
1471747076
2909496550
1975241703
2425636611
746190573
3666487557
2097603105
1543386565
3741673627
3848134548
3985627835
1295488318
1861761458
1419289883
2594724867
3038651843
1226703298
4156844883
4203231486
1202068345
2186331176
2724558746
1041863699
1648811062
4000753515
9426535
1809577096
1686777615
2132427559
2726220087
3319235457
437339414
562225403
1765196775
1051878545
2025878392
1306173174
1537169513
4209692437
1899912127
3450933493
2642578952
595121855
462369731
548286342
2380424833
588415322
4224824626
1274933106
132400059
1564386925
3435382799
1893854329
1841071529
4127925632
2640523410
363949018
2207477575
252965394
1634870660
2109656885
1566465609
866500550
4040647319
4129960585
2119369111
2268531510
2529308471
2401111408
3230289499
494921310
1199348563
1062607996
3812571449
1108741010
911762882
1392398257
534366879
668454671
1129812443
1389637629
350717529
615870546
3167536209
3473369219
1099284701
4020756232
1739736948
2978638053
3093716901
1754685968
4183018776
743440106
3922864863
99651496
888453077
2714370664
2395718934
2696312946
4035804763
3023797122
3907044590
2283761153
1758671163
3613872115
2723638259
4168255369
2054900253
4140015967
2297584706
1528754181
1935757912
3389760352
569643078
3671937773
794449156
1246108983
1138064929
2477619311
4055274440
712951253
636222042
2309041672
103094730
1467034690
192019250
2792336335
1129698099
3789123763
2402935680