3334730225
1598477756
3176653048
1969366379
1409447743
204745171
2941473544
1350757829
3249816731
4033387876
1388616285
59226643
1011798011
3458457749
782555057
3300876945
1274515071
1306653326
589559606
1186612931
255629245
627878962
3601787715
2134252733
1436854627
3934194656
1158999930
1588327229
1983389819
3985846766
2986449750
3902560653
2642045448
2118813535
4067800486
2653458353
1643667488
969594493
226032658
3406471390
3283859312
3878000210
319515379
440579701
1457893246
2743907622
2440167396
63326763
3930033266
2778585813
3220311325
2639182736
1724196038
4206970818
3114616403
1151797647
1348204039
921018224
2501679129
3446024924
4232985052
1170937684
3994499670
1851345990
3564930492
4279266913
3178345636
351156642
2384880377
3353910865
2363298707
486819819
3586158404
2657135375
3527752964
1395168216
2373806103
3586368889
181009338
1252348159
3536732839
811530926
586577086
772129195
2570349512
1533509892
3486959370
1319436243
2627659932
4045666623
1162625446
1013472434
4232960109
3780088976
2122205740
3096040921
3283609194
4180785685
712245966
1338176851
3368410689
547103743
3896828422
29670949
3292590456
3902145658
4156927201
4005430715
2839789407
152779890
3885988966
2918487738
3691164731
3105049885
2870857752
1067297123
2360234353
628581878
3292676257
2968531272
3715550984
545751012
1886067099
2124881585
675759152
498219223
1010668464
3831688355
4010935416
2808007890
1479752226
2528345724
2024844151
1486704047
625347336
41316642
4083200778
596059300
1267407183
4098494896
2387248784
3593682552
1427624519
636993153
2933048950
623137539
1022005970
1219822219
1093857291
120784509
4096039326
442787428
1402972787
35686888
599750029
1042354434
614039104
1682785394
3362017496
1260870522
2197516578
3771354982
1533825860
3080274996
3725161180
2858136835
1985799291
788209885
458127686
28576472
3907573196
2278974345
3837647257
3831195248
4198106166
779377155
3184534656
3960222387
2089061117
2475229095
2573550726
3607820592
1913758307
2987262064
1744405855
749875535
3038217479
2263789862
1905665688
1597602238
490395898
3962499731
788325676
3974808377
266886424
3590274505
1122752757
2623448576
507924338
864369771
3122284468
1392091955
3394095636
1392619228
3634790658
2988479783
2077889869
2748447259
3532313117
2839962036
388251055
729664818
2713956468
948042620
1297440225
725578895
1558057897
2093193531
3982781005
1377836952
2022889767
278310730
1390007994
1697302100
317796692
1787155534
654780684
2614465811
4077812512
4031682790
26795441
3439188018
3511279692
346516508
2483783650
2396619386
1014342953
2198448229
3986563759
3050514880
2994434593
2941688013
1703915566
1696795850
3763478489
2273282043
2867919255
1286419429
516375896
4175963755
2273735395
2681225161
1583588959
2852957265
697870172
2843804118
3033720700
3949500735
905410164
1757554945
1308631845
3881445074
225453457
4070221101
3598669163
2570484667
3759869078
1616826767
71866153
360742225
4233074275
1728809521
2826310491