3053985243
1080997786
775228922
2151821171
3266266137
2819453094
3703863035
2338216212
3792143317
1120578943
2904890089
2110559543
2622556493
47727664
2545206242
4002032604
3160832550
2469387103
263288300
1426930383
2204296805
2410073660
2241124724
2810696838
2077978061
4238288694
957713960
549629293
4250981112
1625512441
2057892309
2455590042
2300578515
3704253139
133251686
324459501
1470767716
774725955
3509377911
1257782807
2395652101
174661680
92174851
2851127141
624069894
2742917711
2614310174
1566265380
610541458
3860504027
2509155765
872932642
3243675699
4092585567
3740476631
454682452
2000738588
2050831678
127682858
1497230207
1035139932
1232163910
2561414809
2617626934
3175825644
130053834
1541094009
1055302276
1046721692
1186913657
828017483
3928960703
2787025797
1856942040
1395939621
4173909631
3982636479
3672548659
4080932939
1788094561
4030210628
612135685
