2052185687
152419106
2532147522
1013948113
3817684449
3176013780
3496019410
811953277
1988563507
425506373
1294552317
175531988
3401795026
178583157
3112241857
1546208711
685543891
2971082321
2570515752
3815576384
4281478823
286354246
3677981346
1339325321
680613614
1242971636
4067143215
3906574900
3616179955
212558976
3153947572
661315338
467883305
3662779672
43770677
1683512007
1052564146
758090125
3625256529
606801716
1271643566
1806312440
419522858
2071951277
2636298479
550106905
1495647759
1423965455
1572050032
309325209
2983102484
1873088917
4205507276
3374371884
1660847452
4016563963
