3388332644
1091453735
3621062591
3083285822
4009976729
2483750162
2227891516
3052799705
903126615
3614220102
1557184188
3199902079
3536869550
4252645377
3759792917
2081147393
654752698
166246794
1628738445
3776244596
4124185551
75906641
1237192817
4084371579
1615855907
3129987857
63740936
1104210632
3317868135
2748389472
1122482643
1034652653
2643054791
2470223807
2856173409
3170567417
2167189730
274049966
3338988444
1298691075
131096038
3467988359
1766693408
72585503
3823355928
2848250878
193900713
1541504956
659118328
2180681778
3854114724
3081651870
51327288
2634345959
1076199324
2442474116
4116755034
315856703
1477196287
1943150906
2868292181
1411336305
2924140978
1224593861
3848332238
1956616248
2873125738
3549604129
1011440021
1412397971
421149895
1845475659
3689508331
31572136
3939789884
3167490564
1583225309
3573380143
4042250896
411084303
3950496794
3999220877
2624161910
4067041155
821388134
3864727267
1560940529
4151850708
2381895328
1858644449
2524162299
751199822
2085187573
401842223
452002438
1345952898
4079157343
2864926952
3790995321
286511812
3561038504
2802886724
711747578
3223914108
1201828717