3950608551
3300782520
165441980
63759183
1595768708
4251402672
3479118370
3551654337
159727848
2457043256
3047588336
1313962923
1288350153
1226697316
100331076
1700313756
2058933855
202840616
2746959083
3858098405
1097198472
2384553177
640627071
1316987476
3855859092
206951081
2346451017
1515362733
3032521694
1245548724
2014110573
1436082193
2345541820
4128254644
2686963920
3492435269
2093066688
1972536018
3470835033
3632615648
594307196
1849216853
2941967917
2536273253
978117366
2666624983
317058790
1767995921
4244899119
1056194839
787522422
3161648552
1527536216
1178544245
3049089629
706478873
3026003740
3895937754
3589667690
821464029
1525950440
864539549
87631179
747101367
1022374545
891901349
3114015682
3363290221
1987844741
2284292649
3584484079
2707840908
2667857439
3662607689
2366755241
