750447251
1428344117
2771003874
3413921675
1408851752
2138882241
2186033485
1719105484
2631846982
835772757
4066098281
1231882485
2820230777
147772919
2691074413
797744675
1736115200
641297321
2874026405
818792611
2864640416
1160155741
2607776171
2065908754
2717907201
2472786193
48408218
1153095000
3821741213
3807462298
1454758436
2880704920
1892342855
3453603042
3018847729
972712305
862165301
601022840
2533850685
146024883
3599854828
821328227
3395800635
2165115376
876376155
83584101
2612316079
1510301559
2143089265
1464085294
2840398571
2791052103
980296520
3531407050
5491116
4031015445
3401925283
2416782627
2847325964
727009761
230509965
1620263196
4137988453
3964316873
4082330224
2356666266
1282615408
3505089385
1078223572
1206663686
128893865
659774519
3949553194
1315622841
2289347829
1083047162
2350936014
2217463354
4065833955
2064113492
3627361106
3917141888
3737248131
3536068637
2564054529
3614967813
1139785852
4136349010
548294911
54007877
813755618
3408650625
2455310439
1797829058
2573116862
2756439013
3141199038
2722101652
1278792237
3746291537
1792415077
3091154354
2075489373
2005240894
2704057922
3197702877
2815711210
828711842
3475993515
2636052618
997090229
531546330
2477292224
940410797
3386853172
4244709675
2170859521
383864415
1218092012
3347727585
2453406147
2555840924
2224090684
862336390
3422080237
4238816781
3743140008
2454679558
906490146
1215963921
382265037
2935980270
2473985846
1389985351
2221207823
1723848875
1480601766
3031999617
1228241009
2193182960
2022602555
106644280
3797025518
2196234580
3379942803
3823171615
2567524273
712599528
2762573934
408591741
1034206059
1290507644
1211977537
2705825383
631602661
3820820342
800546844
3813941640
2501781432
3481261338
2550700705
3724477613
405724680
2699679534
1547397574
3028707812
3527395547
2295186810
1758960640
2671938094
2300248917
1645020477
2603498237
3253875261
2929033855
2810781316
2737386804
1466764895
2329893419
4051231034
4088250359
199686377
1386544894
3970687388
12459547
1301300502
3136811721
2655108822
2159116933
4046267259
2040167739
909042871
4203560333
3000373028
2150581930
640312417
502778405
1400331884
1554824552
2081977158
1351962890
2132271942
3251423904
1983774487
3959817707
1696125984
1254592996
1989350133
5529291
677433608
4074357330
1869215682
627708960
3328419246
4094639187
1660473615
743180049
2222933036
3988868268
3815124075
868142664
1149247041
3488373797
2325118378
102840165
4290267349
468499258
2470725863
2129304970
2253738933
1344817749
1368631785
2432100332
1033223675
131685396
4196524759
982024524
4078677203
2678291027
2395610475
2262472849
2901982671
3679218721
1583968279
1665384376
511028128
1896504457
1374752697
2264330714
161784312
2115332778
1405736441
24782516
3848896769
835728646
118722527
145660268
1174971175
3640471440
2879419211
383648642
4263769296
271100003
3611647611
3294809470
3283476159
2156392696
2217174980
2293256209
1096823376
2734955460
981661693
2896950560
3149533240
1560086758
2229587413
278114651
4250258697
1853969731
2039818009
540412675
1901246672
3712809844
1328357749
1938695512
3924172698
937772026
1081542694
4093164905
3829608025
3458622511
2950485639
450754919
1999479957
3191251528
792715831
2431041858
1695615746
2182748599
3592399852
3877604526
3968001939
2600165452
3773382386
408221373
1640389267
743599519
496739963
216128693
462743674
3153014479
3353271914
243947991
2278502962
4279169751
1801097038
2519982586
1580998734
1313867374
282603418
1194640762
2993635290
2160969666
2469030409
860925410
2158596830
2369029498
878083642
2338431208
2090670567
808063077
4031626434
32951349
916629208
2798428380
1901446885
3348913102
1545975172
2352506084
1518122547
63826301
3032929905
4179055240
3650434061
2287742631
608667476
3773192441
920591824
1518674177
3489139626
488210995
3638468414
3177218390
162029315
892472097
4072803942
1157190882
2377014212
604535363
1645409695
2246714268
2797830529
3183082117
1214211050
3971909421
2722972366
3958506685
333755913
988462717
3921555607
4127259071
2213463290
3324791383
2320178579
4012007187
3825905573
2775689808
2152624063
792602691
1322178352
1763913626
2380057246
715152124
686465392
2055918836