107133186
1125169591
4011156602
1475700882
4038851547
1608331446
31265888
624605479
3262811529
1846070756
2969662477
747543503
1082224682
777103003
2251364813
3710051532
2078872073
1914312467
646828794
4174126264
130733290
3811266299
2888547350
3137888985
1832972632
1158392676
2497031078
2183180243
1683503551
3774990003
1301783924
3175835830
3898476830
931424685
199349316
3855300516
1187843126
4247108536
3922045235
4262673292
3196424726
2313458768
2261006492
3811843576
2436733605
351292081
590355445
717295577
1996146996
586528177
2802285411
2262584808
2004616917
2522606289
2431201717
2618575652
2695756132
1785680229
907113696
3551443985
1522415381
3169042011
2171065505
306916129
135813017
3978230968
1857857719
4060357705
2215194560
2985458385
1787174291
754073408
1255281842
3896726405
747171252
2033460730
2080781450
3355247139
2551067060
4129209593
1112652646
3485317627
3769343976
2629637271
102309359
1768373673
480775191
1433697171
3658813577
3012337733
3266268319
3918285842
1485548588
753135903
3423286583
3408743001
2899723713
294254022
4106194339
3879058769
3981967927
854895638
777566203
3470267087
119999073
1483282990
2632727711
1766710338
2383984206
3997932660
1534114655
2134748486
3555489206
2281097658
1022790933
587234560
3173170336
2073948942
3717695510
2977135682
3794131562
3996668963
3258125178
2010827305
3668386708
2448628877
3552830747
2450693634
1189327361
4139396889
3426774661
4119637511
298267674
1501909944
3114140983