2628546309
1736166393
3280217993
1319559838
3145366442
741903667
941163813
1936075971
2925094419
1670180199
4230897506
946381178
641406130
1896100000
2222738047
886878790
1522503121
2203587819
3331760624
459409247
248224375
1633238873
897591420
3542478607
3063814305
976557178
2578170212
2225210577
3867666516
2637911901
3012161832
2907675016
779160556
1647755895
2092862285
2046631186
3715148436
1590788697
4003161640
1986577861
3934574661
1637278636
1284916288
1906941243
1755542507
3559862529
1203809755
174564438
1501838646
3086025711
3267919243
