3224206520
4172148666
2990248917
2154535054
3957964306
3022602150
3343749481
3517291990
2256964360
1613747680
3863007709
4053693202
997659998
3899667020
1626959128
2271501376
1119784986
3366727409
1689782207
2631844009
2877627776
3098193117
1132928988
804992145
832080130
672162521
703209490
3224304152
2513316819
3988770821
188392608
1822896993
1815604228
4035594850
658633639
2768241978
500217610
1622147726
456123708
3369303977
3732766176
4178228284
4237905225
64450524
3736246386
1174643028
1750329762
279788525
3873547064
3574727957
2315332782
563683918
559937567
2147598093
1142213805
13479619
246086451
612106542
3340890185
3072417036
3503791313
2191983308
1701049805
1632907252
1601832120
753063840
988503221
2986416725
2074344714
416991848
1060970086
231216962
2131569997
1807708027
568903428
1478973442
2955461622
2134095726
1679604154
535014934
3141465965
4227158983
807599829
2658516107
918727949
3933017145
3312310118
3100805149
1462451574
812820285
