981035929
787469692
2903815883
1543981433
3386050551
1538742304
1484528417
3808580808
1473261727
3749512388
2698331645
2583461700
1426068382
1914805378
609767488
84719273
3860294627
82199600
872289073
2720088929
3497364377
737784668
910320693
2823727787
4198639428
516764609
2351346827
3036277613
3159326318
3013764579
1281000396
2136501869
1503253195
1213084637
1750852717
4080306128
161434175
1136005039
147793120
1390281576
790280681
1800428357
1178740213
4046433757
2402710352
850137188
1471050669
2135287759
3723068438
3134085252
1659669111
2794827576
2992235024
980228165
1535967110
2024460021
744374929
2035986477
3483097994
2562834432
4249416986
2833284052
1116766199
2095676427
2608747485
4187712546
2789721473
924158626
1921125198
1821841468
2008081466
2098858831
401582767
1090912793
3005733661
1884182708
2563715644
2595916733
889300166
3329109729
3656704922
3003499178
2726511779
3934206390
2528102667
1669145247
212212813
1108816182
2482675182
4154913067
1107821072
3337055253
1970060153
2878763452
2361871960
1031174261
320146781
92403248
2619931524
3777998420
3540913527
255851474
898211693
3580161888
3153143821
2288075996
3383499113
1099851888
817973379
3643778742
2575415723
1819836412
3600509654
1765954708
3704252949
1695664677
927763438
2684930808
1068794496
844993432
1152772126
