823063296
2826700578
3826974968
2725073451
3303600187
882766539
3679242145
910173808
3599686604
1998121608
2504889261
2734543628
760376118
1214801850
1611673874
4077792393
61672369
2909891345
2495353449
4037370576
687592184
104189745
2201270304
700366117
4065119352
3916951336
2272072597
2406754888
3970600075
2395885858
632215650
295174360
509276251
3235989458
3761771680
1621378606
3313511279
713232682
1470955026
1343437430
862022546
2379473029
3626822760
2708055386
1273313600
4096219398
3039392401
1715181489
3659501742
3873252921
