2728026547
281085268
2099641544
4246242103
769347574
481467125
3838272619
3278052701
4038903815
1400667188
536710542
3305661787
830985880
868228025
3940138836
3627334262
672959685
3112637044
3542237469
4266512196
350277003
728744623
2776518728
756062417
3290732206
3594231098
2438609135
2072570104
2391592460
33951460
67112867
611629509
2871669133
1509755104
1271793761
1244093653
2250310780
2304668291
1006975804
2455591509
1558945342
2718413883
223341643
2910468107
3939755696
476485801
3836808651
691420948
318108525
4213611823
2660444846
1771140274
3816256595
3756222129
3052385536
1754232526
2922604640
3842515381
1164595708
775853461
3525976977
2829702681
2814858890
2310499116
540709151
2568054602
1897231965
1200570968
1310446286
3814830808
2130159655
1656482773
3402860597
3226173907
203150890
679448409
132884696
1905540148
1193799609
2734876478
229626715
3029781449
3688976004
1507733414
1669341662
1078840367
2062993108
1934362618
3514397153
566912430
2986387344
2854755623
94717102
3073675881
3787429948
950320787
685615792
1377275487
