2816930183
3452965653
1681052109
209016973
2141747580
4088730458
785572796
3562532025
2025548478
1846502310
4252401944
3458892279
2825619306
2471580430
3231666393
1871500504
2322021633
1451003114
3020924426
450273110
4102579134
249760804
1461389381
2375910664
516011232
3280738025
604734923
3131061980
745212122
3330146572
522477459
1941676967
131601906
1782353965
3556221476
740361577
701053018
2059807357
4076698007
1616343288
2512598832
3756560114
2440928686
1194677539
279660082
2043995053
2823054505
1319036847
385025872
3510435208
359614526
324011084
1235006306
4144653038
25309885
2743223527
1517041192
3737467407
2955000978
767917617
2537067618
285706059
2972862018
238932205
2628182219
607643661
3198906598
3185684509
539071377
2571106147
1668389736
2666855236
2494483207
1749184288
1512991962
1239172394
1128510495
303824467
1046227496
