1364170278
3284244949
438823919
832738899
3740482458
3451484336
1647155812
3161479593
881049946
1985034097
2655013220
1792265510
3790753067
51679993
996693263
3997769584
2357888597
914528194
196527201
2369574859
1022976947
3477831432
1511393468
2084551173
1449803635
3919014805
3339513070
1743457634
3210607108
2152679709
282314288
1802520076
723438519
3688174073
1280614379
2366513168
2858689525
3955996767
1583127129
1359926482
2657375238
4013567860
4100658464
1742600489
1230022401
559903289
3632830876
3099337676
693675728
1478133635
3422963140
4139820863
3484812761
2800240913
1140589153
2829734228
2632812915
3895136024
910808078
4124704714
4115280417
2880114644
2132590383
3006227002
1209582551
3829327325
3581627212
2241472465
700840604
4283717127
4018997838
1144580507
2988597783
3970058026
721663324
3304895681
167311537
2496236037
1187842735
1855958506
1386094724
4207644709
2879702208
552164901
3279597545
2148456504
3574322463
96548153
2293065966
947768335
76694232
621073151
2903125297
1140754399
3760071044
4211924765
1880645910
707947630
2083467412
2905677178
1874653351
3920909364
3325366813
3201444390
1517810407
1577333644
309403390
68875296
3582803220
308088140
3685625228
3468804573
360424729
3197743735
3912789561
535951557
998011285
1108782664
2850848404
3775808748
1816368742
3648177280
937429562
1632681595
3860520551
2898478502
996560969
4013262092
1895777532
4185858235
2431292377
3569092916
4257214378
985279739
2109693459
2511107045
747495168
359775627
4101007016
276339311
1515164760
1478185312
3098967573
2378392809
1415573845
472710654
1937944290
1126405956
581135925
3994602366
2927989431
1649128622
1666396402
449647031
1116478332
2204707257
3743762083
1935311423
427606115
2476822969
3403257753
3815776746
3188471929
3046410838
3968130666