3981638813
1975229395
3096623179
4116554356
1636973877
868977714
3110099096
3042745862
1562178083
686874214
633393106
2400068862
3797098907
750076683
3944148930
3272298155
1654197881
3322939805
1678927860
3711820413
1390848968
2277200757
2067041070
360283034
416674677
3556252500
1491639313
3093216371
1754165919
406147758
3833849187
3559099381
2527551289
264010773
1778000672
1702128563
3673610619
3934286299
1338407393
2807150850
1227136062
3819976046
466644082
598277357
3133971642
3913537203
2036842352
3178043973
3113550384
3011392937
3848431326
2993050556
3400173857
1256009400
2026994654
171306498
3168058241
2643080502
1137122087
2303453933
1771547694
3577561993
3606445657
3033021102
3588166383
493344278
3784107126
3848278065
4164855439
3388942243
1290812748
2610396030
3844812114
4077476173
1575037236
2330744673
3013364438
4059682308
740929813
839303334
3142234854
3963186904
3802295301
969605703
2340835680
1807725309
2687201209
249208422
1155320687
3168619487
2727312510
1261435323
3566626883
1551158881
3645621045
2979542631
3620427894
1072478529
924753357
3913256931
4131052427
1326509988
3541769947
367249451
274329498
