1923126805
1573499320
3136444959
691969857
2361108626
107043883
897914174
358032225
2711714214
2262517975
1892730152
562593011
2752283825
1105001150
2184992802
949506863
3305801950
2618037462
2855619262
1360427710
342027263
2046539644
2168625703
2251003455
3184827148
266943721
1927802646
1064829911
3413794618
179646839
854606832
3385136750
1650393659
310141149
3976540492
2592961902
2806734643
3893319851
4064732470
842440950
1256473912
649274856
303801644
3298280632
4210860379
2392393388
1402314917
1793209784
2256953875
3870239113
2407245587
4289150252
2681826317
1581544969
3340620729
708524059
2372744303
22567934
3996612104
3530988621
3351540623
232267785
2128497361
3280557579
896063370
1192885438
2635153416
2626808753
578076175
3853544086
1210315402
151143664
674772833
2132358360
3155013371
2379108008
1734407934
1846594537
1327431438
2901195754
1658188
2187615663
652214259
4005718379
773971009
1719169224
1544328038
2605919545