3159957079
2172513693
1323868800
2372805189
1024004590
3367777811
3506746704
3662840470
3139828639
4268602850
4202159834
3810995492
1510627049
3034269523
3070421387
3387939485
1469143501
70870503
156452312
3642892926
1481913986
82371250
1588196710
2272603579
1362576018
3353190433
2606412083
3460470087
52725730
2037180958
2020020531
1419357408
518344943
2790739967
1586374251
3163611261
4198987884
2842631145
292747955
2056086034
3633999645
3510132146
4104008743
2133298776
3958204123
450425519
1060760015
3207222837
1173404124
4017374075
1367840553
3524297023
2657440586
2068900970
2313617180
3865802837
3277980394
3379580688
2466713120
3664271506
981359793
2154589655
2654673622
3445473405
1769554321
4191275495
501556026
2558073154
4261451601
2335475776
2841042225
4047134421
4016476830
2471654606
4049759180
3065996477
708553236
650753957
2742173630
3812126936
4225715289
483495071
265448
551927565
1496735230
2821412832
3366031775
918095822
2042269510
3911890206
981709053
1376836781
369630445
2897483003
294850461
4065958790
2591706321
1082966342
2657556242
3265027492
3992041913
2360312656
779443528
1534054655
2188683879
1170556036
2468465200
620245696
161386676
3349727874
2826194669
3843325339
1553076527
11023452
643319293
1355190939
1712281333
2624861910
1692167659
172816639
3604099137
1811817045
255201312
1288659116
932943007
1153768737
2046847050
323939246
2919303414
1126160571
3906015833
3189934560
3705569776
2008873703
491287799
1998945112
3059662862
182605336
1958252953
2042321492
1049948970
4148809391
768895704
3296147052
585661363
1028653119
2325231831
3255782125
1887361234
3398969914
1814949864
2436618785
1161986865
3114361212
3813891151
2112040114
3427381423
1550366006
2093762914
1969746728
1855980770
1239530378
3695178578
4020707982
2510934498
1493004107
2135206268
2346491713
83150764
3247008669
3375218379
1498335641
1835948066
3823069350
3289560166
3683529448
1120627237
1822848453
1054765400
3936351621
683381819
406522357
1814911882
4163317683
932120220
3733408236
578905428
3235848800
1629159366
3037268385
46939607
79417621
1934995520
29956260
1487938866
58117350
1041059981
2691789416
1015743342
1629832002
176084858
103134699
3961674404
1663340241
1029559625
1249059891
308919817
1691585381
3839217546
792223980
674561062
2239400509
1726990187
1606092275
3958572033
102437793
228024646
2275302117
3611385261
1904056830
134735021
330988037
915096206
1911503426
2433294364
1829444155
2260669563
4203922139
4161117637