2323164803
3049532382
1674515936
2404542558
654545310
3366689063
1842945760
2819894055
4229253916
3602792150
1492141101
3408872389
1368734598
3695493377
2622449226
2935530547
1609869253
2570486315
3602348448
2540766076
4153497560
319139779
2304444784
2482720029
3346169502
840838425
2478439699
2512122919
2002709272
506120488
1103789101
3247425671
3838779746
1212695198
3112639018
3022522165
1882084414
2046797339
3904210472
1590158237
3742316371
1339133887
3796807770
3656966239
2801957549
350773424
3405084792
3619368246
3621272312
1611960013
3023741790
465356367
2600607639
3269653635
3239405381
4102984752
3803727015
1702343474
2099815144
2430043574
2180959088
1824304542
1755979011
891859431
1382315661
