43601779
810116419
60427541
2396465856
3718933498
2461674949
327896824
1292168879
951410233
3772193756
3290919918
2223499350
1489477896
60837230
2514527841
1782965825
531910188
3345746183
1485867217
160461415
2306344601
4165013261
238075067
1801473554
4040782775
2228529264
2993947140
2054610629
590427835
1882604102
2467842466
1091864644
684813160
2983874449
47691419
1947543944
1253759573
3775657236
1369997651
3789985704
27800568
1352162504
639308518
1991001211
702943298
157591439
671549995
1515962236
3741427209
2942640645
992056023
3060124730
699127348
26440061
1516726992
523219841
4024699633
964532624
3185536997
2912424880
107593342
1227621941
3095715893
2202022954
1617953033
673048076
3249255958
3240357577
3978169792
4012075458
800455481
1697962893
753606852
3859317597
476564401
279834981
450730407
1601448634
1774056041
1682370433
3724680360
2613225017
4000577857
2358752921
2382628718
715866047
3470475281
1147856984
1246290571
1210448627
2875475474
3009588992
265463750
3155786314
3592592351
2798554101
7780814
3785533019
3101340657
2423089562
4045126172
342737140
86632817
471724246
465673707
1004384997
864145783
3067703037
2817230198
1254425154
800075839
2486296250
1531403506
1399908804
3559407741
4035458477
2328950174
2650346589
3009483253
2374608272
3426372096
2682529767
1378156023
660904456
3548710347
4061420497
3699536714
3542512294
118485254
340130360
295848256
4280305064
2994218629
326028360
2486855952
1711736367
1732776902
1030460646
415856570
4137787274
3638099064
945878145
318458342
2648660604
3848554418
3896202480
314781778
686183342
2653679755
1731895126
3365220445
3510515800
1763124601
223545114
428618012
876163655
165556530
1506107915
2192044141
2144971421
3175834648
1942044357
2555270179
2179187625
1957786563
743409707
3695888362
1631586235
287259356
4148906610
2644466189
3676561804
1057171001
3818273360
3570277130
1973492880
1382136652
3034284033
2100077418
3841010628
241368792
1845911765
3746554751
4010616032
1194998662
3240415697
2436815485
1770112819
266777792
2484539251
301584769
3258582595
1982437906
347765286
1167238131
2406635356
3996951000
4160240066
2679871121
4010986635
1386948605
3085141333
824414178
3205232277
3196963606
126105710
1246948991
4112186715
2108792320
3231172841
176509626
1511249831
34219497
1385526497
2894095727
3815424178
3640980720
3681706343
331888447
1144451315
1767359491
1687543006
115219462
1985084184
1532992157
1083730423
4251608067
1551284801
3709469755
2288413081
298928388
2008354215
439251060
4026076140
3174699048
3235625119
4131123958
2677030043
2345302712
310622695
251486113
2973933183
2989235098
104192085
4117813919
1626357649
3533360970
2232703899
2940026767
1332096244
1841190458
3052930632
2462552785
2328437795
2639914011
1354921205
3166599649
2490857954
2038621756
678490526
2567525436
3782827106
2787729187
1573426720
2338931697
2522692107
674917911
494675611
783837607
160659924
486315193
2844903566
3971057885
3248516906
866437486
3187790899
3785007068
710498365
3913374699
3766259229
1046730339
385413848
1010517703
570688861
444596016
2172502296
200136475
2284696944
4210409690
2237313522
1303585036
4028601168
2581265171
2669076349
3623261516
2788885038
4196233607
4261677364
4279019760
2206686760
2264617825
2499541382