1138653056
3378124375
1645115317
2343990824
2345888464
2847454188
1567294735
929168155
1631979880
3102033852
1792209225
193895441
1582969633
306880104
4138089224
3998350740
2520896851
3973730287
2881879413
1105921450
792996671
3196008706
223803278
4052340642
1681799823
2990772731
1049240594
3890402128
2765466778
3862484309
2959875020
1204309684
273893505
2630780567
1902013349
1665619981
466293685
553395959
1221934037
1474140258
2678725692
3891062311
365397494
1173498402
2708454104
401071441
1517440368
2716411463
4272358007
1398630546
1387626309
2588463839
536465047
1122028328
3741669835
614916169
4276937740
3028987243
1196693501
3434741441
71795585
3599713940
3666404204
1869709481
2487751557
1619193832
4055190305
3991323209
2569331431
4143582216
245031001
3708325274
23397137
143903372
3921711408
1079960108
2997854156
849370229
1590000165
3848653293
2633904391
1194506839
3123747985
5249593
3848407536
1101630374
2757173095
74040088
3031518597
2813853463
1226786553
85595491
994325358
3752074586
2936344391
2073063790
1646545688
1578631440
3908956367
1986769138
477767269
1019836731
490993711
3068086059
2766668808
3537661106
2386637423
1559509627
3808636915
3307592548
340547134
1344152086
2228860807
4055485102
3692076150
2285503202
2940698865
2361286808
352954913
3493804750
2323687251
1773302152
1072664258
1447162666
3323371296
145410610
2583051567
1676774470
4227102059
716322220
3677978673
437211337
3006446606
3968533996
4053312590
1214832450
2578758181
2090557643
2751888211
2758030727
2208185150
2011291228
1104332079
51978567
2285898234
55700242
1692395569
2450931677
1885702794
2955931328
508796076
728337459
4120128368
743617269
54154612
2496575012
3861221214
2568634694
3778258849
2460857363
2605284644
1189731675
3369443662
4136343662
1313094345
2188219562
78373848
3998020809
276217218
3105501867
2638685938
3854289302
185777564
1012991830
3809629748
3877516418
2717036340
3392534091
1681755271
544794759
1377088313
416652261
3762504092
1300753052
3670736305
1769852971
2950015420
2597744618
783328734
2383337868
152347606
4193006912
2195884655
97578267
4123512299
1259650760
1790058908
1394021038
1183060452
972428569
2521498595
338947556
3728117726
1719245051
2940425642
1237562850
3825718675
1935774658
3974017215
712516121
125881030
2332686719
878106992
4059939903
778773618
2032718135
3393298884
673739404
4239952551
3932719901
61741256
2127613675
2316789651
3722921393
742644080
3511631857
2133235204
3341100928
2555705487
1082247522
98758852
3199950866
990197226
349568253
1935614984
2297525476
1611123520
3103734378
1216916793
3568093115
2217409458
1269092914
1952107519
3389131873
2108082288
1210780085
1345600780
2723511538
2770465346
1052848717
1548340557
478435408
2916578811
3650162473
867393663
3655140375
4001399206
2464451104
3686771360
3751537944
3962369026
1465269189
2085476965
3772135905
2290150697
1141533005
2275332700
989906636
1947904980
1825923026
3889570509
3152714600
3681119724
3427046854
3584237029
3371017718
1118145905
2368852810
760567750
1640274292
2086050861
3951542619
1435302728
598040363
2820609485
424578165
762598027
515424092
1277972269
1387478523
3805718457
3034678402
3582269071
2486049913
2521861134
3066180736
3782833851
1909150600
1056591456
3181761751
2692431685
1100374509