2488771794
2757201130
3323362712
3237925208
4038812118
2501016554
3119269763
3064140845
1505624130
2324108076
139604840
498423477
1306473980
2289189954
1417545137
1316847044
1270784432
2695082559
553065374
2350349386
1051053403
1019572605
753352877
545213209
2241748057
2916143992
1471987513
130480553
942781576
1024509675
4147564531
1420798540
1449561556
131944062
3993653000
3701879461
2592935881
1538230271
3801305339
2549466091
986160877
2086842667
2750343900
4205817074
1360127828
2517980329
3381106416
2171675136
2483413122
2495262736
1531686005
1067385784
3596407760
1073005307
2472942451
4200465576
2813498983
790238170
2082862149
2826950638
3714821746
