3129353065
2304407538
1105098111
2982264206
3617882811
131517957
2218213855
1132755589
3185733390
909735031
217070000
656203015
857584185
3651617837
1046357291
613919648
4055149419
615818272
394355120
1061974376
2638680053
3152933001
3882873571
22104495
530079067
822804221
3319537693
2951718992
3230929789
3773137114
3106149398
2767344994
789826427
3627715249
808903382
3354080656
3349121568
3113541223
1906726854
1445197938
2746159213
4080710329
4139117481
2146458894
1236880607
3427408378
917914125
3389713357
2145588893
1690128115
2124786878
2290056983
2639353683
4242814516
343210423
2329710422
2448728600
188730409
3656928619
2225840864
3638824671
2531416133
552129993
1302950985
2303727806
3365700181
3601602211
2315928547
1709508205
1979832365
1145141075
1314543871
2110251854
896134967
264005196
2867464831
627474917
2241378155
308784175
2416893176
3513807827
