1644495198
2147600855
287432351
3527680580
3316692713
3175572062
1402533631
1669012434
3412778358
2314819303
20667749
36340648
4214431864
3338167549
3598490678
4108662594
1787533649
695068871
1096379459
2275467032
2582763754
1890755
4172473591
1455078190
4056411785
3647225169
1402867687
1123799096
3043674894
368166736
1138154272
295890581
627414007
1265299412
1136189820
1052596821
3197761104
3340451943
1865042019
2313299969
2040264812
2506910181
1276491282
391829278
2235730255
2397040925
2522776052
2419315874
