1076027655
2338730808
3239312862
3377655063
297109706
344499380
1204643915
2211288979
616308171
78219367
3320183554
2288286617
1627513948
783215217
3221053127
2261756298
2947857027
694488877
3896720677
51419234
664122749
3333851721
4064577215
2722998097
1554347473
357605249
3615544282
2672285464
2664377191
1034914159
3289644896
197171700
2212241877
262682320
2248298756
2993019795
705288963
2636049527
847559156
1485043199
2293712690
4238439346
463764466
3564421388
320205212
1744206774
3950411423
3846438063
4223248012
3092781356
2777967275
1879033255
392075755
39251007
1756367912
1911485946
929771515
155119787
3146007308
1336196430
1080749446
2727903263
2476484708
2887881241
3631586923
2493888255
1849163528
1519515355
1908317791
1564862014
3772151325
2046108947
3153356384
554730303
3626246226
171319422
2833736999
1025584851
296051488
3473080936
2793420222
3214770003
1113466640
1871629225
2383580285
1624757924
3247111917
1351348663
1790464671
1659882278
1368315012
3464342390
2244893333
3364057710
1740449946
2740632425
3675038290
2593671443
2397424329
3767878724
3863604073
2503588545
2776186636
1770271678
2098413354
3357474770
2223310526
2202993564
1148929797
2679859438
1046765664
2460844357
3751856017
955709867
3732237607
442139182
4287754667
3268648952
151566210
1583035000
189715160
67015955
2543149034
177632738
4098050087
1669822451
3308066283
2560344157
1838833338
2956628506
1624880298
3951424679
184426554
2686566593
3536279991
2578647544
3474825521
3362059240
1651167048
1162580578
2869770066
1203606939
4116687467
879737139
2813248137
2216665063
941049293
877610148
3586102969
1564001065
3388967563