3290409972
719584970
605290816
3459210349
493086509
2643249923
207895695
3622875343
4227711865
144767145
2739129075
1758079360
1703883379
1713265930
3453713081
892112626
3465118610
1702911835
947491573
166335343
1699562339
3917824174
861905838
1792945512
3151340867
3993250757
29958672
361527822
1367255496
3372067968
1211948400
663273410
3758959660
506139238
1542529578
4005722035
4078174483
2191191396
2629783779
741780928
424428690
2534358735
3577566643
2660764933
1241602795
452971205
1754282587
3998079149
1715288361
166262073
3572605334
2571943139
3123386375
702866097
588453975
2757208152
2876787186
3076861280
844171953
3611716105
1871338352
35404855
