3643819406
1069753987
2747912224
2819064626
2878852600
2498650905
3067345684
3539444559
2733355873
150315411
1917478357
3840769268
547580435
3140081939
1994981240
4144092861
1215217576
2353178525
412067219
4266421023
2657250240
2310237156
605987611
1542134293
896476139
3763380273
3805200384
1760276142
2355527467
54291253
3777931693
1530790152
1966232715
997943214
3728317203
640743234
1493060415
2058751700
3282542197
27878948
2830230422
3667467184
2715304190
1875912584
872544390
4293069113
3257870552
2028700983
1520034397
829036257
1067050651
49414841
1559569168
4057536791
2782240589
2771272576
129348893
3963233479
4170702025
1800591594
1187947720
580369756
2182687897
2900879210
534554137
474859045
3159701291
317786298
3705141703
2617723896
3912797649
3144907763
3451748933
3986316393
1885898640
1255830431
3791130417
1413133316
2157501977
3649926468
1417830957
891063897
2271244569
2188231895
2421186430
404695360
3335091968
3862671050
2246253866
2979972149
1652781695
1591176528
3258110791
1133879017
20217062
677484820
4192700594
146143801
3038379065
678556348
221279599
982140734
2061350240
4273802920
3827949906
3096460806
3834166886
3494964318
2371656897
2140752663
888522353
709117493
2535513939
1237926040
3419511755
1229115885
1039513702
2894093736
1044835711
97340318
1202493765
3311005870
573848865
2657882677
3574367535
49256316
2095408615
2619767733
1017554978
1835523377
2252467354
355423811
671273127
2408475417
2526837456
516394536
127941519
2829979208
1377871074
352443578
2928254415
1773672909
1632306598
1532432273
3818857353
2342456165
3672732000
939070553
1240982136
1925433126
3228455285
2843561305
747098353
338516437
3300212451
2847001382
904661382
4196112312