646128541
3354503375
902726931
2433786462
1962188631
416519943
582378949
2766716463
1953876305
3590141344
3234960511
1979981683
697019536
1736355649
1668539227
2359249805
914372843
4150850567
2717763168
3402977652
1089130599
516403248
1094210598
1248622084
1631235047
3239407049
3086184222
3490981571
3015146456
1078002368
375576657
1485194091
4025569448
2418453195
4270224057
3644861834
955748093
4081025397
3733310809
4196088294
289024581
3329026462
629373836
1838115900
3105843596
3964446091
1144583453
3973478491
759756464
489515837
2282882842
3941331406
2695810533
4026382503
3069557290
1762963783
2706844061
2099643593
217413370
1148660299
2538514915
1800780733
2827396483
2138149100
1345898710
4229826108
1121034548
2561185150
2131885230
2951789395
2555301755
2632487567
2185784591
2085573158
1508613897
390331256
2093943988
1408123976
648665253
2831926012
2218962969
1035953804
373126234
2699972143
3156388419
1458779162
884348494
3120998424
418827094
300291470
3869134411
2139037700
518335984
1038171328
2156988712
1011915406
1810248819
2632125576
1910098417
1007091764
467147170
