1664497905
2052185687
152419106
3219060595
2914236770
2532147522
3949396228
588725044
1013948113
1783708397
4168622827
3817684449
3176013780
3496019410
811953277
294875159
3276770280
115411448
1988563507
1533186419
3368999267
1044399644
425506373
2379174489
2245510237
2578443902
1294552317
175531988
4290318255
3401795026
212018171
178583157
3654682772
2159288963
3112241857
1546208711
216569681
388343234
2350431124
685543891
3946111156
2617048598
2971082321
3106645651
1882116103
2778093340
70668189
2654405459
2570515752
3813121586
1277410708
3815576384
4281478823
3987409494
998305335
286354246
1794834054
3677981346
3488117118
1339325321
497489355
680613614
921295028
92217343
2652528186
405376514
3860896475
1348689925
1242971636
704630012
776946298
4067143215
3906574900
3616179955
293555980
2863770776
1470250465
2452888265
1902162405
212558976
2955929376
1892506664
4062430013
3065541184
3153947572
317511860
1794880249
2347684023
1855869893
661315338
3027913577
2205702899
3053923379
3845703951
467883305
3662779672
1907865088
43770677
1683512007
1143515401
2743163981
3870677909
3219997751
1052564146
788628319
2071726197
758090125
4079750900
3625256529
1238758495
3099685022
3822641182
4205309661
1515858328
1202532791
606801716
1258006545
791403062
1271643566
3695005333
2177206987
353131493
1806312440
419522858
1602291186
3652690456
2774727342
2071951277
3406712109
2636298479
512298587
757582185
550106905
4056852870
3827257995
2247457848
407890714
1973709125
3541396734
1495647759
2249166945
2609839343
3970627946
1528368492
2442779218
1052648769
226234224
3452125581
1054602524
3643382284
1423965455
2620439536
1411287022
3996022929
3439220167
426502296
1572050032
309325209
479294089
4016494083
3128094807
2983102484
1627968706
4081426136
1729336542
1873088917
4205507276
3272974327
398282677
3374371884
3482134634
1660847452
221984959
34916622
3180106634
3153326427
751919924
996876651
1092505188
4016563963