3710919386
1558964040
4005106216
3604812160
1843042756
3452915153
3047403420
3417310119
1366983497
1081162658
1958459752
2505171772
3169456097
2150210791
1338432390
1368356618
823403629
3876285378
771614350
3860828545
1271473312
856091273
331369811
3996054243
3179393588
1420528383
999394275
3652133322
1797712424
3828210696
2360413403
4113709292
150266473
3243045698
639464047
4195557153
3271297390
1695756913
2755650795
1762303007
4272006472
4050375318
2371372670
2094264939
733523749
435255598
473922956
1391795669
3007697040
2141799169
2899858689
2277481292
3762234235
652978912
2285864676
3927113714
1923524357
4078786381
183500923
1828646178
3404635157
3852958883
2635537040
2120235401
330837270
398566305
351668578
175150879
1195816326
1845432768
3741364898
4188897590
583818435
1327706111
1291313164
2239483620
1421394225
1958747280
3832208410
4050984548
3914841062
2623010955
219608458
123617340
3631648315
3987357374
1125065483
3494878906
3231573508
1216329916
2736221597
2019084157
1881735997
3866554594
1927438337
2876661108
353673915
4212486471
3951525444
2060156574
3333581702
1637679049
3978917820
3549102832
1214936802
2505957387
1495746172
3994357005
1119707979
1975671798
4277755349
3988705096
2896797711
839005465
2187710172
1215958533
2162025695
4024995762
3733623496
3057966000
1089598951
1307276175
2202150350
3535209974
2475925263
3537249898
1641307681
3253838964
1776859494
3299517207
605141052
4284952107
2808092998
2000159049
1910140121
182889891
842633087
2286279790
4119264363
84554774
3012132961
2077694546
3012987016
1427535215
3435872901
1507622689
2786993839
2685208531
4124967671
1011353133
2627359277
428926305
3190591555
2837331020
1901774268
4108453723
4211167743
1484908179
1166972762
3631197331
2752960401
2664204108
3528187335
134433961
1252723746
1103918569
627591044
3095163006
3240433822
577020419
3171851672
928206876
3860587029
2788363867
1101620758
389757485
1803842937
2044022650
967367254
3380336445
393199800
3056299584
2043834905
2591088531
2821679973
708082912
718467564
383570132
3655238999
2679104649
417676483
1586717181
51685091
2845992963
2852921629
2113766594
2223744690
3371848742
2471269780
4027577722
1499673775
2531049463
1495648014
82277826
1558553610
2263488065
2101530413
623095143
4155863603
4177336654
1733927842
2018628532
3013696321
3368023596
3768473283
4089279226
1170746788
1047206471
2429560066
870517147
2151685311
2163095170
591001947
3444364998
1558087465
1706159450
1230727362
1007426898
2751244348
717148442
918253815
536462078
2066081826
3372684241
3899442544
3840566885
3456692941
1659066860
1688802350
1522391345
3929440923
252336908
1317242207
3663686515
1260162395
4221579200
3391038694
1422227648
2573461230
4117779534
2208001951
417311480
3776541352
367194775
2064467454
2133629203
4186949061
228992708
429393643
3329820250
1271742601
3705124058
759612741
1257289830
2006513352
122869219
3798723194
3775681819
3854838520
146007259
2764556047
1992445152
508846728
566508477
645230930
2743573014
2581571200
2148366575
951818474
3048206051
3306542814
299628988
3405457425
1715585130
3506304969
1390224316
1329508911
215436674
2016921846
3341700783
3873881229
1348889096
3628089584
4036161033
3745484196
1618223274
1430568492
2618848859
2656121015
2914339314
4270056223
2948766926
2029577902
1884321477
2844767588
1415062731
1665540588
2719411121
2757483838
1085283276
3893912779
4193865139
2966190717
2580541245
2996528249
1637616565
854076631
4274341333
1340507152
3348814239
826164212
4259482708
1264305880
2760860695
3641405412
2387223121
1725762240
1937817252
444053581
413642274
3789989603
4137869092
4100133692
2182148690
2186312430
2163087386
994274077
4204347042
876724025
1897380209
666473528
2075638996
3653740028
3084683342
3003604503
2189208373
842961833
3688621376
1102470198
2223274698
4263756103
4283595052
3205117452
543568064
3167190899
3776354980
2897973361
1483503307
3662659189
3907489939
453362460
309768168
441172873
2305838143
2753666166
2144160286
3670062626
3855685833
446850852
402378910
4147972258
4241338743
4025084047
3681526549
103351033
1565131673
884383595
3122993299
1244863673
788602895
1311215925
3973416204
2495802024
1647023906
2365301942
3877626304
2349416308
3464781910
1561913594
1634479095
477793894
905676878
951494235
2475233234
3809242072
3621690206
3147687612
4208048894
1914321302
2529741228