3070230999
2986642278
3118545348
3143047136
1913929223
3122634972
925819774
242060137
440312479
3286927107
408813688
2814913020
3196483351
1374266190
426479436
2262432514
944483638
1413824075
2137189354
3357761920
1310716632
887285176
4058480470
464251045
215890071
3878644256
513517383
2909742139
1815875042
2113684927
2906317315
1194145624
4083095474
3625507573
3853081164
3245388378
2272459772
2559618715
720676686
2840839057
3581063911
2745748688
2982469266
1329336975
3501240996
548369169
4119987434
1382672303
420730966
332209124
3140374360
2899855502
3221370087
3781117870
3706541473
1723996118
2021068767
3680416849
650634107
2971272094
3278440590
335120212
3566576614
2013254938
1403919118
559735060
2613778990
1358026191
2258670609
2363684229
1365698460
910659147
3156992678
4179623059
2294709974
1160597767
1104372861
175714850
97331662
652053429
3326440212
2652908118
548074350
2400909224
423814739
2728490050
1948233222
964863351
2621776447
1475244593
2668625758
366944034
3339873980
2677932916
1618174397
4181329082
3941752547
2901506611
2295089681
3687435106
3717671145
2791440182
1837915902
2512726798
3189365024
1482365162
528059960
930543551
678858028
3019772218
2388499552
3059728854
667497238
3220829514
2552774958
408129511
2321982977
3804475750
168831762
3836998075
2530704369
695873256
3915841595
968899100
820069847
468417103
3282997825
3707550295
2245965110
392197349
3683504606
256012622
747200813
559675940
714285563
3047933088
1361448176
2365450037
2541192957
2140559708
3892286152
183420440
3843042568
133285864
210217143
3066538692
3110610354
2949906320
3729189586
1876040707
1020318714
1109705752
3825707484
2208300344
3199793088
2263144208
91075681
4118360574
704871036
2401718018
2350269723
1849351537
3939469385
518609834
2720690358
3068954972
3513828530
720290146
3638606759
2726885661
3040338384
1306777751
1937619642
1984244090
2395248770
886788370
2709666705
2206736581
4014948177
272869614
3821966745
1195171881
2229677649
2303416281
4170926247
1527994843
3948822818
3265513867
1433043151
1704257562
3427213482
2796525108
3021736156
2964795146
4058934091
4089715106
1814582500
3930593915
4008262046
2363705382
4199331875
555392160
91372870
349357109
515365784
2438751988
2519949048
3250263561
2112853913
3018449503
3661052350
1339708038
1784216882
2800629919
3884454515