2729372062
1794243950
2819232794
582583839
2122400791
1851746697
2645501603
807369091
3402935729
1311043029
716854650
196022137
4257241601
701009171
2698427240
2502630562
547996495
3299295707
2495456474
3448428170
2729865725
2817333412
3451858889
3854196516
3975679468
1764442735
3669343337
2050538356
2136183269
2574039593
2047789864
2536479046
1197019825
1846353559
3072015298
3996932838
2252485347
3309668346
1356210659
614323248
2381857124
3960566668
513427845
3736920644
3264432373
1714489345
1030136340
3624292437
776851222
2405939125
2932591314
860472048
2694430387
3829556792
3102014810
2663244022
828207167
4051215996
3928696548
624088925
2465495171
3932188300
1691366861
2665515465
4034921717
2754739373
576711492
2203926427
3776764070
1953544275
3473402894
1471849050
3293669206
3877418391
3683394742
2510628025
702586287
3950197671
259645266
1150969926
1274374330
3942477573
3726079292
2176972506
50576667
564598549
104214916
4044597927
2359519394
1493311556
3695890650
887279591
3415621982
3163270657
1063365386
3394813920
423855947
2540246903
1075870486
2876598721
2848852475
1940648364
2774724363
3614289957
3061674601
7112356
813134234
2801294789
3468314085
3112427465
1703444201
3915390344
4049934084