3556654476
1842363912
2099894108
3503130205
2158512323
3208038884
2724434557
4225120005
3642882632
4262715527
4294769802
2075883760
380534728
2684342956
2242590976
2208781015
2315633960
1335613996
2590378796
2182772790
4184470536
3345387090
1357898570
3283625524
4233707678
1627655792
1510202858
971439823
1076541277
156120187
1176755085
1445204799
4231765225
3022734263
3767212206
4270800910
259754731
684030561
2877013835
1835803352
3893650882
1003857610
662630893
1720186463
2759238827
3011271082
3028551014
2735441430
4168696167
796766864
3860422436
1378565450
1009723800
2272878219
2680369951
2752982162
534204018
3881846527
2684860101
539439472
413810506
247142608
3861421684
2525492525
63479355
2247950926
3396102281
4067862928
982058399
510005427
429950145
1950392146
4203508502
3692279523
1527018928
1221368038
1555780037
585366711
3744572587
689129408
3282341477
2624019532
925589512
1357728628
1640650202
1082977346
1611892665
2010310037
3438439942
504299009
893050646
1318410122
3473382516
