821306136
1874555284
3170899943
517989700
2754251
1561120053
2444609667
103942404
3504607157
2714764252
1596717208
3107435784
3780650259
4110339537
1061635678
2619811748
2478588009
3353596962
4231421155
3725413472
2457699093
3815684537
423320911
2623724562
684433750
1458475047
2248166783
2137309145
396017945
4161459968
90296522
870544050
4163594848
3024117267
2399931845
882131734
2728981761
3206005071
1993787186
2066364496
34192697
3442711029
3638433010
1753731547
1582386532
31584987
2565358424
1271880757
2749840331
1243848100
87140058
2246682795
364155465
91656657
2680083058
475607056
4027961611
468301821
1600332112
3488029982
220116113
2977796469
2512902072
70309207
2246563951
2738866947
1892007781
4091262744
961634132
2947221998
497779455
3902499133
2961178867
2039492847
2705797233
2927740342
3342675187
1959519733
73326729
2300532065
868014864
3827116637
1744924307
2952055617
1442620624
3182680871
3542554506
3774854518
273434256
1542483626
317584491
2721936393
2695918532
1567319209
2521347486
507220642
3060652923
3240846896
1101328195
1235975986
1719667128
3511679219
1490818461
2722168881
1324106536
2274722244
1293709450
