573527243
2472284045
2706783810
1438224875
324628537
2499813977
4288779079
2207907353
74516078
1986114210
2473545612
912200903
653921235
1446995152
3349695621
1380864732
1601369666
3153744621
3988490314
571614432
794294780
3424191974
4168727837
3231227998
2761267460
2981902639
1622230860
793758826
2348899432
2847479110
3542822876
222111518
2487884656
424097804
3483716899
1877935652
1010834220
2629816005
1480788924
1198870055
71311997
64522815
4218480386
4139846300
3980220872
1427655919
1080274713
3765806677
144103285
1452648353
2241186595
4261092865
2957177675
3509590944
2704680186
1748895659
476244463
3363189600
4268153911
2948737383
2353572304
1834117942
463267147
1655667110
2238120579
3794105410
1333978240
3086183442
4092028287
3765180422
4093645324
756071970
641602903
1334826346
29398200
591881125
2882977850
3574157265
1963346980
228850423
3803114180
3785817587
3328443810
3903573392
2036572126
4119604333
595870796
2056124875
4136989102
703336641
3946249014
3842326973
620801836
152300634
702687749
854112315
1775533811
2211073363
2219673507
1601349491
3366676587
3396479026
663152279
168582172
3831779079
88014356
1094251642
378186381
3384017863
2670522703
357023372
2332719810
1910119438
2696396731
1421895525
1263244497
2075036634
2923756684
4244705622
1266624208
2117909629
2501018466
