1213708268
800240096
1445567300
1699951584
2814203083
1415060379
2824168859
2753459936
2353943458
781771417
1309074888
3966375599
996943719
2101920872
105875450
1255225750
3474489363
3795814984
569775471
2606185990
3482710744
1633777194
3354354117
996992266
3344156616
256251757
592428324
1506852907
2862809238
3839014947
184618187
4153788446
3655966070
3470430169
38047018
2508497089
1975251369
1817514271
1039370820
4010841919
2793812146
518507997
3550911055
2425953282
54942603
1087242114
2626473251
861439530
282995876
2129842537
1272457397
1502142833
765735744
1169127908
1939025694
2775359824
3774767761
693872422
2305009631
286088935
2203587012
3032931617
4071695890
3221617578
357964513
3507717072
3576294809
784514710
2679238666
3058220207
1186381619
1770749568
677999909
1851845702
2169285678
446135936
3895238734
4244308979
1888750375
1938510549
1064825384
632102031
3744428362
1102929708
3101493721
2448184131
1796799322
4044237327
298684228
3914028805
2015534226
2696145078
1937657897
2049273975
142576404
837120961
3031399488
3116211237
3632679834
853198081
2335253279
2838545406
1840449057
3260689214
2678538635
1441025747
3057434836
1028490735
81243848
1604630041
3791743495
2743299554
1828350570
2288012532
1061231129
4051331239
