3612630877
2054808161
2340929482
3520832425
57606956
1920679114
3202331057
1500485087
143450348
4024240211
261686323
2766700252
3709097018
2056374349
3433626902
3910288620
1158486227
852102789
2214293745
196255713
2154950671
3808876066
661250598
1517215259
4184848438
3541186194
1085749455
640824547
1693955555
1944269570
1089846281
3946409907
1884052345
1488422973
2414196070
3665384208
657308854
1131227668
438877980
3962673099
23268838
4049314824
3158210670
2464804841
1188986018
484843874
4181463955
3919564995
981967876
960155913
3892065813
3680421550
1678979848
3678752545
127172346
297988169
777310396
102262038
3648624691
3811189135
587890178
1548049210
2916533650
1959571992
3647077287
993706718
1188287372
2252599899
410128699
2639480076
3094640089
1996110832
4039893539
3734150929
1581464780
1502949666
2271324320
2306625358
3252230927
939944074
3215548482
236760428
2533740452
1688488475
293255544
3661797106
2057034754
1809535518
3361731051
3710949731
163323476
1404992783
373432193
1273517190
2433747061
459493999
2974890326
1934717189
621429023
3254943158
954427947
3133772399
1026242301
2227629165
4239620068
3697489379
2486764165
3865418920
1915603471
2113525788
2362568531
1981977389
2891504648
3842460974
2699902856
1241736344
217834156
4051019602
1202311206
3951532897
