358903917
1814200338
1967525700
1757873426
3770978644
2633169244
4160290347
3780313129
494038333
3258259547
1264243625
187500867
1918342325
3340599970
1166340852
3757125871
2074554202
55275791
3836455599
3598241120
846129195
469424480
3465130787
3384932890
2345512646
811891878
2009950767
3627753996
895969249
1623409455
1824090569
51651338
1730246164
840601918
2626939615
2679555329
2130204868
4075740178
857499659
3495502848
1989952716
2783845817
3023842221
1887912417
1888661810
1301595290
2206943791
2221970456
4022872876
