1558471667
3825265723
2154312066
937355949
563997197
2976478168
3271518658
1373296647
3697408462
2968311607
2824722210
2741144768
1991691422
844372051
3418189478
2103367023
4055716395
3530234201
374667879
4116391276
612796997
4046645602
1408896584
3048364253
1811368369
1337609439
357227896
2670539282
2458316902
3907210972
1689544853
2767177322
53827971
3255217641
41519138
2804950445
3936128308
1672383037
4086297417
1287052340
603882463
2003780924
2175657673
4240779701
2272569796
4227739424
919347216
4247004206
4209612101
691570976
891095688
3889208512
132591528
3390476156
2854360863
1263024160
2915995338
2044122454
1840338619
1785467470
1395522344
59979255
2371277030
1852273987
4269844091
2355706986
2047763245
2833151121
495638982
658243028
139877547
3643488036
845461780
141106337
2993786852
3277259257
4167165729
3052679919
1790183895
3359316439
559162923
78298496
2240547042
3044355628
925646043
1602830593
2396883760
2510840664
3541390423
3329412735
2283090090
1752182013
2472570747
631285371
1536144084
3875982475
3220151447
759590280
415176094
4255928924
101198118
8455973
1479568887
124366995
1388317420
56108323
105997238
2235230068
2112216267
463308162
1505530586
1068733733
839885527
2852944498
2670642984
4104567901
3515505188
339386762
1461858296
703021018
1025079526
