1430249597
3317295833
2620144972
1934717372
2546907750
1141373990
3043630319
2619417331
114660324
1047152227
1939565837
1599470462
3826966644
1328470198
2240417655
3982985543
1727507598
1950232966
4035838447
4233617990
1041729660
3672580831
2266520712
1296884059
1998150891
2533905568
3266571715
3650281015
4000568584
2397476220
431646920
1278986651
3749814388
1516021806
1479211402
2787261745
3531488692
220337236
1425111471
2562489823
2553674030
275208664
3290727625
1263564884
2442787107
1943292000
3351642048
4156969087
1298397643
2064097542
1829054544
512212971
2551294686
1183304778
583270808
3084239831
4211277800
2306079041
1728499735
3940058737
1908682528
3295742709
2613831335
1412741034
2328945444
1664042632
1671590063
2572541316
926600907
2273574730
2428327902
1498350756
404732794
1670079936
2940454612
450303043
2350165128
3579401085
2178801967
2780127929
3130477943
646001497
1828020665
187502921
3838179070
1494151132
583127746
3378813391
3645077947
3844892052
1504933298
1679525536
4108921231
1590473549
822345302
1074487956
3695338235
737767920
2324495503
2441335956
750557913
2026482725
2564124851
1571408883
3529428643
402357545
3193999486
2910236002
3377059553
4258255005
582313568
4231432046
3884419452
3850678577
1631123424
938576163
1228242783
3819069596
2193484068
1690354872
1571995527
2713637958
251426983
3872389947
3373160611
755974185
3475560242
2806767937
65606128
3881612801
298089189
734774317
179194788
2173407504
175912941
2953250849
2977748626
365819534
3812934466
3518541338
389839267
2052724598
911590471
2679860474
2505776295
2887255506
4234894182
3958771283
3744103547
4019324987
2109896756
3305510674
230497825
64527926
2196867836
199289760
572725965
437876894
3143342877
3228523494
4256699006
222353570
1063779172
3081029600
1514070427
1300538878
1683953710
1457846088
1095753283
414360848
2245477239
2464354546
3839569985
2558011164
2487307971
3044914160
3868697234
1005658011
1562478431
208226141
1519534145
4196412545
774962061
1909711417
1857492908
690943220
4174100825
3915589743
2746806857
3674859279
4193541469
1464581427
497867590
3131645474
1441496658
2520323233
2170710146
253886003
3300074470
2005200963
3709360404
1758060820
2796665170
3436588121
2623861382
2168023794
104389706
2429999903
916425598
3385090838
1235435653
2770512479
917227994
3295010542
1198282593
362837553
1078721489
1108817656
1373386180
2340123634
1519625602
2064662238
2689270410
1123475970
712038816
2105446905
1028281695
1249609611
1104497867
1573483359
954287690
2736032123
3315120420
2817389700