685729741
1751771330
4091722315
3330241209
3675883431
1466848405
1620405549
2770940520
1468958129
1276758308
4284851930
4145678821
1884576542
1030269185
1232439793
1143121430
1833031525
56436291
2149074776
533538633
2213553179
3708382310
3412466987
845312178
1948745528
3767949300
451146592
3472967778
1280238643
2566880635
2128964961
44795989
3216316393
1948888460
301729148
722430270
243213124
3060209780
3023271939
3029173630
1884731109
1731324827
289937988
1388397183
2547129825
3093595720
3969601696
2995858723
2752917558
3151319044
1681880800
4103177740
1584378217
3100167949
1396821239
3431601178
610163202
1917539377
4192452142
1830506354
1155556869
2819462971
1983009225
145998279
273317758
3108599383
1851341091
1496789822
1812395445
2301938851
2076743536
2521307898
1160474044
1779812584
4063686275
2968157797
2511951527
2641306604
3222400983
494188044
3028266741
1603899895
837138877
1833071578
2558684123
4200479226
161440223
4172402128
868425835
1045381312
1283646532
3969734134
3031260184
4145165704
2317551803
2901513864
2744774691
2717373011
3130291756
2138962626
3400030882
1238500968
1646592647
3542232942
2606309424
315907783
1133245092
2122481918
2471781761
3793377791
2375829722
3944704420
2488210284
2567181008
564228648
2010752453
4070672774
2917674468
575795642
2833947619
467014787
1545128769
1585631893
3054113612
2160987283
