3155713181
2862723986
29346623
2509220059
4133283279
854656726
4288868282
1863396708
2122246815
3217044638
2401360632
3313604159
3952805690
1301661457
2652650094
687971437
3049645840
2372371265
4211655880
3039027501
4176152473
1085151026
4043616493
3280721037
4135386128
1813887301
528806211
3271771403
2787932887
3398124386
2177120479
4124808170
2329349648
1414575647
3050141579
3613815697
1674901442
880719688
390799120
1563517840
858716547
324620175
3340975673
1493674810
2281382082
4243564738
74486791
1758384103
804775288
2444765143
4160703532
2121263933
2058792438
193084915
2090830777
4696457
1043960394
2904344120
264197401
1387795805
1138505295
249627989
1786288188
1863672881
1445452710
509573680
735213428
1098107344
2875580978
1392917844
1804800526
4522589
2963953169
3919620489
5298186
2876106250
3592905724
3917286537
1556318768
1824473768
1646849484
1001239289
3330661711
368440650
723443161
2507966207
814724891
2318717689
4235295588
3779333954
3924079156
1435646513
4104668414
3843928728
1683984335
1098098693
1527932577
2794312480
3626340110
3855335844
891926978
957495474
859490977
2085212166
1709812472
3488248096
3786930775
2736013618
1729205768
1012880412
2242139470
