1142394242
3787470825
1297806280
2696428645
1729733266
2814065899
154195381
2253918860
1478970269
3714957889
2973542202
1211653864
3086855804
3110885726
63587305
2702698856
2614821760
3336868585
3218956727
249772056
2989101526
2479092720
2444033545
4049816824
1219132153
4004656884
393265827
1831179499
699967231
4175522399
3058415483
1179978314
3937765777
2656844430
366940424
2545737735
3784689279
1746531793
1366101728
1991837356
2971212784
2148668437
256433830
4084068958
4014080395
2395214077
1976179516
2649160748
215498649
1420623731
2738533494
2770079179
4008484109
592961526
578736229
3442896365
3266712118
293724612
3484411739
4237332954
2778902949
647390075
2947933031
336013297
2664224525
1190160056
3957196493
3123019808
3139109429
3721252316
2536466085
280911675
1651126233
2770079366
534660589
3918635724
90842080
1418644741
1306935704
941810548
2800076898
3554006070
2870602696
1496757060
1167981140
3776969485
1279955273
2880212851
2302706993
268916181
183978228
3933663250
865532844
1835810675
1518555616
346642088
436856659