2478758940
3455392258
143774897
2898440938
2957926726
3626424425
823489079
4100860754
1059267530
316072295
706541243
3694568781
1414891301
1579040945
2732400302
2355149213
3244816080
921622993
804445636
1920216334
2890422065
2036322733
1965505432
3066167251
418037567
1320520548
2625012362
4211664960
1153505927
3421515589
1663905714
3318045200
2590357016
2121141599
2507241008
4165902884
3660550387
3097913496
142455525
3110392067
1881257217
605406213
3963599735
1947744976
42624548
559549030
3162889924
2199666455
3219071989
1721259458
2175408771
69680199
4085294257
3999994430
782750621
2723796722
691913773
4201874504
1412501578
2469451983
4133302260
1647461533
4137106794
4011219094
800929047
3732439034
462836663
3337586682
1076444882
2596919564
738833698
3278214107
1702613609
2183595260
4163291234
3540809327
288498667
1906146575
510647555
1189057358
3501132022
3844597414
