3944127328
1610345915
1030873632
1618804642
3484171914
1392616681
1483027606
1378582879
883665577
1255856517
320225514
4217835891
3624602701
692542464
2559092849
3290917369
2086656661
2427021455
3905177700
2828840256
2838317024
924072442
2169571239
2743859222
2420772243
300955819
240326620
946748880
3996308856
86751040
3377877601
2551422664
1636076152
1602622679
3748918320
94544848
2207918768
1425308683
2779224964
1695804742
98883097
1591772556
3644824325
317364617
2306697419
3402749585
605062837
2083583960
550255384
1698868956
1811611612
97261693
1902390366
4198522153
3710843794
3282754604
2623221180
3821637575
180135811
3870408154
1011120455
106821851
2015089318
2678765241
783548049
3689816233
655661853
2730448422
789943457
2844159477
2886188427
1128680250
1846902311
3928573436
1563780062
4051081510
2355050344
2654853201
609507752
1144478651
466463945
2047058198
3564451935
1860717020
4028192272
2744407403
2697592832
1218653388
1754531787
727285415
4165195948
473080849
3827326400
3497186541
2959560801
4095049583
3232180415
2533442854
2849160228
622144947
3990321231
3492651738
1859852572
1999616654
2248308619
1529275520
3136250614
3632572727
2094943990
3092361205
58307873
744148391
3371592013
1770965324
1235853203
2136790745
4133332795
2359586993
2238750011
775112996
1343420867
3422845053
200333675
1989605773
1189076761
2529833256
3039709446
654599565
3573327471
2141394969
950036515
3530278705
92998635
747244474
3229885426
3279427732
3713146496
3306106043
402587484
2987670215
2756280441
3751429304
3569300509
580467792
3867580191
1880197288
2960321665
2736608029
497937587
2321785198
2772310985
1117954970
2252405435
2129964906
163259720
3002032756
1521722752
3397220853
2335214824
1703767941
2230739303
1092039251
611892782
3493073223
3717868229
736852261
918069742
651293139
194784775
1728332411
1506320695
3132868441
1342107727
1865998516
2931403826
3588203680
3872238359
3971784079
1293141069
3168304602
998930335
41882824
2838467511
3059172005
2959427592
3081942756
1140548150
4036068929
4173010733
80337065
1095528393
2525156054
2888105895
2510324264
534599971
3774606857
1504941446
3556472326
2566439121
2609577721
351737064
1595553260
3341507593
1033704995
3296805810
2424670785
2972208464
1367561594
3010575604
2963252982
1178182551
26594274
2830107138
2643710489
1557942758
472607477
286646960
2555410545
3442897826
4202255458
2990354158
1637235321
3170890160
3373664203
3040212740
2541644536
1136259080
2839937444
3700078854
264413178
1571391293
3909965909
387499927
2435517544
4249457233
1449941274
1021866490
3343988956
3363822254
3031763168
3788588129
4123255330
3156911883
4070798095
3264555073
1013688488
422560870
854647993
1592328064
2886462296
2309289854
3252447116
2554662445
2434272474
4102644096
1284182652
2343507043
4097165273
1589348541
1460315652
2010784245
463775825
3394114071
766531
1506939958
1633616862
521502214
2122900311
276398242
3490076096
850118232
4093920506
1851639374
882585522
1852003878
1465874931
846255465
1458951119
3346461576
3340433701
2180855282
1717432268
277749190
804789310
823735116
1675761490
447094808
335263055
3074285953
3906012176
316594104
1552427331
2701405973
4181329767
1573996867
1491597625
2214227607
3193836371
3004969526
1757940745
3529777523
933856450
579986875
1594744275
2364112046
4217576492
1871209008
4089098217
3992775593
3868309989
429485675
1862833407
2322744848
2683983182
4202734548
2552967672
913629241
3492568605
2123928483
2430102066
2003486642
2143458162
2398599977
1035471834
3818874096
4183401302
1781198163
77031821
4020271462
2443956250
4069090884
2038401900
4093707484
3226042612
3637110173
418713006
3056857011
487568155
2662792092
3602737043
3621484831
2426911572
4099281802
3959848268
4244924828
3824876004
46683494
3156247387
1458317443
2852158757
3491829418
3162244500
1351503644
2500427184
1557708113
1654323904
3345868455
319734480
1190622096
2923876486
1921050104
1060188827
237576252
1996057695
4031850815
283873932
438249750
432511481
1180395944
103816677
908606007
3613966345
1402396953
3587920695
4204336258
4272807763
1141389982
1721209677
286595027
1689817189
1140431548
2275759437
1072311244
1394511580
3038570666
1964706901
3288208347
231269593
2979694353
1185626153
1566032078
1225070794
2769090539
1510665520
1117159799
3811569179
3674569262
3977622501
3428177435
985752608
3887996419
686185557
804318277
1504226491
1679750060
4137677259
4081121405
3068143122
1283181303
3125453320
566352489
4145536529
1645053585
228122242
637498939
131847956
1975168656
121986555
134759648
2571601079
1927183973
40622468
2470040161
1789528276
4050662639
2234176649
1879861787
2583990459
3110726412
1892312495
2439890091
2470188350
222900783
3604614274
3656212627