2469963103
3587772993
670496514
2577015808
263084864
1880542475
3802126434
4270965308
3174357252
2534814478
3298155407
1752019895
3067183862
1215066445
2091137657
2336443121
3171266236
1356818531
1680100072
3995850315
1667259675
1027696281
3559080341
3028135706
300395495
971879270
2226888543
1238462438
3628283066
2697735318
1225702377
257480909
1885985461
3708477860
493209686
4227530098
2085411001
988990949
1970879229
4108138529
2782040744
3840452833
3337543139
3898332491
4214797220
1037865292
1098610740
3508385804
1184218528
3514754672
1856513
2421225136
320693934
1727188954
291074324
1017043764
3180534088
186677964
1872334935
3732515424
1608030826
2282952592
48007055
3929231512
944063163
62172618
