4209002793
1315094976
1583576447
2703403980
4034612273
384352917
3940867525
1417900484
2866203097
2046783739
1801843532
272016157
2159918331
1305075452
3557260276
20476308
3626267273
3826287407
3704833732
3984329369
2445145655
3076297814
3423216557
2049984160
4113245923
1759740732
3974970415
1831858074
1623976673
2825206003
1354145928
2264001678
1649342059
422380535
168835268
1249481171
151973872
2298139695
3095439011
3892565997
1943786348
2134844896
2741800292
4193389048
1903513853
1798245968
3180812523
1200830714
3096648777
1033038905
1881600243
2627092135
