578836526
151872902
2470962521
2258424572
1921466546
2990400208
3457929233
4058034025
2965276602
2533005284
4207891700
845439023
3570849404
1580961215
3005668313
949536585
2680012947
1902663850
3605138933
1314931943
1795180034
2432972609
1065124010
3708850257
3073400191
353037803
1054375696
4141342647
948409549
3445342242
587403835
632351530
3591344760
887453810
3724557636
38458175
553547323
2860357759
3798228990
805416612
4259720986
3840862775
1003192429
2227924941
1364475867
1239978770
2624696195
1542575367
1961860094
3299044602
2756748247
3168850036
3011211040
1897075777
2202941463
2404931810
3953346947
3376508113
2025740170
1702381529
2569589496
1220552851
1036600004
2126405587
4052113035
1736621508
3559788493
2304137100
1050351242
1413987583
3920074306
3812115834
3269393727
399929584
