4244802459
3715711124
58553529
3592806183
3078449968
1073286164
1946559331
1255082666
1489417001
3980860464
1155603712
446705810
2017059111
1218983360
110281017
895104477
1956342557
2713083287
450022829
3706709207
2145482603
1837176373
1973515273
161462917
2061359651
4026119679
1689906916
3153746541
366870375
1480972752
4182234539
200362780
1053679988
1398106721
1398399159
2476629370
2625159369
2153222301
2653967565
1223991589
2578598449
1304968579
1779083095
2524992761
2570417012
2371818457
1632118571
877780991
2282013715
2399516708
155505680
511020326
3995757811
2114780191
2060783922
1630307695
1668396173
3244760071
3505088844
2526895705
1053266947
3875378063
1948947392
3741095049
2919532024
3441419169
365071967
2768961615
2360389981
1886528520
243918555
1753541555
817550865
3956574725
1404449854
1250884439
3115738707
216425885
2364129165
2555821453
3761124886
1542902186
3913798949
953806770
3168894630
2750760958
421451265
4202577755
2677972853
1456986321
151369206
1456175771
1298350791
3867449876
1262546873
1558197286
2703062413
2249152125
2955178755
217275341
3034181746
3335182872
617371236
2883049100
4207498183
1159033863
1310619213
4229164241
1556148475
1425233707
151879958
1620148465
1060009846
742296680
3819715588
3640191423
3391729495
1487678029
586363296
2932149679
536061532
3630352858
2389108247
1366066840
3794106258
676636864
1034969934
1205776019
3185838369
4195416095
846372354
1071167484
794982796
2178246771
3266365744
2439863281
1347720813
4232115908
2304489386
1444452884
1478751632
1667652940
498150579
3516862029
1091759401
3133343606
242576064
1434899823
3003480317
2200268901
1875645785
1890343593
2625192782
968165159
2017277888
2794164234
2434936877
76914115
3809814470
1888468901
4236819976
123117422
3990318518
2245334870
664395347
332762947
1641739583
4048951568
1889637790
1068938753
2849393899
3952956448
3573057551
3237855794
623202879
2979798410
3466147835
4116273958
198545002
3579757802
1408984007
3108729013
810338714
3068915724
787264760
2076136266
3052795051
808604866
1430445807
764647248
2250987784
304839631
2346400670
2899440374
3122865692
3556355150
773204850
855238850
2547497574
3601810798
3969876755
713823207
94609956
3339459279
60307356
215267215
1036635247
843744362
1779217924
1317007103
3480027097
541997549
2535615712
2713367124
2041371805
2902158228
799172589
2820556736
1420178838
3102904158
1082555979
573642450
1096718157
614299501
3970412264
2138122561
4201953522
3770747601
3924933750
2266728609
3041676832
148672855
447911813
4103870856
677694718
278753345
2520904468
4108373993
2566030747
4230172631
2169117831
2483722371
596113550
4149137591
4255234525
3432878104
3017395367
2735051479
3488890791
2216953020
1911996019
2482926466
1974044278
2644667745
1732427371
2081419078
1830502254
2588833736
1353925409