221986495
3668254186
2383301502
2266685314
2778587969
1677624001
3876263054
3057045148
2008468357
2341410456
257781934
2423272758
2970913479
1794452269
1158671897
3902981579
172390262
3685691155
1076358962
3590981300
3189872964
4018738922
751052212
3481546406
3581322863
2382189941
2846286704
73554734
2972756420
3960529024
181157550
3543967925
797661717
3453156663
77147035
3442853557
3030081934
2506938165
3767398886
3020141813
817530109
1281591249
3443383488
814142972
3020947454
2427492435
1385298390
180978841
1291165834
2560716531
1779782947
2304052143
1115701742
3534321255
884555537
2063616323
1109062146
599207157
1130769636
1545213267
2409512687
956366979
2973869614
623965360
2400859832
196989455
289895506
126456665
3742500984
2297172173
633380582
825435759
569304004
2765802651
1532055051
372984114
898259773
1134374340
3993203926
2051394574
1697031940
2826094443
3519435642
2322296094
3716164914
2218982006
2911524433
1517693384
2870314138
4090003152
3749444877
303629698
4159189962
1482636661
575774737
2408221060
1071144831
2496761559
1494611531
1266301084
3198247115
52817056
850208295
2589959784
2246453086
844245807
3792026808
3459937611
1540207179
436722829
1679153481
2982130490
1579794143
599887792
2294382818
3290007556
2447581151
48645808
1089362890
367849352
4011453086
1686347154
1485600102
843901392
1602842813
2609062286
2050908369
3298636072
3283017980
3111002479
1646457146
3750646883
2508483266
2330944889
1738961147
2966903790
4240904677
1662550931
1664357189
407702470
1470093382
2177291872
2098327681
2499170650
2709017482
1280019315
1994574486
3077324474
2937106483
2128424013
1883951598
69337375
1600082813
3341735594
2045530395
1243512064
1384270137
1771751486
1245220827
3105531060
4245414820
999646709
385071107
1283434420
866772078
1635797919
155236063
3931298996
3744535989
1479275410
2882949678
1954636602
2894351388
3515074209
2586364279
1135420857
3081861380
347488302
3931141889
211663941
3390225957
1951886565
496968515
2170018199
628779745
3470906845
988258859
1210580260
1097030093
1454569498
489754240
1749242038
695034501
2101716881
1060100365
2087930023
593694639
3159745016
3326210752
2924539906
1287776049
1201210690
3975900831
528625193
3464268874
4150361077
2066769463
2234948781
2745741206
1958281510
2052508076
1430909639
371228749
3494745200
813775010
2679429222
10485918
2124680875
488081736
1545034548
3781901580
1156049072
2380025870
1792202042
3097375500
1767491448
1393235691