2779669602
1172586062
3230368357
2588046687
2865747233
732901042
1850899092
327794664
2841144888
57824893
558179348
1261972215
3896614037
2200253574
4045858410
2730106725
3300388207
615169800
1731669177
3973673045
3355638895
360241679
1437162291
1173534040
2853092091
1429633334
712426273
4027891227
1286634503
3543163126
3715458223
3296937385
2593393950
3931629291
4235417240
4173244694
3982230923
1233683935
3097780763
2322671227
2967809575
918236905
3037801880
912760575
1131800178
972359491
3949416278
645676617
1456002108
3357764524
922163757
3140454002
315538729
1729354545
848270009
902325708
1359527598
3964698068
2101991158
4070571209
2504299128
