970365601
1097641099
1022550713
190079096
546679323
2788157914
2767068123
594887089
932292610
740318121
1199090805
919396736
4206722574
396967980
56498275
2878197771
2615969014
3996493985
974390175
3121616636
4181767573
1573094722
890807995
1929880992
263996542
4059300598
1000786490
1526608938
3826103468
328646547
3438500899
4040861989
2265957245
3847774011
2589048995
3462406215
2518545405
2525917854
2765323934
1339776055
486137151
2479062677
4004855849
3176958174
3574545752
3602437843
1918631723
3871527821
3108915678
3130879697
289818359
3001644148
831190480
4122406185
3645545179
217492584
2624461714
3301046013
1403192748
2985592526
3881836168
3463021941
1595760498
297329232
3147964773
72304889
2330724741
2340403125
689397082
3899795391
1442580957
932499379
630968957
787661238
3013569967
376979665
270009511
1829977527
1744110399
2678992957
2511572063
640625236
2913984935
681971268
1360684262
2998954049
3325049891
2787025929
1976295740
212838043
1715502776
3486166914
1004204586
2334363439
1082742264
2131227565
