2619520338
301695364
1142394242
2314750382
2369726304
353788282
2852717824
213309227
2504473258
3491340171
3787470825
1297806280
2696428645
1729733266
4029001533
3778621144
2262467423
462693810
516918796
2814065899
2253918860
2257751830
413727499
3260084987
3867839889
622126699
3934450738
1551322961
2973542202
634707502
3238275868
1211653864
3267634432
2392809049
3086855804
3110885726
3090831238
160869185
3691330984
1673019309
757823906
3832445884
2576804225
2702698856
2614821760
385460860
3399830038
4169122340
229381787
1975436214
2820813284
671673295
3336868585
1324612984
720626759
415823976
249772056
2989101526
2479092720
2444033545
824984866
4049816824
1219132153
2346282348
996095700
2338261254
2178271678
1877018752
113008730
1742220323
1492479121
2050708001
393265827
4013130730
1831179499
2038748873
699967231
2978451202
2747065416
4175522399
4224611036
1057094418
2125243998
2870552598
1179978314
2803842795
3937765777
1361091475
3299783263
3765699986
1528647444
2435853406
2656844430
297003047
2854961922
366940424
3689635011
2545737735
4219111348
3784689279
1746531793
2835761826
1366101728
3972157133
1991837356
2971212784
1459681862
2386712917
2148668437
521901595
2127824868
3776500886
256433830
4084068958
2754994568
3570845687
101139231
4014080395
3464060248
2649160748
215498649
1420623731
3718699216
1360839685
313818078
3796573966
99197398
2684080961
3428677290
3232676519
2738533494
2821429827
1346286905
1951762848
1973536959
3593441341
273462184
1225613310
3931063786
2770079179
4008484109
1714751207
3792046903
2399418065
2067693065
39663266
29868690
2348340161
592961526
1095406050
2839285352
578736229
3442896365
2081153195
2591197562
3266712118
2646176483
2438950155
3484411739
4237332954
1101970515
231699971
2778902949
2947933031
800875662
1383339056
336013297
2664224525
3862191566
3309630499
3966539601
1190160056
3264466139
2619521456
1387578
403157256
588957074
340253763
3123019808
2953939322
4118363452
3139109429
1918272181
3552550325
908033085
3721252316
2914060327
1889586992
2768147628
280911675
272434103
1080723952
1651126233
2770079366
4111269725
1505538034
534660589
3603578392
3918635724
525282069
1306935704
850586444
941810548
1964149148
2349068002
4069724976
2800076898
4002556060
1320398331
3554006070
1218239941
3823919731
3458134255
1079659043
1692313497
3631691635
2870602696
2081170966
1468998331
4290583039
1167981140
3776969485
1279955273
2758993171
1663018544
2880212851
1678770979
1928022991
1635647343
4000270543
2019601303
2302706993
2229466294
1252358903
4027266180
3286380401
268916181
340710023
464555064
2968903181
3097639381
3801633335
391376458
183978228
3553735336
3933663250
66384769
3191155109
346642088
1341965336
1605133895
2204936593
4129768108
436856659