635957274
3833819885
639252358
2150491803
2325304615
1828696657
1654147094
1620272988
3416629021
107049355
4010069198
1469409679
2814113478
4190874220
590032941
4265612434
280464081
200536832
3650887077
1405916588
3277095433
4016932438
1482479247
2578764433
3053646517
1473943597
1690777270
701632203
1879574130
916184847
292364328
565937165
3706787315
1421416169
2855941063
2301344614
1952301461
3594382004
2315720153
4018435241
1076037208
2407389093
3417267783
2869017890
1297866249
3770739172
2313369828
764039826
886800540
1847610136
2650308684
2214155483
1198905233
2929235989
2084469061
424191167
4185817921
1988946560
621438246
3611664324
3394108088
680023988
2328052042
1535860306
2893772543
2105827485
2216359801
1546298685
1400134474
2379497125
3736842081
3755403419
2179873015
152458200
2062097137
3323877672
3317655865
1331567178
3195060225
2892349748
3569942467
2736351766
3061843251
3055034662
985197664
2388132692
2829866653
2728117626
1085881750
496458832
1660669222
3257465608
3210416143
2334563849
1705503455
2926681744
1038640018
2543881745
3179975746
1150118498
3498643185
3347471965
1855676709
1733175183
2330829860
1626800362
2490492293
4281502480
4274176043
1308282865
3858734872
2545405203
1836075736
2696924617
76856036
1389768148
3143704224
1023521924
4011559697
2125227974
2891472614
1072551104
1895184809
2050946771
2413444709
2448429443
1885114593
546409816
2773761393
1048103644
1986195598
2472510491
1749662328
686867021
3358562604
3886269967
2966370547
3681836761
3203686454