2799580036
4086347459
2552320934
1403610859
385400915
2131896093
760006782
4189006688
4082310139
3030907041
2690354250
3839274798
2055940386
669089163
2381759931
3866395578
3609806276
889911606
3688508764
4290666156
4133912749
4037757472
2321648289
4220133640
9407605
3280724811
3422295012
3300119408
3669751685
3888458962
2086834776
1934498392
1673272669
1090410284
1726625660
2847096154
3829559636
4037699579
2240478957
3407989220
3676443909
2940634951
1338274202
2343434533
3213633035
3349645040
1625230769
2404859702
2761758478
2430771218
4260994688
3132266059
1659928566
2568305285
504616653
660912648
2519693867
2572857248
1044225059
2352662837
2715193574
79056495
428881754
1729148980
1661037636
2725654711
3447801755
2340801553
1587249349
1380461526
3109006814
3493455382
2658554567
3385499085
1112578484
3479392341
1562104628
3299255050
3905898245
1783625152
3273203039
1193544296
576992606
615532452
128324604
3494223652
3459925971
571383007
3529145610
265485888
173681834
1744858166
353234047
2053309707
1383048
2766019332
4211847002
3277666125
486398738
1610072085
2364503429
30093851
3535158918
4112323030
4026179624
776915985
1108487536
3790243401
2373026329
634660216
2046203227
3187295014
2527722682
2142528755
794967309
1093554365
2373735698
1461037855
3778273028
1789281281
719828073
27161538
716723464
656675530
2332613095
3114088614
591542451
3134618495
1541654453
3226588487
851381186
4165254502
699840994
833138658
2055908977
3209533133
4046876234
695350535
92100525
2043441613
1246004677
4119293357
3242645418
710499394
1421898095
3680462629
600604235
1428654972
1386874235
2218592818
3610515851
2108051240
884178108
215387679
1083394865
2829389815
56839887
2597670206
2543534405
757125957
4069784863
3308552671
2978276313
2749039263
2295737427
3408622195
498266921
1796162347
2437016723
2812623716
2803722352
1668058855
419087211
2443985768
2776586554
2486284382
699030611
2946194945
3365411622
3202236080
2451675974
871810994
256530004
2502201341
13474937
434450108
3421876390
2614638691
3015678430
46920039
1362154822
3875160365
308712138
2058090872
2479900165
3392165237
854157276
3311746619
3015697094
1033061820
1138908257
1699426090
750506993
2381531172
2807740332
369802345
2785628385
660266563
487452106
3885739752
1064226519
2117242557
2249967022
914165723
3419150086
635015999
3658575287
1433242101
834543586
1768328297
2035475490
245804902
763172180
2720710044
807904672
3971859652
1381228886
1120845267
1172200181
1065508358
1156114675
991482584
2949496163
3777997419
1940434356
287875066
1479685597
752827278
2947532404
3887005977
3210599567
566879532
1162176439
2168662070
2100363852
2842156740
1495897400
1987191731
2871189590
3653990981
1611464277
2987745233
1575843704
1199948779
3244683797
3119493919
881573472
3586930457
3145354164
2560069226
4102621192
3596646764
925150709
2118591261
2247262406
3251434509
44176092
4055304404
1301331287
2212808050
3562170391
2392121704
3379765191
3193706152
3718695263
2680841517
1516925456
1784462131
1639461318
3960532656
1273532517
3002199200
94930182
3103288588
3156219411
2475354685
2576509016
304582881
866636497
2693515307
3624411249
13517048
3981635905
3672645504
499316958
513559460
2470972481
2536076863
3669169357
3143771989
352237825
44832062
856240345
1961600819
200778894
2854177362
3964425721
661186212
499041339
2336468233
2823274075
2464657895
66672352
2874918407
3371061909
2893049782
679099208
3824878684
2077807846
881314774
3563241896
1435604874
3909907206
1637537676
2946253075
369187905
717167790
1721565480
1145177104
130097627
3217628140
466600257
1778429979
1129522006
1187256265
1661282423
2353812049
389429819
1812674810
3979305524
3416017779
3004961255
223446052
418175213
1527116451
2575814392
2524630114