348117834
543739228
2491910317
1559996919
3394736095
4172823173
453181528
666882003
2357527056
2745876547
3378341812
1654179756
2364932935
3357522172
646343489
4156479288
634983688
2620809047
3363630803
3713098616
482712980
1762502865
1731372000
1906264600
1005003256
4021334974
3742818157
3725459141
1478627248
2190228210
1043884822
2618301553
3091184064
2982549779
795286914
906878937
1496378408
1022103875
937404722
3010126388
3288209164
813731896
1639037766
474415674
1689991729
3860778554
265615586
2186817660
763562139
3831060748
3356948324
3139358041
2297031288
2216276170
94822036
384218167
1286649801
3944647173
1414704004
1011168461
2919395803
2315722440
3628058694
1398989649
2974318985
2884450823
3211254528
349455095
1352391675
1604871631
3403678166
