2402432463
3670537760
2113573447
3547744481
2698001363
2819572176
1165898402
2210701196
4239716644
4049829938
1821410947
329193717
1287715768
2105974084
3871288118
2666183143
3819190011
3354599825
1214564067
287658500
3213788150
3209754708
3188705752
2225602818
642860174
3516103959
2605325386
3547882768
3175779782
3715496142
3483953992
2737416096
2710303991
4082293197
32474359
4138802180
2103386663
1978337904
1747826466
2864125392
1929608456
2890014628
859866988
607064503
1329777221
2591943022
2528619514
976482951
3978915002
3276853977
3034592787
3244294106
2225021301
4185845946
1770896797
4021364290
3647761355
3015859199
3126802329
4003873269
2015283448
1427659238
536626696
3858150232
1674932609
4096477524
3186788147
4213023041
2415751381
4192831296
1985239820
2819285894
1384578250
4198722119
1345358081
4144249420
3725049842
1968063109
2165870161
3775211306
3132392005
191131170
419850393
3894053527
3170095615
4218293862
3698390521
1357746221
4115053471
3392146559
1282353254
1550006749
3075655690
1798142954
1931958618
692722303
4075320873
2363558569
3716310519
3833984757
1502539319
3257542058
2668345202
4058028301
3249479484
3861600602
295530466
2392350163
2029353793
3520881001
1895675341
2579722468
593464517
1396834122
446373009
3477590388
653628645
3662098175
2857432464
111671730
70043685
1779763001
2410019206
1714005283
1806141142
2686399894
2507360398
3846203098
3017268860
3446051075
3945120853
646809266
3522997500
24606987
448386360
2331876134
1937458677
2521850182
3174976995
812975944
1369810650
3641176042
2611871255
166659091
1668488530
2302198436
4174526113
4066879673
579082141
4146413316
641238689
2932217985
3110232604
3236846401
3921632920
1621898150
3822778965
2608732665
525484330
1281406527
2643404001
3357381622
1115112426
3860612584
1404748353
2242066834
1016293725
2019835564
3596379056
264130340
1256342552
3763242574
1546698245
757789248
1026857429
2830776782
3064249341
4191380384
4158984602
3964234525
1600730695
2659986163
1539859701
559906323
2149219959
3940932872
1167919127
706188202
1759066121
2935366621
522501406
2503446753
249561308
3298194005
485622555
1182203478
2432651373
1722202641
376216995
20534517
501931125
1697183371
2501561915
2860124978
3518150743
3240238206
1052123113
344776745
1545398273
3497315804
3721057647
3701925123
705032186
4057986761
3271802154
3788551483
1762223222
2222161698
1453099068
3145755706
3006616588
1099591477
2250196768
2809620408
2080922193
3003955060
4043135920
213210035
2215193547
3632523426
1197135837
1011906736
3396563459
219594028
2438649849
3382404526
3027971647
529863526
2237672805
597595556
3268196825
1381872861
2538860975
650042431
1868908851
2768515456
1406049673
3904839440
3232033471
3243875822
2792130820
3627382646
1120330732
2261118531
3474087329
603408512
542994027
1436050499
3953411932
317828243
1618957072
3062511919
463707725
3422236192