1088853628
2043056650
1654179412
3159344649
2219482781
1405730080
1131955578
202400248
3439453965
2825562620
3200262462
3470665125
2132249054
1043584853
166141059
4148127212
1667816164
1647186010
3136717781
3991082165
630621365
485390255
1917747702
4083674729
734010043
3060684815
1369447534
3579737211
953607522
3023816043
2423394200
125735327
2261432289
3540130617
113454285
736293826
2195993779
2899125568
329766562
758773042
1940433563
2162061892
835663975
1523993401
2383652581
292577003
687518025
3092859956
1790074890
869756948
2641401129
2426068865
725196701
1225137745
3679341430
1313708184
2164466044
3082089428
3779231342
1892829428
510340599
515812348
2015940341
633001296
3966333819
1179946706
2081956126
1692955166
2761395365
2968946514
2394806780
4062890503
693710490
3642965875
679250669
478199838
1112166341
2122826313
1289510657
2561010776
3119420283
1108732672
2421552341
1727691205
2185433881
1939030966
931933645
3533873555
872967503
1561689147
1760890004
1836675872
2364450341
1323015030
3655366192
3308974689
4129054415
3030498998
3167557605
1695760860
1108747714
1960387763
2232756598
2381268097