3142303845
3426983067
3362099146
3219173142
302833821
108082962
3616311317
4251915821
617967623
340827704
2966465162
4162395208
1045814416
1728428849
981715083
1515798371
2297351222
2196956943
2356911852
1331286243
2223293316
10192392
2091852428
3894213279
237074843
3011326966
1811024321
2814353638
2922881896
2292216004
39925297
1851488478
2084304101
2972411957
2263341276
4098307939
1770419869
2069306991
1063596213
3887527351
3665385833
499576160
1604841783
1343208554
2014745080
2804849848
292079071
3209367682
4234619669
285140085
1773979899
3335011906
3532025339
3726376075
706952879
557410860
2403769960
2388310949
2886439728
2640713754
1050091521
2905666162
1276898558
3855768320
395645750
1393501836
276919766
3385110570
390509899
1265987749
3752302901
326351288
2907606079
950943835
2156450435
4090387625
694777350
847032232
3734713943
3744958058
301421025
3536162277
3581411767
3451756465
3941650222
641300226
1295132493
1887791380
3751560893
815933897
2464721665
3180496138
1224286418
175066063
3644513665
1587155658
496745627
3219411679
3265269787
2857304008
3492117314
184139236
2314586777
2255774298
2580167725
3635619552
2700586845
4278535123
1552749812
2251361208
339489501
2619983584
3057577496
2175331513
3970878887
216828302
3812909651
3363138185
2199235174
4203851786
4244449495
4017558770
1011311590
1124627574
571163520
3660485703
3324314717
1705819351
2856076916
477800596
2742704481
1469359302
2464540405
3653600261
1881781905
1985181644
555412471
2242055987
4237162180
1789984782
973195493
218542160
2770771800
159252338
2454153850
373978719
846623916
2505617427
4118848634
708466531
1895928802
3765684727
1725730278
3562170655
3711129299
1872593814
671758378
94559001
3866946783
1943813508
1957188752
2737649012
1095566202
2161773516
1570106231
2657637746
3524349461
1147417915
1606080568
3023640089
299403405
4281793656
1637984950
2711152846
1550213030
3349280730
1427536334
1849226708
1070226890
3234551120
805103902
3799697964
2805896334
1940375559