3091998797
3840275034
2178938633
4255662116
881893346
1274293301
2765658842
3986710877
3958588622
2509492441
2089502274
2391624525
651693982
961834458
1279468549
1238199794
4128167614
3078934525
195458241
2336662426
2921545201
3211581913
2582827479
2086355208
4222971681
3346183067
4290653484
3923374907
2207005951
2948967459
1196206614
101488721
1253893264
3289421861
2289638129
1111671417
538926545
3622066693
1662705969
2591478701
821515296
1753497394
2713714582
3848680894
3303694673
872903195
2023985358
1099643166
3832588246
2350032978
2261936339
1878303851
340162083
3750624482
1069179298
1627985058
2605769810
2113910809
2611276601
1634864582
3425576875
924836914
790427293
2374202992
2234368796
804163428
205941195
2825716766
16623651
2288386292
3626884036
3068674548
3227552140
120093574
4026045033
553971370
758016607
2143465832
2135357065
2737523962
2340974842
1336776251
2614091262
3882304342
3542978309
284807706
51921985
234256172
718486084
3316887957
1046280949
2520836277
2419316855
2669912731
2133124888
352367631
4292812217
3093950581
1307792474
2876486310
4284498916
488460912
2939205973
4074889007
3453402653
4085755677
2454561086
4140208002
1957059063
2625945427
1995749406
180146720
2725461789
1791978388
2078582287
4257524930
2893385111
4192159637
1817434572
1577892317
3958048907
3786796399
2422534494
4157327152
25224439
118410388
3503146225
3890355589
1144292547
3937413848
1180567006
4291498562
4050861625
3610016793
2486610063
1455910135
1792327117
3605583734
1873078897
1389676112
3421075982
568279171
1651337103
3891852885
1108161441
1460594836
539311829
3848597593
1145551595
2112177748
2165289926
4054084383
2421515041
2811003655
4053618688
3731990999
558198661
93212011
2468987262
274468525
70526129
1950092541
2615147748
1252041741