4063940861
1609048827
991838820
2997950483
869964131
2121995860
310538124
831326512
1281928013
78990091
78923380
1752420959
792947174
2814248824
2536671980
2566774188
1265972660
1575281983
1785840128
4005983662
3281166830
149641112
764421556
2690772525
3889727608
4085152669
3553850660
1490463245
1455111191
2279411306
3231279232
3601572748
747401793
64086139
1203592924
3541108980
581507124
249187575
3982643376
994069519
3459655620
3247620095
3413515093
2277347196
3738258516
167539375
3231046699
887094398
4283009912
240752766
170402630
492506188
1726892756
3172544725
3726297076
1397748548
3055433930
756277558
3757883343
3162929993
497519718
3888033031
1198090670
3024693255
804364144
2947442003
3185316811
3335913482
2934959977
4079202729
1532650965
1882648803
1482268650
1406549717
1266427516
3707060346
2325392733
394339374
2121297725
3028646657
2380945763
2494407013
2128869358
289660485
