1526597753
1532040709
3604983408
717015337
216095114
2103312378
844284524
3842845475
3273791957
1843469805
2042329306
1081808209
3480928157
3781999525
3771330267
4280680402
2653630936
3136164951
570550969
1820044639
803866878
1506247448
3532291418
3048544891
2529536280
2606742956
3665377455
3908914776
3546277768
4109380798
3660685864
899717427
1303005111
1400322531
1829391587
295840431
2351041868
4270407678
212490152
3201684979
919028312
3114789038
3803108033
966467536
1077471914
275651860
1260831227
3012975716
1516279840
40832863
2128353834
916460161
3339915034
804075508
2290699669
831618322
2490583601
3279429495
477822499
3003790370
1260662517
952978602
987364720
1381953989
3941115831
1400848846
3688654178
2044028196
1630405994
3815314331
2363080949
451580472
3855233260
911528858
669727819
1056069140
2347037111
1499411783
3450388068
3187871721
1413675231
3244225434
719591820
2284007425
1898490982
2392808563
1353118368
664905161
1475106240
1479789762
2859798482
2844889199
3185403456
208516
3996342594
3036283932
1937772580
1877635697
3405423453
694430354