2182652897
3871408620
3120648075
3540668121
1027739180
1270937119
993223608
3650146109
3533846541
743150051
543110860
4053732311
1717013512
2448700502
3025344818
2301204350
1658142460
3800322915
2865670243
3250091153
3493136716
3155652956
3247410250
199319457
2319601792
1621001045
3941780349
2286559404
4203495192
2881011658
905838351
4130451608
2551916612
977744340
1028520027
1868394320
1213850352
3285690562
3539222000
2763489571
2555694116
3093534932
3419822084
231718618
2605661304
4132514447
3995847099
1090864360
2863883665
1831631256
2625734546
3188324537
476142301
2325957206
4258331985
1171182929
209820043
2401155471
413607089
4192716809
3019991595
952611364
1290564948
2673828914
1219827729
580472281
780662397
3489640590
3881717876
1993638946
1812657608
1902986431
1941703647
3245790119
3468598442
2710565949
3166442384
3931440514
1376645694
1885216926
3648878453
1446865506
3668446913
2751349724
1830980276
634227487
1779402994
3629232751
1982345148
2209180075
2933490795
3075312320
3673275629
1581677212
3157466414
3659926290
243302919
3950954948
2229613388
1851893925
3593913427
3451936154
2973517507
1707191015
4272686551
2644766402
4249752909
1198763507
2648980758
3887969210
1857228198
1051182790
3015821836
3134525890
652044180
711642777
275846091
3886685372
2331689515
2295842866
2217370431
2636865473
1151618314
1236394090
3081513868
2142159086
3786016278
4096977691
63919680
2173343313
1307801703
782605099
344047636
840108722
3506353502
3744566223
1834244509
3679820258
1044327194
2236776524
3912169171
3105388028
1191949497
3678158733
1127886022
1527848064
1307136185
4233296142
12364669
3804104081
3339180677
2374637972
1833555057
3651186393
534931488
46489977
154790471
3573208772
2093525905
3633002754
1786306246
77180049
4083962941
1514917845
775360180
2567073462
4119131518
1960928281
3605473907
3834027529
1544416036
901286549
4198678293
3896096367
1760809678
3296986968
1526939532
1088799394
3161855022
2940918917
2106049714
441411588
511956679
1509119779
2181082545
3638897690
74422664
635941435
2483567495
62434172
1451156869
3568797998
1975017437
1003619128
2765482611
1147913564
2329280209
3309486511
1882099506
2929131295
3331466919
736924429
4260784099
1349820631
457941046
1758761797
4044906853
1657253349
3697697515
2912497703
3505456192
1150223467
2362576807
1732137324
3465429397
1803673111
4214321493
2969551191
1633560888
341556237
1963876784
2365650856
2825027939
3642223937
3035407862
294541168
4020257780
30951121
3614102603
2588357529
19548876
997105564
3999004144
1243490918
2104623562
1745142457
3805943837