1645318891
3862021928
1250323963
2564110571
3826386019
3550079878
173144774
1679720315
1339010266
2861131413
2122583796
3002720560
167138370
3434701354
2008598043
1124826954
854957661
3879526995
1433622697
758518960
2111652616
521496199
3395322552
1099073161
3398656420
3079586265
1516436030
355690991
3405878409
1151307673
2312688025
2731353752
3646270238
1319245938
3625852970
4113944233
1560685603
1711962305
2818720190
2636887343
3990700710
2257563165
2805916282
3885382262
2571204658
2906231840
1864560680
3180504023
827238813
2450519674
3843524618
2956846346
789805448
3652518329
1715008013
1663622156
2431205388
532320962
3561418841
1405308383
853316371
3132741789
1637449381
1483615505
1817544390
1656252556
666478800
4285013572
1682861355
647359914
155768088
1833933092
338504654
1850348390
112994367
2846552142
3715040844
