2653475137
3313817875
639167944
3338101752
1168620631
3370219400
2750672229
68100196
3286018150
798911852
526726912
2487982095
4180114364
3657187628
2763223580
1665631444
3700213944
2280196368
983698280
181582629
1860910931
271160974
548222574
239183770
2742546378
777144718
241421487
861319359
2094116634
171174045
1435269714
1419345704
2751928039
1994379074
287967687
1358403858
681818551
663897742
464684978
3171049187
743495349
1856944702
977577456
3684776903
2504470593
2803260438
683134683
3304984419
625023956
1137747800
1495953294
1404303925
3646513
3523010949
3872158682
3540295602
2063842173
2477004930
901206765
305057301
3862007360
895268148
1561678898
712857571
1892047027
3629440574
11154216
4026987480
2178488999
3961564918
675019226
1060271963
61657265
3825380307
456673883
652725753
1348289522
3030366340
452779783
3148155393
3698074582
1271576169
1404012219
1783558135
2584156278
3720870775
1521072858
2872222257
320056871
3866430026
3474704370
4062399775
1589048702
1745306540
3273820467
1339891503
3758545095
2594749788
1177736225
1219260401
1881027880
2495792805
3006873941
164444170
393972088
152160489
1007326998
3637865989
3465567136
1479432763
3304601610
3645919095
752506002
273504333
3590916169
1472311547
1745512928
1062236372
1791176750
830337180
1921753668
532829344
784497086
2705966693
3457051670
1073257926
2347054151
2662784252
2091196184
2882265184
2703692936
1532711679
1694787457
1897882647
1966404918
1195518692
846809312
2611609191
3663834871
238383922
3775431642
2367536620
3607881723
3076354562
4063862910
203743049
138414368
2671170649
2954179161
1135574727
1491656743
1088340421
2034946672
2143077787
1350964074
1123002606
1652220187
741482855
4020410443
1753177500
916040812
1610449903