2812494567
387638729
1280150583
1880148261
137476855
2123054077
678912710
456761067
3787184121
3597989374
237169369
2095396206
1521149812
1817102056
2443157861
875718062
1231875834
2997317694
2372291046
53303411
4244789786
1520904639
4093863933
2800712716
898504462
2351193979
2152597350
2826064913
2854068357
2567686118
1789112763
1167103105
95647485
2275034850
796055897
3635206997
971113594
4134451841
3347731904
2569318785
1570188437
2151486436
2579410346
2406316132
2044834491
1571952091
3901750283
4209925209
2252624346
2838963027
1246584189
2945741211
2269297708
2407810014
503765804
2948680036
2704092367
849203201
2854406543
4101878789
809968294
2296533149
2028989641
71819448
2486791396
3111231594
2138475566
1857888106
1893760354
