4255299384
143916589
2232497077
1522939541
1908364518
3222178533
593090217
3062473867
3900179086
1468845397
945280225
1712295066
1724561615
3865862021
2953660369
2342813091
1676282951
1140282113
593451485
3620534352
2127898201
2106784241
877142719
97115334
3010202627
3025390714
2954648807
212869379
1437564060
2137149984
2379034520
3948469309
1737573505
4206963736
927462649
311326031
202830077
2862017470
2160555013
2738025885
2619912298
2015257522
3975159260
3009227602
4149523168
35219791
3418910589
4057720834
2214041716
3467829001
155236147
2869034835
2666673753
3407119947
1737128656
2080068337
295922487
2727514249
2054061737
1933778055
260380190
3504030727
1624999323
3798631260
435192622
2567606585
4086994481
433881014
3191158494
915439027
2331239278
4251408444
1299669015
719559609
2569030517
962797176
1701248643
3345054203
1815025535
31112941
2288523798
35440179
3796874267
1712916861
364575391
4185716094
4048922589
1431935918
2439474232
3440174183
1246748485
1439286151
877381988
667058340
87909533
4243467608
713453822
103075064
3420006325
2798678358
1695010842
4294843323
