2660271083
1563843367
3645184431
3973526709
465917849
136900876
1622870979
1449402048
398896044
46344013
2030963859
32443973
2560504168
4073564580
2419112642
238910854
2720581973
2248318134
3612220195
1676833846
2436257698
1976213565
630902779
3259896590
3183354401
1123430085
859076902
835227936
4056032801
2579785996
2720742590
536407799
3729838951
2522710342
971127655
1080249752
1834904565
2350997658
1079192872
659781282
560627980
3836709290
645347845
313917226
3908258970
1676721898
414652712
1008157832
362949115
1798673111
3093229209
2674839123
2162885443
2970128239
4089605824
1179396592
243822759
1914436372
1505007773
849204265
3619359940
3325352349
3169624278
1102076701
1263592302
4082732920
3570845599
3307535436
110609586
3714404089
274945860
299811314
684000300
2658899531
2676682312
1081395014
240265859
210247476
2066786986
202466846
1414164040
3058357140
679292995
630536126
1544487011
3202620184
1296121162
1463358783
1626014804
1142835290
3171141949
2342366870
333741011
3894156919
1273212576
2595603366
3976557008
2003643788
2467290768
1488509069
113854321
1969458910
1517851320
3205638784
531711489
3030769146
