154577468
2644798582
2232780466
2639962529
52091185
3596500508
1659869042
1077143883
2690607568
2333357805
1498834015
2697660632
2987707626
867776306
1816133291
1954924777
2183127784
385537047
3391713822
125967949
1918633083
3742557925
1835060960
180358297
2286308202
2337491543
4115009568
4275985048
1743264354
2616592016
2581114252
3578175123
1550113574
1269989155
2144198322
3668951595
360602861
1707902168
2286476523
2455440273
402659407
870693231
2502234908
494673669
3153130573
685307526
3316566307
3396005199
1885865515
2306657539
3293726523
4172092045
415573243
245039428
2377334514
2518623371
3192355103
3364996928
3896548731
3251951293
2799141919
1811020864
218103624
2002615595
1025493639
1916789572
3341614139
2712473919
127230714
108619908
2148787350
88182885
2579675757
57671543
988267122
1704140088
3861297288
3739357906
1092744123
3086053202
963255864
1468424677
982910026
3195963403
1740421108
2597357512
898055157
967048448
4180720366
735245848
489287125
3339491274
2999053823
864058291
3054269010
2682970942
849541049
696443378
3873099385
21035625
272381060
3389861901
3648951319
898083949
2469921114
3951208459
1905983575
3776021691
155691919
2542458390
496152536
1451229269
599194459
3403123325
1028319380
716766799
3696473950
561068877
2185918433
2338777826
