2539206633
2283192208
3391048776
1343462698
42217667
4201616568
1163627562
2716065598
1974635091
4197639054
3721719848
3587386560
1052515078
2275603468
1842322295
791265713
3520116310
478652815
3778350198
1531066967
2815932294
213789117
2954962236
2538680232
280316011
1294631186
823703162
1238478355
4075930539
2188492135
1984153261
2220723323
1738523141
757754336
1640694481
3393725095
3163461004
2349017526
243311046
3669915246
998162103
3480947572
1929566090
2813577297
1844384556
3134979410
1937870195
1649977232
1145583869
2240606288
3934109990
381004770
4247873298
1838029052
1683867039
3904789469
2068884139
1955031938
3177428637
87646105
1092268537
2182721825
341700778
2326127266
3560508093
540723140
242709455
2687704150
81417619
727644396
3688087346
771102831
706877450
41223663
995658712
1811405062
2918200059
150224456
1754007263
1370070894
2005255383
2576964374
1986631837
1829620836
1888027110
1078227197
3840997153
1531559748
833261282
3373464752
3737621695
4232471656
2060242516
3628239476
3572644165
66032370
1745463906
3681305421
3524315680
553024776
1060238324
4091679705
1280594192
698927960
4151705425
2907704775
971376166
531648245
3624622997
983570905
1661229405
1502444902
807101818
3269053075
1354828507
196144616
1488585592
3417177616
189243095
741078026
757424262
633238516
62012253
3842601932
3526063920
1362269499
3190278829
1678395285
3052108562
2592245829
1886830348
3077850546
1966488834
806308187
4138507432
4030177603
110281781
3179785472
2632299051
2749148422
3510768588
711069419
2996714269
950562949
2474734544
3417067835
3756445357
3078295858
752400430
4060963464
3596730318
2221918417
2371203601
2129911313
754336382
976479963
3842777560
802916202
1756534269