187369759
1034332823
651671350
458929619
472862384
3942324335
2106022919
2288413201
457398961
2896543652
3906682492
2536370274
233156156
3095647416
160634798
995211175
2769193780
145489518
331276610
4015559813
2701849548
2272307411
550670433
2170013730
2264920117
173495232
1697503111
3265327572
1856573988
121038269
3235034255
2870833481
1594859004
2125165419
2141450394
2571725371
326055946
60934158
3496769146
1882977440
3428822141
563824833
371337594
1354977817
3406857800
1063043168
2009601244
2486335665
4236979680
3284702119
1250361114
537714243
310058856
917699637
3552347780
1653593362
1906908075
2967822617
2838796359
1412134101
2395406222
3280031546
3381383159
257490407
1617306657
1022713148
1230953427
341046947
3656560872
2857295322
431145627
2738949744
2012304603
1643828768
2940886384
762026641
3995840788
3253381347
4093225272
668490122
2756528348
3679544069
3257023632
1777616822
3029256550
2191364379
836387942
1708758594
924283756
141944875
1834623980
4203908071
1024952406
1902306594
3753855431
894239430
2715466510
424424072
1863082354
4244793060
1531897123
3689555657
853195420
1347514077
3798013205
100587659
118675014
852565122
1684125283
4262015438
3453197834
1766081515
2752480869
3083119691
1000227659
2463641386
2858285360
241315656
3121318786
2770360979
3466786828
1619692467
7849084
42275490
2468355889
123351234
3446026865
148168378
2808946209
3142461301
3205258974
1740203312
178655216
3168413251
1449473620
600703064
3715320430
3468533626
836977444
1424108553
3904942905
3432435916
3637738140
979960423
307057874
1028253542
1884588676
3654319697
2419553909
3814376326
1502206443
4233540829
2215864124
1534122612
1283945697
529557463
3840750392
4099906397
3054061981
3527811915
396540083
535806120
595763542
3580729388
1513402384
753348945
2920607674
310095621
94451006
1712128009
1779619700
975359399
2827013498
3743797006
193821130
3829630501
1839272588
43641667
2980061675
1941626345
780865950