3555471438
1844111989
90149125
2439258115
2356677348
973806213
707412362
2917799194
128410866
4201064212
665053802
2556612632
3026995283
2285324734
4178963283
694320108
349415440
3196827842
3874067186
877689092
2660316430
2628957066
917496567
3267831485
2328288341
717927754
1635219743
3283993096
2760402981
2854037462
3663690713
2045531172
1348783585
1635333485
4254822815
2443802020
3852321645
93674501
2573462350
1845735295
315292975
2857811472
1115145753
3820640744
1608136721
1649245804
966284692
970109195
2665997797
2906451058
1301385151
3005750325
1001882066
2732285886
2302113899
492951862
584170776
4017538181
3260792362
