1354635497
4065323103
1962241432
3646561591
1442187574
2196775636
2188776427
3741895979
588046579
2586505415
3608677897
3676643630
841622646
3870834439
2782276646
1967475587
749507485
1484824590
1518810816
240413165
4245290307
2825962755
470888681
1824500524
437575792
2087063066
2013019113
4194909730
2379847847
3419002393
3552992
3408900550
2377937680
4226347288
1392835699
4045559963
2470502357
1680979139
3706758040
1801675743
2862904061
572000514
1913033228
3251370597
2562980378
4290170946
192593983
4236421148
3587620358
488931712
3857255307
644153406
3542489683
3833165398
1657271755
2637138331
3609020404
4167139478
1396655413
3327886945
1665660587
1597498758
1470835611
1462029541
1668623484
952970467
2487672564
3135482665
3149859993
2864860413
2904305433
1947540432
457050467
3841283620
1992236285
2903146928
1882224470
334629638
2878381367
871222160
4064728026
1767469637
1972591436
745893224
1710917628
2415086880
1460485929
1724811396
2931929372
2096640330
2941324832
2931864726
992247183
2722958118
2014414000
4067514238
2781277814
3391627003
779789914
2676162856
1871693327
2356599590
3370012248
1670054551
3350118831
894289263
1784187394
3641256453
879038336
3079594145
4234018112
3051515434
3245852759
792034257
3007963030
866581695
3956968425
1681904497
2923454871
229973700
1400645997
340755917
2366453644
1702790708
2655790697
1508030246
358671824
4146625619
3621248228
1534255496
702135393
3798082752
1837864541
4218716493
2600409802
579124181
3409929081
2604462775
2312115850
3575147993
3247476245
118860824
2677693276
2291739563
2980827194
2502320209
4254364869
2958601477
3889060113
833022337
2055507470
3533290858
990080193
2320637813
815489373
2410611579