454771976
1921060073
15981887
1454384613
3674337018
3809386032
1869143666
386529905
3050760345
262148209
1479865571
775232779
622494123
510123650
2528857075
428097604
2708173731
1452596006
23055177
3910091681
2957590603
4027153756
3123779683
481984113
303751632
3519297541
3602586075
3127496141
3805867016
2845487967
1169159216
668898521
1044644243
3171373072
1520478903
2064570146
2442500814
1361968361
3731869596
17084720
1170987830
3525786970
1490277372
3985730793
4100731521
3000425625
372217382
821971479
1211720893
2055851473
817008375
696235075
3405403107
2003712084
2698222068
4229263700
1543234161
1265575085
2497954843
3447297614
1447096604
1688998372
342642672
916395847
3699263183
51789188
2764237416
4257130316
2590336164
4030870510
1405819959
2304590686
1381016919
414224955
3370907947
2583089622
3044956377
2830317909
1249498419
1033515211
3940965109
3405782762
138115644
2000585832
974703459
3358378623
478334072
851581481
1662367602
2801045056
4022027493
1378822700
1556116399
2785549941
842854297
2136106812
1488336790
4089338067
3201308573
2734930835
2971083835
3141055996
613768428
883126631
3640431335
111546049
2813850946
2234384274
3914126274
3632863610
1269992373
3574304104
2531184800
1679208458
3789450818
3745923982
1910992364
2236895788
157465124
2881785928
4070508461
1549104551
2519267967
947369959
3548700517
10084398
3667461693
4029593876
987780914
2404906865
1480187560
146315678
1054031862
2296242021
2326859463
1199131296
2289395092
1261679920
4244580379
3635594495
2935864272
3910598157
1486996384
639431236
467150089
4111636540
3353489604
1288001242
2252672086
2907978037
3776380804
524018258
1592119530
1550274263
2402635944
1828576926
528091058
438085602
3677225213
2065169120
3756083579
4072403071
3122819414
2060972076
2041792891
1824132213
2048122853
3536646377
1590310044
3269582587
3371684879
2544691402
4250589324
496575680
1317584960
890833872
1823508851
1555210014
321359951
652954697
1348708127
4076385859
752050005
1223910991
1387041445
896740425
2201142300
2703384124
533445017
2379311352
3661708598
2787045185
2270642746
636520609
3646912757
1331090471
790581174
2470929920
2780534255
818028721
595423858
3265211193
3950553868
3800792713
1611408544
378950940
1581765120
2158616019
2579147618
2796843557
1973940081
3282276409
3859004209
1360119202
2427487106
1654989782