3103320065
3704942042
941175518
3688503646
3610434067
823063296
2826700578
265291197
1610076936
1712869665
3826974968
3034285787
2725073451
719495530
2620845529
647207693
3303600187
882766539
314125261
2836455802
3679242145
2580786192
2270426680
3186950978
910173808
3678675634
848306969
3599686604
2968179438
1998121608
2938593429
2504889261
146702665
115234711
2970065138
2734543628
760376118
107192060
2975374446
1422219123
1916393386
1214801850
2919440347
1611673874
4077792393
3387835728
61672369
2533217948
3540645221
2579114002
2770809286
1246951748
3269281927
2909891345
2495353449
2896120799
4037370576
687592184
2278686050
3826100620
104189745
3307906716
184975982
302328666
2201270304
464771999
659004789
3492107446
1732921081
3749129621
700366117
1474746836
4065119352
3916951336
2272072597
1887643083
3954168778
221184300
1272009016
1725220467
2627463070
1498091126
2406754888
2208237497
1042680907
3970600075
993148014
1880716926
2325741507
2395885858
632215650
1113141204
2106448780
188101820
302354889
867876324
295174360
3753743264
3858745424
3872808235
509276251
3235989458
392534650
3761771680
1621378606
3518136589
1648400261
2982520134
1485243280
792931950
3313511279
2066689694
713232682
1270073367
1470955026
1751978211
3894177499
1518723245
1343437430
646543433
399007507
945897865
2369398634
880336167
3896000032
862022546
162295419
3160805859
1613442298
2379473029
3626822760
576467472
1168547839
4027561871
3005494412
2708055386
1273313600
2023361959
1788300637
2341702967
3877691351
3100574035
2837583358
1746818165
4101427843
956032730
2398544421
4096219398
2382115996
3039392401
2387553101
600257715
1882844190
1957287733
1045422982
2751247917
2309566279
2255957747
1515337276
1715181489
3252331139
221325634
230308871
1646602591
3659501742
579714900
3091417908
1954974759
3590256905
4119353558
492916994
3686978231
2843468075
2664512341
3873252921