2985371377
2505859152
4237769834
1272297988
557874483
3922222111
1440515168
703176861
61173569
2430461341
3416446813
25635506
917587337
2768800533
86250693
852241151
2855610725
1352025210
2587082066
3600050358
825204638
1226665849
1945003899
1731551695
2094469620
328938473
3963720747
2562364882
1716494454
3061386518
1123088912
2628978804
3466675361
2301692878
1885259657
1175591251
3061064152
4007719013
2860759905
242423300
3149283220
1478625787
3838595917
243776192
3813695710
3225769225
2841073049
718472752
644786531
3378653665
3915933898
1731123580
2027286342
3819528769
2635569482
1476183848
3678690250
2999502854
3641406373
1414900189
1071811469
2510218374
1612953195
2320292582
2169409716
3126388016
1998551724
643955627
549097405
