1356593261
500202931
4077097656
3055636334
2252568938
2518953631
3635182747
1584424496
396748297
3734760922
527304406
4121100636
1769240131
1461579729
4269979700
1062298543
2980954277
3850234430
3085429242
106891797
1846477226
883429006
1137445400
3498532031
2585990007
3173590793
1886834868
1205832322
3170763096
3582042893
3847711553
1605143666
1983458062
3787380572
3989183951
1781394221
1281992007
3962972935
626592462
2065122162
1842975904
3689084470
2328386447
2408484877
1295795772
1325943617
3273207784
3208286442
3953644733
1752816443
2063401159
1210285568
2462525694
3187848513
1545275235
3687307446
3639657416
1880930534
3235403790
4008978467
2237021455
4216207498
3393809432
1942917495
1833661989
205163930
3829183158
3299040494
2196258267
100319622
1770228639
3471685938
3981936118
4151766599
2863962166
2403438836
1821117120
197630511
2585857842
230032515
3503091462
2735940754
3437669624
601405304
1070034340
3740136168
842486807
3302490892
783009314
2650790419
3367723291
3962385392
509939346
3678677450
3193819557
1299662098
1355058388
1364961467
3730057778
4159938144
375222318
4059149450
400650774
204729728
2115892078
1008203531
1097503820
494615581
4088113517
978986983
709710345
872518692
3533082073
1182326380
3056124707
1098020774
1092149295
86459300
3622007594
1120317492
3490582409
1180307527
1045695738
1711793894
1781742294
3618225182
3040278773
3520970802
3491550764
2879286643
1714698843
3585264700
1112247013
3485721058
2763758440
3957855237
2463489831
4194438078
3971722584
285763568
1058657231
2583045582
78934098
4099836435
218024050
3451149285
1898072250
2336109676
2755572972
3677549738
108907305
1016369297
1098584694
173686811
979209588
1173434398
2147615896
1980602356
3408291301
322177728
670056516
4267483364
1807663145
3250626576
1287960754
1974032470
3581641623
2669523224
2322966657
4237295597
2582022544
1185985871
2050682120
1858987873
3621025237
4023686723
2757056912
2254788834
3929241775
1112312123
1353994381
2769604047
762550807
1655058791
499239510
1917674352
2174685788
1645089388
2701641435
1447820246
1893680458
3754080754
2166818337
714905276
1367086870
3418274495
4180258576
3330408043
2562561947
2441314972
3728419914
636500998
4189412964
3138592854
2375728672
1829717233
3630213267
1448643526
3272107340
2607064996
944233756
3975840308
3308149097
910944935
4110574887
3590563363