2273018334
691946731
201618365
1449225038
1964120763
686298556
2667542488
2407817343
3160917592
366981472
1013303136
4219032378
679455517
3612973574
2764185211
2429909166
1397255401
1869066892
3794170810
2048327291
3798825810
3516121472
1465887239
3986469239
142504868
497019150
1334212906
3233607050
2120590332
1992375634
2059834085
1681032896
1071023938
2852868206
1049745975
3874157512
550545831
3922183297
1436785070
3468718310
3014635412
1763183158
4152233223
2641490009
3994239218
1663863483
2803091545
3517449052
1736852331
3482584565
227469138
510791567
4086075871
3518732740
3381120550
656654677
217300392
3766001889
2603603801
1666400289
3756568114
53065956
1656943912
4262486364
2854709142
2136149523
1345384770
3479882842
1918784527
2173635126
968932429
1322733583
2082555480
1157913397
608500105
891188155
1206008085
3399319153
3665799203
65056940
3102821117
1102502804
4229878013
4150527511
2235928934
1732996685
2452886070
3296367195
1147747053
3554229090
1353368840
272381290
1447707592
3379958916
4111746873
786694463
2275767791
2004197436
1714499009
2927331397
572157692
2081474355
2234729088
3510825160
844364631
1543961888
3471704285
1327054782
164371118
1073094641
3684909934
14087427
3905984848
1098850027
633386140
1798719235
