3563322708
918012000
3912844711
2919883883
795468624
2199880261
2310906004
2065968009
3232387611
2025181958
3248805453
2460318544
1539358939
3215465780
3287047019
456540635
3677402943
4186128989
1545053593
1772832924
2493047356
3886561726
914663942
4032217783
3447321787
3967814567
2914366839
4123865613
3907055656
435337357
1385315214
1712392056
2533626308
1561891324
220660824
2190607658
869192004
2143445826
2762487566
3175792131
3460936550
3346492137
113604140
1491185273
2666924871
4014996787
1848351736
3280134994
3345397303
4231765786
930985579
45901708
3703354843
428134332
4247037120
1706194895
2555623236
3274275688
2403911906
3431038950
3049665803
321518380
379065903
843828793
3149513197
2544054575
301733163
2759773274
1892224586
4155996578
2979272728
212081684
3060061631
1652140682
1473680277
1313808630
3012128162
997954240
1992497402
1065734325
1327303341
1514861901
340120715
3481519297
231884622
2274974997
3673319231
2375740566
3817140477
2246421545
3418504041
4178611246
527027870
1151342456
2045759690
2940246638
2842365412
1587255349
3620622097
2078991792
388798991
3763307459
3678039329
1167818878
3362693720
2247041422
91931822
1849322517
1931369118
4016467749
285681295
1811905486
3946398932
1717238923
3026175123
914901768
3529562947
2001851908
1770819465
3518964359
407601057
2955821427
893869572
598725790
3596877401
3016807673
3667260584
1732998497
3509209786
306630390
3920647177
1329576480
282499005
3997040383
2343346665
2107719504
234263087
2900733047
959070858
153757843