2299611679
2147151605
439589905
2158777789
5383458
1801899165
3703262661
1943262202
6348445
3902986382
3295927279
3215978025
2065552625
1752534468
682234735
2328926029
525370063
1357451367
2204194026
232282323
1300434858
2136112071
3788632114
2440327140
2088062750
1194498621
3614183810
3130620083
481795990
1959293923
3724151572
2299340107
3550555965
3883644673
4002298076
3357161585
2412143108
1390212558
2401960758
897369947
3002046879
1694881124
3246432625
836909943
246265612
175607258
4094769578
1951511564
305622444
2139652389
347562634
814527065
2316474760
2143140462
873408558
3784267311
467841658
881667370
2319754411
1150483072
