2497862137
4288913704
3391910901
3748496542
588922014
2841532662
1025674935
1834578378
1267936308
2867512310
1776609947
2486388916
778380231
2900806739
4158159077
3182146194
472834191
2782870391
3580884958
1265637027
3338641377
459053896
1644904783
229724799
3607108469
2952383414
4088211650
3444874511
3279176705
2740713472
3370155688
2925245985
2298476661
2026929875
3416483153
3691244314
1312061058
360426961
2014269058
1701430094
1359953040
1523283641
1678452895
3571778438
3953466269
111506573
3379686722
1191114124
3210864288
3065177854
1196844319
2380842220
550346157
1910925504
718002922
4140766979
2419629989
1068604301
2262816419
3658274600
3147300172
1508366730
1625303675
5732376
3549196944
575566922
2627624016
305767850
4201017471
3602797986
3704124486
1410799971
876334513
946034311
814248209
625666104
3221264694
2372625118
1010625681
1800905398
2593839907
2941644059
2062741435
1063115668
1787929536
1113188284
1720682816
2118732095
4060260361
2367858063
2548845464
160656795
2300343004
2981605372
3607301821
2857672344
4251513766
3911301534
4194230266
4084418263
2615022000
960777622
3847597078
4247308716
100777959
3878561452
87807662
796599757
2198329527
1456993271
2978688413
2556098495
3658501991
2202383468
4173566871
3430991265
3432283003
3901900860
529481162
669946927
712321564
1823663626
3788357362
754105058
902660479
53605523
2221724888
1216980396
3228502151
2724956730
827848265