243993167
2256121723
2767267608
3945792867
3183706345
2389344621
1515100389
3676914447
4248890872
3549021067
3837758307
3454193085
114486146
3175432970
1173200593
2468471531
3378750047
3113090996
2816862231
450403727
3054923864
1216551350
693692950
3234841865
2397637759
3464344819
326943877
2178834021
966825064
3180780136
3717155515
3420071038
2246386273
102989915
672011363
1682175494
2345305760
589168743
3056470027
4168199791
3699400929
2532801143
955726674
427314128
4173215321
2931000015
3990900923
3701350883
3372294719
1868262406
2275655636
4216030868
2051768623
2237138627
4115729249
3400825750
2044477926
2355915021
168184694
1337847617
1052972156
869098885
2443974360
1528783440
3673031536
1626535877
2882516950
2613064472
3299546461
2267641478
879288951
700951410
1019074411
3906570366
3135409477
704213451
2461492041
1756214156
779084973
3432062238
2102863237
3090336735
1789911085
2737805888
3575217132
229308417
1332600331
41211440
