1817749928
387522920
935429695
3399011805
3240218436
2504457034
1514563423
1129037747
2295171379
3840800633
164149875
2185323386
4228879108
169982381
609698646
2650422260
2671651014
2735601953
317943407
3442915520
4189085383
2953458955
125896900
840469350
1112544206
1421506931
957970295
1017892313
260013427
934557791
682457111
417218149
805977659
2625323464
4022425823
3346749024
1489899214
3799462640
3990285091
185393132
212634658
430890582
3538881025
1124571059
4104396169
2119391289
3959078601
2458909799
1370998853
1076488887
3357090550
1080736921
3401488857
4190423609
358510883
3647966637
2384837588
631781808
1131225662
533605487
2810701944
1642067066
3729341058
459698401
3565414828
3447642025
4237614672
3079052579
3736713577
791111961
3390460902
3860875440
3311131615
1921954869
2327518937
1482914196
1621381024
3847181444
4105258505
1141391075
2262180007
2152837978
3350906818
4121416030
1509733677
3040825879
2725803473
2174473906
4186137608
796779855
426399307
3486453346
2762183224
3763946627
4014793183
