3613252579
3456187347
1581275196
1396964570
3116168648
1521114507
3345290909
3300384142
1543491769
1273639823
1154064520
2168320036
2184494245
683702645
1950423392
2532349816
1889433774
2209363214
2023117239
4137592997
2207703269
283545250
503169182
1739151745
3351130741
1462728687
2086271433
1757274098
2978679854
3173957810
610965084
653643312
3945322577
2918245403
145042905
3903438170
3505308913
2360211336
2142101364
3910059699
1461112585
3710401658
3771372806
2612436716
1576287008
3933780010
3789182613
1547822917
2493117565
3703233865
3211629740
3774808285
3741242185
1526821153
3344752568
112231871
808946052
3337726383
1262687950
