1579244131
824764780
483711804
2617028896
690127330
556869584
3200067139
1656898771
3377326524
3158980667
408148074
2380564629
2631035528
1168532499
495734626
1208788343
3509105777
663769721
3543407024
3419602322
2350041728
4231503294
3470550738
123124001
3076892614
4060677317
4128550015
548514076
2347527931
1470914107
439734749
2338057777
3550460977
4175750929
1573040325
4213575907
3832650240
632485498
2390902250
1824748432
1127402153
587782094
3894798151
70360170
321483449
3805799242
2214062415
3165580788
3658102172
1484137512
3195339072
527199050
2035977568
3211249537
1368950308
506069968
2683624781
126506997
87209410
2777771091
628723984
1607806670
2107078023
1440586542
3808182763
