3279517098
471451949
3502547526
1333742003
1711690584
1706784525
3460304529
2249240015
3584070177
436502868
2158134341
2375486372
3473968194
1866466199
2398435932
3167768270
3595003244
3133147706
685200185
846475864
1376273829
2497153020
804718273
2545783039
1800547492
1286239074
3056508763
1413817679
1686816120
2952838394
4274986402
2068251558
2533341563
1430049328
2786856563
138889500
2143648117
20390238
2992610538
2969530829
1696661478
2161603250
3501458014
3360060558
546113526
3329076050
3668839415
719215327
3049441758
2844972256
2739522126
2288705595
949611340
172004666
2670484881
2708209529
381044982
1144980131
1705461147
2375501820
147402329
3393498102
756191128
2803993941
1307691540
4248600335
3575913635
2398078267
739337455
2464597898
1951137003
2088447160
2329292848
2373578906
2951773302
3355989216
4028128027
1335379195
3150075979
1625648493
685540092
908383930
3138316824
2614936295
4185717749
52953990
499426475
2234440746
4232507565
2922476796
3479173678
1374848405
2054950827
3488953921
619849479
3428911974
283746611
3070899971
1845177393
3915788196
4050941224
981143731
1681023104
2447555469
315784371
2864898166
162987509
3716916593
3884945284
4283128694
2582414559
1101365774
117843133
2997406379
392019212
2844228903
740013840
399906018
1524768136
2663403265
130211964
3538496183
3393864631
4053568983
1337380135
3791919035
2387950327
1271252994
2718094390
932543195
3180904307