1264004849
4036508990
4240330242
2949140005
1414463753
1279511607
2737136321
3195314418
2184482294
3354948144
3818638062
4113421118
3898562724
3571546471
2225943723
2309843214
1650804973
1552964027
3585552587
1974746032
84075572
2292899755
3384899990
2641203014
3368942070
431790094
2311031142
2875978971
3992027431
3184722053
2921257718
2744104563
3662680728
3338796604
4090460023
3173641165
2077018684
2918810474
4069562180
2833693510
1808921987
3381612926
3145633875
430290604
2641537741
417878740
2741932381
4035662259
3977994802
522880689
158555231
741400221
3155092362
2902875018
996071343
3333056523
3011441543
2849891731
2208493144
1177190738
3085405978
119597988
1448627786
123059552
1612729207
2951770778
1675025074
2225482130
2690048841
2251329376
2057635412
3401161778
1782647680
2440837871
2389432390
2527124924
3676183839
3166638271
4206944858
1735188389
926899012
1948803035
311614500
1714177617
322476273
3124257543
1676308824
586875687
1664627708
1482284107
3544367020
1513162555
4275036657
33214244
3268297398
183566786
2443065415
1256279095
1402515796
3772282116
2968296291
715470538
1781570672
3387588672
3225149264
827748598
2723019711
407540333
732034000
2466848261
2782428468
1946650129
3540348923
2524294523
3740873271
3903216062
2981896411
3905110730
1819246565
923358335
