1267797720
2723515847
200212839
596711201
1935331490
2481546348
2286662749
2339584972
506761653
2544607001
3047806715
3055639980
266810534
3418950419
3100901488
843839544
2024626124
2981320090
3495408864
1671887055
2115057859
3408618755
271666633
563976800
3041629679
2501258517
659104600
1545072367
2498200983
1416511346
1240920668
920579377
2979186062
3989790343
4232312393
610770397
1740943919
3153770865
146510618
64391882
3606991165
469858959
1434942568
3393974869
2433998279
747712102
1145194356
1142692300
4222684948
2053424942
2805508139
4191590402
1175218350
2493202606
3000589940
3269395795
2266303571
1970781069
735029142
3364703286
3572715518
369283271
3334309773
2656305931
1349038846
2738011120
43621581
3153069588
3910063440
1067460252
2761137216
3342286524
2872390663
2006464982
2572449232
598660423
1917942156
4285146514
18299983
526452071
722272622
2703068422
576741854
527430698
3398012986
689473850
3732475999
111772327
2163027043
1682970728
3392641300
3147874658
154523136
735439712
1615037558
3766719048
1112976654
2846912332
361673553
2254295522
2677274903
2396824855
2599534946
3374561791
2985958604
2756876197
3394638274
617128252
2702339590