1321642569
4241578815
1733130799
313280906
1352129811
909345428
3879992176
4108127703
4252704998
2542624372
4234017771
2336018391
1193211575
3093973408
2217416446
3939573961
2242420919
2569809810
179835948
3712038222
2926211649
456980215
2999646487
52110604
3038574769
2529027995
1206602384
2112521036
1595934258
4005845969
631189292
3287256956
3869676632
1982723356
1935417091
294164697
790167547
956172598
1941604090
2990792887
2779143962
70385301
1484875906
2338342051
148566780
1030071442
1841858156
2911969055
255869953
4263113096
123781443
4075290306
2108769139
3795474522
2608800200
2652163299
1444984514
3015567169
3703479481
847303025
958690081
878025903
1909258870
1120755448
1111437291
1894002370
2492258064
798795731
3093707533
45914737
3718953024
967400364
995653783
165887252
789931446
2437863355
665869869
3183479470
4009740562
741825859
1769690883
1473229431
314337712
3641270600
57077221
1548977888
1099591098
3369630737
1741909458
1572937800
2447499612
901606791
3605502067
1039321490
2254678206
1927690287
1969532549
579130943
2102235959
2260293854
837443545
1835023364
21947455
1314178195
600303377
524188414
4076286391
4250246270
382289998
4177507785
1725267184
2714483916
1817721256
3252888920
576030674
725710954
3935638583
845202654
3950663110
64916884
3197716356
2568096040
478297902
68046498
1017461025
3296503127
1955977085
2175902745