1235018798
2481446266
3535657597
3736134000
1632163560
2769918555
61685177
1251789941
1811521816
163058623
2396470799
84004853
2795238889
1799152843
2009008866
4071401439
2760774337
2618763061
3617978424
106514011
3377803375
1365925277
3709797883
674953290
4154847109
2359515648
2135641708
2115617014
4097724892
4269487494
936292924
2211459655
3851329139
556675555
3809622085
740426237
173720051
1502887277
4147905354
2660577968
1626752189
1452517393
3646018067
3234788311
4151425206
797923820
1981440989
1720329483
2427834818
1937938709
310610445
1163816093
3555720245
2318741546
4058649496
3126017057
3917870774
2670858866
18150925
1570201098
1677106753
594029772
1782599192
499798096
3798740876
811694468
292307106
4164763694
1132473297
4112077534
4151996209
595963735
4054870443
247798757
1710545086
1658730635
1223235413
4012685891
3590852318
2401429299
4202171372
1012026044
1969686675
960139361
299886633
1644220044
3453365171
801170912
3879718768
2600651118
1801935418
3528622961
4293724463
1300831311
2015808259
2623216449
263481935
2785877996
2295626461
2285340871
1806769567
989107070
2096991869
1439709837
517813428
1706596657
3954145741
1132820054
2198322411
1988637687
2087050908
207768326
474735088
3486871101
2091066871
2814725210
724376618
2159234652
2565478086
3343752080
2956288116
2238283197
2824109399
4038868187
1115010048
863484822
712422358
4093316172
1672560664
4105012772
3361543722
2618175700
2669974945
2745160228
103647708
1314601530
2639184645
2114386612
923519695
804898239
3197425865
529048909
1877229637
3635837438
779692292
1418899603
2495645156
3210534911
3497885147
2725096610
3723901963
3731808791
3032776985
514454906
3134761137
3211041155
3860669181
2753083146
3267103980
3484674553
2710337957
3738427341
4040569070
2896438060
2845134894
4274353051
826233085
3056562731
78393425
3964468802
1457871144
3207442059
511905739
3746723481
2415435089
2613335235
27528563
3293839825
2890602160
3776612694
2372658162
732478887
2661398847
2623574613
66266956
4147379225
3742609250
4236013216
3639791738
1683006237
752479526
3558759076
938455182
3440878324
2779554530
2414550937
950094066
1845888842
2785083012
1928028514
2108926249
72820365
1216861106
2177324792
1276473932
1480312792
1703257527
2735276520
258355164
2027269702
3810048702
3660663107
2663885948
1675202246
2912537641
4116725717
3242912644
117537309
1611816748
1489730352
1753563753
1739520027
2778486361
3314663571
3206446741
173378079
925325239
1030483518
2271546707
2031248461
3450133039
1153349515
4043341098
1846497254
1157402232
2276696255
1980614178
1903057769
3464437029
1335032718
3581968289
3503264729
676622068
4005553986
2354956194
681866433
920649493
145353259
738524691
810861148
2780141579
2124879939
3352408678
3502396819
3465330899
3612740921
221116320
2395302185
1469611618
3804693753
1526692361
3887598846
4249464798
3643143179
1795363239
3197860086
1116834888
2239299362
3074869009
3611617601
3749321891
3152164174
3521289260
1596160390
2989780882
2345290602
1048335655
2265362169
3750013321
4256436265
3771816969
3665130858
1400058871
173906085
326619341
1278773150
3151810434
4223223790
1091276600
852839539
3994640073
1012651070
1511127030
3495981997
875333588
3692700447
2351992555
2703981256
1758799393
1630196606
2088799667
238786793
324132418
91448453
3048998936
2688285512
1652030028
1437718277
3841641195
1015351956
441539810
4213320202
3976848688
1208851590
880535401
3790621119
2565968830
2024177935
3664945879
2669616527
1892665839