716596489
671989969
2663134570
3890660223
1848178496
3050817060
4082246029
2656889320
1198650266
2176948968
4230667733
547292538
1190171642
2241792420
1865332680
1654273105
104543684
179301516
2597798229
2965703816
3804973397
2899221181
1750544968
3480329044
1377018701
4073228402
2279293774
3286021177
1128024471
3875320528
3768200781
4036804007
878459712
1912658886
2016152013
107212651
473493963
2167646158
1109181053
494148074
271840178
2148317845
418505762
3015012408
3127492102
4175680436
3292002419
529188294
4140850452
1157947681
2537493039
182508530
368870367
395735119
3003509259
1357512518
1870432490
1160417223
