3627620482
2786350348
2715105750
2021399023
3595806462
3079645335
685285479
733155492
182220842
2792761333
4026189642
2408304680
3230773498
1045531024
1261348195
3265599178
2264646886
3754339705
514640388
207223298
1827691028
4140035039
3665792303
3196038143
3874767999
2523471271
1503868877
2184413138
3940441017
413324675
2764351574
2267350593
576335983
2556990702
3034997108
668282457
3151668817
3547644800
2412401125
1502721181
2320862129
2093576621
2920430404
1326421289
1326163566
2382094775
3918172526
1805085367
2384241481
23202469
2072004618
507898942
1386655719
432614161
368605587
1118235400
1063916727
1902154116
1152519135
2929922692
2093438109
3311161870
1558555921
3502476628
306440888
2467031856
182849718
581862973
3371955908
3381182190
1686837392
3676976609
79448619
977467723
1843904465
1446514570
1637974747
2851720968
2612175336
2978202275
2190629829
533298738
389012843
3203134374
1886740154
363762271
3577219986
775335938
2610830287
3970884703
3844009803
595056099
1128158723
2817786767
606346339
2794669554
1572988270
1442861428
626205630
19521209
203624728
3028773087
2174848678
1292207346
1505112899
4178322539
2109499663
1151962800
274714871
3536963541
2417618808
3776788355
2062738969
1322754414
3907759033
4216462085
1424642200
2925974726
3224177134
1211625020
232022981
712884956
900087761
4154760728
3994462389
1530411177
1322986904
2250945485
3076821058
416319785
1517325886
566686299
2148289328
2623655045
410074345
331741133
2860791732
2064988489
926578815
3644249081
3458798818
2617419155
522136450
2627887318
410479234
3053141446
144325160
1827249952
3580058043
991329442
210812271
3464156678
2328550628
3550208493
1742733028
2364775346
630104294
975549628
2425470786
4097704385
2957907320
3693470781
2367245131
1052521625
2950247746
1844170838
94431837
3006079736
1540336850
4102666609
694615945
3894839456
1808500547
1718389395
221814383
3946474192
3078278919
2822491220
3310896251
640255611
3622655191
1006641095
2544167221
4026648492
3512068948
473439128
3637918107
896083761
2048577731
3915898923
3260191447
162684171
1277476542
3096367987
4028063013
1666109029
1476401699
3480970074
3068279849
2943103937
648298262
2756647914
4184289892
3932096152
416383374
1946297513
1738555764
3397419550
2148131002
3050702334
1605830257
967409995
513898268
2601137814
2769073884
612857977
3743563566
1910681029
723506107
202799426
850012559
929214615
3102484128
1592904857
759692344
2254222638
3868762505
957805978
797590140
1235678284
2250094012
1630151858
1920698583
3992023514
1884592371
1568973977
2754836831
2783774877
1971182312
3629640308
487455115
496396451
4144132146
4126593832
3605363923
1405840561
440930252
1080405713
2138119346
2262742438
2455187464
1376033352
2840259946
3733878696
2566961750
3689104953
60156832
1758961951
1896073889
3323474798
5697672
616768279
4058106938
3735629136
2007373755
2860995294
2788029441
2776758552
3094949630
3829691011
2673756706
4079229610
261908451
2925328814
317324566
4113267579
3071839313
3536149859
2853006716
2552576493
3623458590
2007288179
2268996030
543987923
2570186460
3813337522
88914487
1782398079
3465997585
540018217
3246692851
945398121
366719173
200107272
494354460
3116116898
2715844932
2511132106
1468530461
2757391337
3676988793
4232918221
2723381297
1172899721
2988833266
3122034571
3051402047
3069847879
672551494
2478293353
3124143661
1098565062
670344416
1591643400
1239856782
727335686
4083529562
2313309266
476400090
1565999853
3484660368
2244194427
2215989278
2604710578
2573602815
1517897737
295728364
3560688277
309603080
412094079
194166007
2329394603
3666379970
2072990238
3687680789
486763388
2691195289
2351656256
3614849373
2691131455
860089458
1598370746
2303994988
2066586677
2057389911
1518757864
2034168867
3923570309
3630409318
591925880
1619996543
1550045441
925370327
3912789384
2074028138
3660834046
2615383889
2899502475
229624022
806610043
198705100
3838774544
2027689873
4046623708
4114051852
1379143776
251657136
4153498998
123899214
2008884106
647367641
1013016035
3649585766
2062242236
2410395831
2065094789
2776564287
2157947099
3537698161
1858265047
3455343245
1063982762
977837527
1291048978
3686288260
3504023711
108641741
2971217331
174009457
2047775626
2286128221
1720552334
1776723897
2335939771
4275746370
3220453846
1583275882
2113767715
3312368586
1626303355
3300958205
1300321153
2863044572
852165161
11100087
3041594270
1370102080
3041671084
1566263315
3214277417
1992800375
1964086572
1024739571
1553335513
3155557842
4074863505
851940770
999932154
4218101861
1519129990
2430905396
2554918623
2688214799
255036129
3154214257
4267199136
4202231324
1309172760
924512563
2095971906
1906125376
2598933866
4082253267
1713946861