2967084098
1670766155
175317139
3018937357
169710821
4094915297
1976891776
1778544679
1207424768
1878827470
2543305603
4182020802
22400171
785125700
2818783612
1641646126
3775286249
1789302758
406970769
597608281
1535934716
966969
3088495291
2325945792
3316309437
2633820807
3320287608
481846412
1536218528
1627878185
4283071086
727749924
1972186087
658427844
2954246409
3257057731
1618068133
3298375699
3679277495
1888275735
3921105012
4108173164
69594588
576309891
586611821
3836873378
3724761533
3929630738
2634252928
2931774028
1175876606
288395351
2354134588
96941020
732542510
459284399
2023757832
3918390625
2803164303
4144327059
2175096765
2347751744
2513535432
1061992082
3132036076
3665219009
1964912271
1525333546
1323143224
1152558324
1602192664
3015164265
3229942683
4136218177
522511560
2421940053
2279203247
3886376495
2571971569
350923412
3186566216
3947468315
4187475458
1608777415
10220087
1189493670
570454208
1335670366
4028883263
1408192581
4137611581
505506186
2993167581
556449683
3822762389
2671557664
2563328695
1811808761
3314454313
185718280
4011887056
905564456
642815008
1739007692
950003085
1478742941
2581489065
1961144946
1448023892
2369495060
2660290424
2273259590
1781741278
3256330477
3050974416
4107672918
3385960244
1045707456
1849296599
101535439
1256015529
91913114
227113074
2105199815
231263660
3386118213
359154052
146282852
1015056884
614863355
2730583999
1974263079
3249286086
1447458817
2438909700
4245298569
1750513696
205455192
2320578114
794675671
1509700
572828412
4172603172
1394325415
2132695043
1899330264
4255504108
2299229407
3478096693
3908832740
2179811093
2434005469
1361198862
3444347560
278998167
815912632
2705762961
4052437534
2605355902
2835057040
597018863
2360347523
846970508
3366598757
3065342990
3391869521
3643209049
857171243
801032269
396615335
2281579905
2342590605
622808333
2266211398
2366019368
2170893992
1752389620
2892674486
3132032621