2045658785
2941541367
1093136584
1117339679
1805857902
1833570423
2510778529
4006823174
1030170031
1263711650
3868908554
1719163131
3268879790
262521733
2312578130
2206195858
2257146245
2228024399
2280935721
1222882355
591576483
1150687346
1645143981
343638224
1032705631
1527463973
513309759
1585555946
1413053604
2776018566
2654888902
4251996037
216698513
270881410
2657225599
1709509352
3648223098
2017444647
60752143
3526140208
3516567325
291418331
3395992989
2059454705
995863372
875663866
3768797520
1151662008
3780573930
3077087159
2974168388
3242878255
678620177
4018588000
4102101283
910694342
768925867
54623189
3708655110
1943256882
2025156355
898252204
1649462486
3847797552
1951152383
1626858606
3008354957
3475360058
631824195
2781299180
2243220680
4139650176
361612987
2910051701
3920954585
2099615813
3078110239
89990990
2374235752
3414165536
1575786258
3229753414
1006490113
1766928278
2908747084
3278246929
2882383019
2102798494
2419955772
453874683