2453172972
2061580270
2566831401
3212296689
3086468997
955169621
1073364585
1660197253
2893285527
1165345640
3445224785
3266162971
17958368
1880548738
2928808035
3507094531
3988382196
3360798362
2709519713
9114603
3941666293
2932586546
1572089742
1267251735
2925691975
1143469308
2052663650
4192896843
266763111
1112302030
922122352
982208868
3028597097
1286891394
3640658149
1093869071
447034531
1912301762
616385231
2992585582
2592867099
3747574936
1313492260
698295331
4127808796
3199877412
147634224
3771447893
2240991195
888943181
99549098
689828608
1954902675
3423708067
3358523024
2998197756
438583985
3958242404
474249975
376226256
3057303505
1325692563
3298208084
747723239
216031076
1847466071
1360432636
2514759483
4248985482
778392808
3047675538
2881850028
555331818
1596311890
4165923253
2946040522
958523353
435527904
4120214560
31938582
3999315054
3725453124
