1701404016
1147432217
1242326210
194346022
423986555
852590630
2708065730
508496104
671921164
1256280806
4070994958
4139171246
2343126704
3678307594
2368817077
1978371900
436777198
843677729
3839777030
4077091781
4063870605
3757960804
718031377
372804267
634133824
1562719921
2401652720
2043324476
1815848358
2130474577
4007090491
721717131
988333473
2900786018
345022202
964805686
964852207
1948187257
3935193550
2664315818
758101588
309740513
2841704492
2690627293
1328413147
2943275400
499235852
3506693132
158306905
1693910404
3039797139
4204408055
2670850455
3073383389
2655126785
877374358
4125087162
735712750
2842255249
1648122967
1771062814
455322498
2356539971
563635420
1091529569
305052927
4180728738
187166713
544352586
1550625505
1416881824
3156544470
3399165791
3137238190
1575036064
3408073085
2619666958
3606536133
1171882846
762422774
4244357851
4030256977
4183162979
3461953673
1149368905
2900543152
958411095
289708488
2198358307
1940377090
413061550
