3826050606
102616238
2362354942
352271714
1007845178
239372886
517371352
410570166
2616994539
2040157532
1548629637
3003931441
2490064545
2167125378
2748813736
245839595
3644739840
3920934329
1081986027
3229652652
3874646420
773962618
4278102193
3306557255
1784259699
695845491
3152846572
502707244
1533789170
1089622396
872821381
4259920700
1811854655
777510525
4040123043
3222382547
3667930265
1242090722
168308678
1837951467
4263321329
1527597849
895671739
2758800814
3960841221
3508542333
1704117537
184605754
1467344348
313811037
3693500639
177697853
2995215880
4220839976
866037882
3813319232
2223822640
66998459
2194429951
2465386037
1221025092
833781708
