2525855446
1499794665
2349064918
1174449213
800661522
2743883316
432380790
2192328946
2425438575
2534916752
1982716619
3671332568
1723030471
791348
3888590116
2349076067
989900304
851385769
1188988900
2941036432
3696872416
3670093386
684959495
956363810
748560674
1905522151
895893230
2343513575
2334905955
279750235
3112874627
233718060
1466515778
3964673466
3562923574
1936575803
2527610684
1048817009
894280854
2621910596
3300772675
767571514
3259862347
613133267
487564103
2620793000
1333413857
1660566250
3906357606
210229737
734266241
3601880872
2220785113
1051498493
4127196217
2931181772
2213359496
3751050241
3999762473
909043906
3258354836
78986532
2254116629
775359242
678965801
2678625075
2813549300
2262858982
3118065594
2880509354
2798414152
2399588772
562475038
1492483925
925639122
710085589
4290112308
693230499
630443047
3258539608
780229222
2397367185
1483339947
3752310327
676875825
1402059985
2741353143
3402097415
746262067
3713780146
2799227795
2010626476
1228196155
2302649973
2751512100
1903864584
2227179968
4052025764
2467978398
2328922310
3639754645
1544872694
3545628097
666946202
3215593095
3543576041
2433506717
1402814280
3328825512
20622775
718639659
986669669
2809073688
1248643308
963116160
194472707
2352922808
1601230245
3205888234
1715429658
2403544033
3428367370
1311646592
2121229904
959306702
2114310378
3622473863
540030025
3266835438
1095179943
3902150298
2776702687
3508421120
3806779354
1058677278
695583529
3020115141
1228045097
2445163372
2753786596
4053681065
2540801754
193356236
2669967530
2867427018
674459498
1463275481
3148818933
2922038756
3075074863
2954916221
560214484
370799759
1552716766
2672101016
2565852423
1124687678
92180510
790954362
1058544773
2949417928
1324610333
3511677393
4006370837
965506411
3776621751
3267958121
3662019982
1939831947
2295676110
3589429985
1642617203
2136815207
2082129033
3001019279
2790217543
973355712
1995412651
2298541459
2374199239
2837211687
3295262768
2034502551
2884904061
2256832747
414999993
1409364767
3376433799
3107490551
2655330021
219536083
2364847707
3345550220
3919923890
3774112457
3700299715
434141042
2037311928
1718454444
181999280
2887927022
4237148722
3244663545
1252825719
1620008006
1938095979
4097140565
1630841424
1380475907
3850375061
1649723775
928952260
151852766
2191238588
3393289306
2384764705
905838744
1547559502
2455171104
1434190268
609076503
2388978638
1729371899
1795996853
1349911570
2531942959
1607111931
667242637
186975263
2052589045
1470381292
2435336463
312130953
2830920069
2235181748
3461233618
926852675
1891627173
662823703
254337904
3315998932
383016501
2216417989
1464834299
2565613097
1677295312
3587049214
327098470
2222154283
1304151290
865715352
2868570350
2906212581
4116153929
1138618261
2198545924
1487512409
1893914849
3077954673
1764477311
930492280
1794124236
123869760
428387847
365748530
2494343872
944185677
3021691251
99592639
217418627
731110516
3895666479
3061314870
3660710506
410985000
4114451077
2812759945
650210637
2804461938
1221302192
1348292997
396607473
1431337738
838208720
108605300
3720027321
2298808684
3259707902
2031260527
2903097937
705909876
2724129824
1920871464
131436081
2227751918
2774194457
3285627418
2165459000
1640470719
3793746003
1766731859
1592035809
2506143376
2367497261
660266554
443434034
1884115187
2060699245
882417463
1453701975
386162725
777949273
1049780103
4176591866
424947015
2789490727
3724790993
3673467693
3718572109
1665340407
3559024282
2002944272
3569766380
841822456
2350275374
1651914971
1411218896
3181884263
3036196697
2062692747
1094922262
686256599
3379781388
1667807213
1244053216
1269849618
1333840658
12957006
3998812582
1640654534
790644494
3881433243
1675634525
1057129798
308359527
2579215930
184560567
3501569903
587596901
1013341226
3298965036
502042839
3593864239
3567667033
4153997774
2700309432
2763038143
3348103082
1839492014
2836212411
2132320045
566809951
3277753717
329434437
4267434929
220633721
1778607854
1006368470
1360159115
3694341092
178743231
3908245761
1880797356
2591650807
2967623127
2938405057
1237959676
3028380400
2950858333
2802881917
2033383654
3371306373
2545585794
684201374
191855914
2536153009
3405396239
559045216
3184861954
477341194
2008952666
245197857
3440594321
2403325711
3128714292
3188707209
2121146298
500778670
2304279756
3757831345
621292084
188006534
3631050055
2111726853
4221191226
2616777205
1784596388
3838933433
1122316587
145774707
276901848
2671653399
3722421462
3171612545
2897028625
3630933515
4113156191
2014022523
1175168472
2764284961
1360112224
4191225419
3669009522
677955579