3440415603
700180750
3918558291
666854525
3992449519
526464648
903755175
765837093
4256713201
3522307720
698277015
3986665454
3902516223
1137782528
3636830263
337493485
4194348808
1944793220
4288761950
1938146797
1191634663
435568323
3040363987
3907539393
1152667577
1452063374
2487365953
1479022953
1772747069
4065694445
3629953682
371521672
1094571935
1105457648
196778330
1932782581
3415499551
1154698157
2989930480
1009672059
2358746509
721506773
3012120340
1438513251
3931389185
1868297431
948473802
1672330509
3194341835
2811498372
3194762264
3182968991
404046042
3478808762
2393289202
432280833
2538582700
2541351360
4021326952
2288857073
3139770592
3560485635
864668668
2352700573
3730815321
734749866
3618757979
2274816435
2579921396
161870866
1868340038
3663075472
1431202921
1127159590
1823235599
3714747505
3239144796
3021394227
3161441062
1189753504
488316572
3198817292
1632690407
3177584775
2344980934
121976574
1163027760
1956628143
2051665198
254483540
905490653
1278490615
2379883789
4136681497
1075637479
1550457522
2414265369
3182773052
47897948
2121565811
1695007158
763187025
90885714
663174153
482850280
489063013
4191052188
1055711460
1853790083
3684442465
134231723
1100798307
330929417
200194209
1042256309
3784794589
3286395147
91477637
1148569507
2996328639
3039080225
1749942367
387581743
2508232943
306341919
228745350
284159468
3891766604
695749769
2391985711
3119209245
2229521072
271704173
709240862
2132302059
2779711927
2891096172
3417104231
2374064800
2014833351
3739431043
2189623765
4097680404
1055372544
2359620107
3783901702
3221370062
3673789392
617280576
1252080213
146427192
1614851560
1034911456
3617549279
2350073174
1365660547
938958205
65291162
3802655150
3073680136
1697352492
4034728556
2936053805
2085009176
1861518719
257208949
363172825
4258296314
1115174797
2675565824
3406809464
3133849531
1820903938
2752427552
35280228
1361820147
2770879622
2673530338
1286723665
3437089034
3943142638
9121755
2713451146
1518118770
2948563503
3512169686
1509111546