3738544462
843627192
3937592098
2830109857
363488952
259712824
627904262
1653589437
3987470807
3810210205
3254505332
942460021
3281316857
1776860908
661605522
540629209
3291495068
974408042
3189229347
4157031330
3956006361
3598860267
2947278528
2359605250
912289652
1338255187
3522368459
1297872046
1998353540
3960095673
2137834275
1288225451
417477549
2359358044
170377752
2434782392
1316664140
57815423
3724783644
201308396
2588736305
1032487750
3965434231
3442184962
79230945
1674328294
3922972201
3467150062
2007078269
2211660604
559233716
152792818
620676537
3797469134
24868257
2915278629
1706028806
1418807499
2768383414
1002465452
2474884465
2662698238
1835253569
1217919508
112066018
1131376660
1955022880
717178043
522856152
405875378
2065007536
1494165526
2086473313
3529074110
3426587667
481183725
1469248913
4278937942
4235654264
3466182159
1252107529
495946213
2694666427
632813992
2810173083
208134293
3181802037
2688525714
905745091
4192908163
862198582
3753492071
2558499276
2245404880
2053848468
3036957849
131844870
3087790372
2760132255
567368095
1437351779
377133385
825732770
925489558
3564049138
2481498678
3278796600
