611950144
2827156302
903063451
2320992762
2158379153
2858248928
1164691392
2178947860
3897377088
929250711
976359735
3366463005
2271828787
194443936
3012595329
2738039318
1575579615
3856812373
3886721740
2177686356
117306709
93181924
2295185807
629518651
3817968045
1330771108
1882458170
2554467776
2558624651
2822182122
476318670
320132410
825464411
3675367398
1036902480
229886578
1621204722
2983088780
195288955
1444950640
16591927
653277939
1936855835
2398107550
1975774266
3510266534
2181828896
164634670
1034815439
1981222078
1160831931
3088319162
1834077594
1090455288
1063905687
2052074929
1798049142
3557020308
4174755422
2513186983
851086034
1871826639
2386595475
2638126209
844444372
201747912
3890912561
1254889323
3694495705
4153749613
1723681697
1560576635
4213446789
702423064
3861424299
1290142370
1896270688
2162190159
3613371764
862074293
795690154
3516939937
3228635175
1872262938
698384134
144420522
965984564
3497539536
726243637
3385596071
1217907431
2805008285
2699945375
3076818038
3661580929
2228063875
1001676571
2607968841
856364210
2915779182
1830674610
4287471986
233766976
606139384
3657410236
1019228694
500732483
3399070847
3451104609
103418991
1805306156
