2036605609
2048743531
2734764975
915702748
2158965889
2397494188
2431377443
3891060961
2189344618
362400609
3673065553
3316230592
2386386130
4267038980
232995701
4230393825
1839391950
3242893861
775740865
906837700
978153311
2610710182
649096674
2161279664
416716271
2143674420
2295950704
3348503757
1082399160
3101651672
4043062783
1487733331
3652523200
3317934880
2384303804
13837094
3947083715
3271720064
488027785
2566659504
443718278
1393998900
1419449765
843120983
2325111481
2916508876
2891491381
2987722818
733364253
855651402
3675554495
3788311521
1371073327
2804489724
3117428806
2947677449
1484441627
3867560519
3207427528
3050647688
2309340493
3639537054
2433466331
1705859497
1313092058
821775531
567343441
3056172771
946567055
3233709155
2120772920
851643932
3917549801
4029442926
714934002
945543879
3866261116
3444762627
1222122520
2175449963
3685842653
2307211112
3561753153
2884594703
1078164603
2541628034
1633090161
692438803
3757081433
496369746
3808347593
310807518
531434297
3806811677
2773984983
4229601235
634877253
3959664421
2407969724
1657684397
3412629849
4036420489
362012078
1677035541
2809833469
4110692709
231637470
4109371131
2601528552
3633679123
1120164954
3348514791
1819039208
912969979
2312934952
3897716341
1745718713
3165992851
93967282
2919422205
89618373
994819432
2503553367
1365945689
2524842087
3968146877
1896463572
1427298944
1325848306
1792717053
2059584501
2519230304
2022705295
2460671484
229759614
353771475
3277578767
857127681
765610576
1339155705