1446794030
3737377990
993839239
3898805917
2844821533
2400193064
1903949331
2371264
4283524666
1710960018
560686863
4289078608
530469311
824404213
1486498477
3728556849
2655124220
1771435172
1670924250
2651825846
307290522
2610226198
4129991482
2398224814
2097184115
759023458
1695747530
175947905
3763839160
1521110555
3075476764
2686350493
1740825047
2474909757
3559127518
2161319374
2020011173
3932910936
768317375
336852659
388742745
584132736
3529078150
1125584812
2374750644
3400536061
2926756002
237510007
2525732791
583757613
3346659468
1088112867
1260250856
2416131121
614550788
3187839900
3248722551
2146016714
626536709
383495299
1622539583
1240312903
3639891577
3188279060
1530998111
904704226
3193517541
2446420326
2689363049
850338153
2753227790
3779241752
2025184658
3918022132
1700471597
1854104863
478701835
2318517019
3532423164
3448472750
2554088270
509637692
2855548625
3613051334
2448487258
3840749340
2328659732
788322258
2474989056
853895203
2067361481
2518466787
893036427
2820031001
1592634250
1522687685
4017236203
3141100040
1855434076
433244230
3546592346
3921694596
1642953971
3147089778
2667243705
1879881725
3815398759
1987844275
3537608976
1491064909
2970374138
4217872635
3666987713
648866914
743922159
3656966293
647302782
330398654
3737825069
3000155234
2968592026
2110714124
3590295433
358335309
1230488387
2088322086
3929435625
2428709467
1525961449
3065797392
2830620615
3986836459
2347769224
1283126476
238244482
4021461440
745640
2163306069
845768197
499874878
1414618328
3718044271
510307611
4048912229
925109758
3537789018
398988521
610957167
3791505661
860694882
3573245330
2012658763
2348832382
2413852046
3749042513
108662413
2135859098
2228947766
934964961
1199216045
1087913649
4134533801
3059555909
2742875596
2616605181
908127498
899164645
2545160308
3806790524
1868789727
67136312
3400777745
2556512365
123333865
2972678018
2412135016
2178020476
3422578753
1834360734
2707080399
2264271963
3385690441
1132520634
1119937795
2099652261
3070545277
3976341710
1898048918
2515799121
1521011778
2297696030
342035854