152561297
733002001
763411465
389985337
858234699
3080785510
4117782001
1659763685
818733930
1471481439
1376875377
677690554
1010131909
2511454977
2897408540
1269916949
2440497351
2682801086
191638199
2698633107
2635679483
176682686
3002854964
2738470614
441275709
2830040770
1179325986
2270412249
3375971169
2474823813
2305315808
2450861342
2694014775
1362464686
3534899428
524741116
3217784859
77275076
1402699882
168516720
93273766
2600678927
3628272718
3991003675
1331173390
1435167099
270430292
3445355713
889317878
3858827588
1705218781
2127152165
2465087773
711139221
3804864333
2012876165
4270374348
261862116
1964646829
455478549
1743403911
2368739745
3493528257
2371802705
3250428479
2113835920
3015968297
201218733
1457817560
2824632769
2617755804
874495437
291367162
4089587784
1924829433
2642508094
4056466522
4277515570
208705597
2436677319
23703453
2021953927
197028245
2287004245
80899701
1787830855
4022897546
3140349208
2662169521
3192477010
2046482258
606411878
4259187721
3741012214
191323280
606497597
3648007674
404547767
2875497174
3189890755
296718120
1096886590
2401802690
1520317399
3829687230
2547048470
1065234080
2494028019
2811889317
168410389
2934912486
2922422414
2080248221
3322487639
1800753261
3940824319
3695899349
2401240963
2646726500
1426141497
708036073
319746866
1149790271
245229345
368318895
