555653090
3984694609
3623789194
4173693571
2825526261
2122797717
1753544564
1148899963
3674318716
2824544046
2435974481
2944295284
3292541637
1951522941
3031418265
928488391
2776749051
843013954
1365992222
3629266303
981617129
354364227
3234671407
1169381707
3458383597
123132208
2401187682
1202155286
3953620558
2855532589
794873662
2442817661
3244593159
1664479118
1512657137
1724742211
1320231750
1356727745
2080075392
592028102
49961918
1346328067
1128038186
344108439
635509282
1304621652
165564312
3892920595
568920438
1925295501
1662092103
214285250
654612157
567119529
1146495962
2068105204
160641080
1579901640
998301760
3718494464
1269329410
3371703866
3234244048
3051365691
852728378
3946113697
2922009040
1282053617
2933141571
1385342710
1998823318
1778293296
1282538993
3980964090
3690605718
81914502
3899294821
496578103
2254765161
392146661
3326788552
2757694657
4060229597
87045599
162916506
3821727002
2516004186
2763198546
1838740236
1946778245
2727715663
3654136210
2843842402
3575482235
2710999465
405751697
2336282066
2846914854
3226347415
4242732691
