3109502050
1646916773
244889712
3223063166
278064287
3780769764
1517168474
441437004
399837708
4201044892
1178102848
2968691276
844158811
1738853905
1876286401
3307389910
2483684571
1043868004
2887438361
1411810339
2508099201
4077514070
2372781474
4245287734
2871350415
206807972
1123886735
4115631721
375029923
2100646212
3817159472
2869867540
3383308307
544955716
1570876754
3697512498
2391422221
2980181936
3186292223
2795508026
4269905941
545868197
3067874675
2184330384
3224352
482132547
3602096098
3725317960
25993240
2947493482
1525796633
3465147175
3167830063
2015598888
1393445137
1837727604
1087962997
4207122003
2604857591
2755491119
201676266
2390691375
4191699342
2712433909
450662035
1333111781
3849356368
211955058
1753574363
2563304010
147887245
3383063311
671342946
464504561
3430585890
2462505594
2274034370
3810475734
4240592106
4198158451
3494136149
1989329069
3840402811
2731635712
3457315301
3598334240
1425443780
3814477518
1402447669
2720489464
3344134177
2266117186
2402311825
2350735338
1024151000
2651484790
2654793674
2111398122
1391136913
777178738
1091979216
3399186259
479088441
2719564334
918905791
4199306337
2470854935
3697347172
814252478
3388762164
21181983
11613545
3082281852
3944013921
3615159254
3105955125
2017172239
3006940324
427629999
440763617
3391344599
3645731646
43149121
781722954
3757754344
3737593683
3727333102
3246381876
281560683
63915824
3114050007
1071289870
3198147366
1310690269
238393585
35557932
762212638
2518477402
3621333775
2279039962
1811975975
3212307445
3413851036
866413594
4015584439
2537297778
4058992696
1475126500
3434700346
1078432809
1578800867
687672124
931428990
63074572
2999228457
1588338984
4195216610
1512301173
3974238701
3183895374
598495410
134882501
883690159
743424818
3870577016
2621310242
2448077638
2421271127
341243880
3973204903
1003945046
2722375052
950507237
2713211299
560190100
1431607827
2181945244
1535733132
767789959
1217877318
2158433387
3900119699
1937330599
3947623845
633156252
3919317149
3388254777
2393000021
1675111964
1777077527
573382273
313738368
1469077826
100045777
1095052708
3509181400
2702519459
1017567247
332877429
2523668800
3045573641
3791118899
1266584538
1235277930
1091060460
4118576475
2400593454
1436881914
978904474
906925497
2592878436
1338692820
2092717767
310730443
2477556183
1511098389
74624905
149966317
2150794422
58045883
161349989
1414728836
2240946552
3659887370
3249873987
1655838537
3530528320
531736314
836610768
1422790655
1830754575
797398746
2820594706
2648974425
832266385
1043327748
3480297387
3575925797
415659158
2154711968
3902297644
2642248235
1088706143
1082625320
2546400642
1538565581
1753395585
2733026189
1115217207
2163863932
2715760253
4197548280
832202518
501911663
4070585457
1937035187
3093378092
685070793
3349596117
1051342132
780385687
1545756517
3963027580
3818230771
105990262
362674795
3750803714
1788987404
512860493
3185589248
608314870
704774658
1514263035
2402603224
1270681681
486026844
799543316
3560111264
3422290631
1951708626
543282009
317828027
3932352480
570655272
3464802376
3991960496
2885014767
1266691328
3292980498
3522598666
3934611982
3578253742
344341520
683416648
4269360993
352255967
3794575744
1200796784
4124667530
3155363817
2519817175
3141119006
2151359431
1656850348
263727807
678859443
2516688913
2203612876
2348679051
2983530648
1874400335
4006133981
2531481250
2575045900
3001416571
482525193
2787237086
3215190768
724289358
356666224
3940678893
3781084803
3346758538
2725619916
1353922639
118975979
1908348530
2778365143
923522114
1716377535
978570131
1549473301
159731515
3556869920
3189779776
716797870
4061706067
2588755915
722715726
389024375
1293314872
4241858362
99219296
2767242100
242915365
1637573285
3658686404
991572873
3454318751
2330569036
2946666405
2839444828
2141726110
2678506657
3719387292
2598637991
1383788823
2528222109
3322411139
2874401487
848921697
25250543
88498106
1468395003
4088402542
208378754
2418468912
1549460599
823051869
2538097096
3332009953
1041496201
1887133226
3042421627
533313376
3992597825
3749847145
407549034
4126051035
3359310742
1833591714
1195833687
186957530
2738679269
1878506253
128451687
433220458
1041946546
4057486029
111948329
4144439450
1459118394
2079868933
173710460
877188839
450324959
3927341604
2713260309
2120947078
2190972766
470782784
1826654780
3872902237
2492071077
2121661652
1182691001
2128342446
384923334
1680079706
1018510097
2952340418
3501563009
385645745