4001239748
3985669973
2218435713
1302137338
1270287189
638802924
2006585853
3461818581
3904923741
662236681
3497002374
1011324230
3404884803
4077338040
1802771338
2950199239
2175470768
3745207892
1245920032
1030488238
266181144
4155655298
1035580650
470382290
2806642955
4001983265
2410297690
3632157720
4009433586
32085615
1755251
1029535819
2196022303
3734172432
496449357
3842986145
1356746510
2380481498
3868250497
3599575689
877769935
958190134
2110346786
2656882211
2247252282
3647175189
1183558567
1152966948
2520006418
4140253839
1211371442
229191203
4081015606
1393941176
861654870
1252826615
2824234175
3176616829
2323588087
992613152
3914642639
2797807557
3693015551
265025642
1096216485
152118552
264983107
800255407
3433976762
2680008340
237421675
2776806865
2370174828
2729799981
3546689737
685512769
3656995714
781115625
2796600027
2566457074
730144973
3839407531
4029201207
4186978201
2380813784
3137271724
3285643253
4000335752
3036058615
1615301225
1566591091
251574946
3552653397
2037657627
8530403
108779717
2873354604
987628662
1145033048
4000053129
3964597508
1748611163
643680295
398382642
1526823326
4015575904
1196736944
1667943291
4181309970
1556556124
1555738147
3137822192
1295430576
2330521752
1641154138
974004509
