2066476452
3335952010
4261284864
3000946426
1918025967
350560647
3482669795
1303159707
2617189710
3785315370
3262835857
2495556410
1333504559
3565542867
2909179698
2736447269
3084288123
3543378221
1450632808
4230729948
3514289324
2392380751
1189483937
2475523655
409983072
1310336471
3817476651
563902490
1590029994
2644512548
470690674
93049978
2063545322
262286644
3829916480
166074364
3382436488
3839591533
2749918262
4253313288
1482432910
1072626423
1910136745
2938957858
1688453201
805718862
3409596428
817995143
3508264842
192829539
35877118
3205239958
402958029
406977296
3842267161
1751426983
3708235567
4130186154
2059772146
1196916377
3539280212
3916105377
3349537530
101325418
649992834
1707519154
1383484711
4255342965
734197115
933990111
2564521656
1033290537
2192258225
1396970208
2711644044
3960536830
2382357366
3751273738
240294630
3018512654
1221460802
2312313187
510110789
4008578025
4028180035
887869411
4057979758
2433202483
3609876635
3844070456
3900373496
1624001536
1881709900
2281426706
1627114551
2007498170
2143295363
94426357
256856375
166232057
2145616106
1893289685
3628700965
2555152296
1302903224
1046012347
1418863390
2903280232
1014834446
4087694121
2616993726
1040556238
354874863
3008381983
276261844
270655695
2511829769
2542030499
895404479
3787356414
113276854
3000062833
2182282902
455151188
248523279
2910914336
1712778659
1268142371
2391151581
2022723311
3741286530
4154180547
3874105231
3424553359
630500641
939462695
3337252167
3928598390
637106877
2376895302
3916333094
776820230
2397799202
3461456238
3946078730
233815143
3420152603
2248451344
940508272
4027663713
813764388
2022804584
4280386889
1215093357
3703069596
3182958975
3758112673
2775344507
466182063
3600809652
2405936580
2829155091
332137083
554592530
2882449138
4032741594
2984687544
2983781569
2412818716
162883675
2270695688
725914129
1587662740
3903234075
2121646359
2191611552
3159593045
3058332552
4267373415
2643766612
1858823669
424054830
1009625309
1196369442
2947364273
3092257239
134588650
3562422215
1631450446
2357495663
4014748119
3985551021
3649495388
2418982313
517495947
129739902
3202806247
2366755273
3010103819
3453360268
4015699096
3788846065
3163870285
2978310027
1565754376
257162568
1405980787
2278540643
14323955
40121762
56481070
2093941286
3232157170
4011260350
3335141098
1040555102
293128551
2309431740
1469456604
3516374029
2166444644
521423963
2442912591
1011294975
1148024229
486009198
3296431552
3319097265
1775848641
3594947646
2592308423
3540167125
990814238
1180877155
1407780341
2864114810
2701171675
4042903528
3128838354
2166780265
3888097990
412438487
1135521932
2026765263
2436683145
970884080
1290354197
2262200396
2950161138
2053974952
3611083925
1001711013
1960069672
3632949716
256457722
2417081753
1286988527
3751917307
3407178796
2580040451
1417917868
3601057821
1418442913
4157512306
3505524361
3722444615
3559531026
2328143748
1427097580
1445083839
3269475414
4021877379
1255191004
1883812115
1185233785
380817361
3248737438
2179088582
756684713
3459651109
2556128106
2373779139
2794163053
3474264703
2307281776
1779238033
1630862657
2482861852
355861631
991832171
1408657372
2048386698
4167784633
2821363797
3963462039
338589884
3038913087
1130906393
2619828561
2594985167
767633968
975251338
488660744
2582490052
1875688571
1264630629
3823951501
1702483831
3556817500
837947659
786252171
3062749301
1790355950
3332645965
3230247897
39732498
4112447781
1808874095
444389353
1353419362
849738930
1230905003
2865108166
1737798910
1207017317
3132538009
497200787
2605450965
3712644909
2220703435
3866819079
2154832515
2625850496
2291634008
2244051937
2201756239
691331358
3090501608
21099184
1863516178
2464472505
493931741
3701461935
4230490986
3632984489
891699417
2707049875
2403434510
1121489009