4070744862
2345501934
3355024037
1187987847
382171957
2368200600
2023299072
523478382
1924891617
2924234131
3820778768
1935232
2995492521
2148556290
2542467911
1436582659
770588764
3970896698
661012678
3352993782
1973589367
4010457497
1559791952
784130063
1175329867
2090553216
1261454090
1975015926
541313068
3615710405
1965315220
1248136312
1899408795
111140094
3354947254
482403273
3508644369
540347298
539317800
1081387658
2747616964
58401195
16055046
4106638096
3954053238
1957649099
3828483433
215281608
3676544407
2619133650
4061733836
820420748
4286234609
2453561261
1552859272
3278104080
2580780955
3013255642
2150007329
2079982296
4207637602
1953292536
2759325781
1578452793
2655520515
709620808
3983530794
1054087970
1764038981
97003604
2306460818
1874829285
2699146670
538131737
3384185954
2663846144
1783636444
633356588
987693983
3570934913