1966642986
2616613626
342405365
1577033342
1328436864
3952259985
3694383217
2954449021
2975055375
1522915982
4144989365
3656493789
1016813543
340239142
3460571253
3599880441
3375070237
636857213
2537861818
3291452390
1946830377
2289144058
3088454015
1229162980
1963927754
1328131650
745076478
2735870754
455071577
3390659472
2215394484
517791946
1439823667
455045412
2611676799
1107765897
505903349
3080317442
1820983842
629311835
3759647760
403885382
3973007408
3905183235
868294533
3864777225
3412205225
845919411
1475881989
1756349639
266831827
3694877656
4033760236
1680263527
1964960464
1531452974
1654437398
619426379
1401885567
2112458788
2538589850
568666814
3155896855
3354347374
2596957560
4155491807
2418551753
2322153194
2635358274
3816507617
1439041020
2807793119
1917569983
3660219468
744672236
378105821
2332318507
2387170156
2111269975
1757800803
2616754449
296666670
1074151437
2211048265
219730743
2383038480
1717265920
2055355745
1186641201
123493685
3843277178
432489529
3820503949
105913519
2163406340
4128657570
1529311605
3608854198
2361489006
516939016
1023705753
172286320
