715873288
1265701097
797431177
12417832
722469123
313768384
976295025
4274786443
385060420
239543140
2787912455
149836780
2710472181
171623423
2722175315
1299618850
3762572924
1571344887
3742661797
3990155757
3811194158
3047907646
613111667
324914340
3998588462
1021174589
2412711952
3903190614
2208607619
1772072687
584586215
1545963253
57625210
4186430730
4281062292
2792474039
4128539799
1888624632
2169013444
3326498154
3976108868
2923982624
2762963342
1373530100
3111335835
1775663560
708264925
1639570723
178385681
4166210883
57990405
192450728
4243348763
1124142268
30688195
2097355257
2195941119
2458162017
3298638775
608226775
3836792293
3557852103
424460833
786594057
3135187467
2941412358
635924465
2660686025
3279593999
3111216115
53042393
2793358577
52094896
2583407190
4109344075
2844403809
1458862042
3382026576
1933602284
1677352705
372806957
4201684093
1115730563
