3105643444
3389994062
1384677004
2847221226
2952203857
743512021
2795612631
514396036
3874161859
3232118413
97193502
3845885975
3927144365
1300993580
3076406340
1321601804
1373396735
955121194
144243674
276741127
3344997551
2853170431
3274470908
2470461019
1919814650
685385494
3492425090
124675683
1825995289
2593071243
3779411258
3181471318
4262664798
674693405
2313218791
1018487404
3637711131
3874565535
2274003669
2108262312
2070421236
3496238896
4050626674
2257287989
2531846869
2190870534
1841763921
2697330345
723014238
1947009855
3548751567
282660485
4111905832
3003029698
304559189
589855143
1993484622
3203054839
192512223
433801023
3833372575
377227802
84984249
2473763598
4269308196
3225244869
3607409549
2882303821
1069404822
1656412368
3914806187
1942552654
2381678624
1016127161
821707741
3687655949
3352738678
1465494637
83974744
3505804010
998396674
3663198069
2569854811
2295984925
518705396
1744845786
2786855349
3855483030
3788087745
485476326
3011824720
1623072094
2893166747
251675260
1903631254
596247591
2799458315
3605722994
1814626753
378505955
4025927654
2236604210
1725730764
3577139387
3945425102
1012291558
3825421017
105637922
243835283
4234069500
92098887
3899931701
41228910
1619150120
3953696895
2347214694
3650258851
17870178
71233747
4036347383
4244281207
1051719334
1043206579
3412864686
988231209
367350205
2708948520
2697856433
1301525254
661436492
725306448
475488957
1878660496
399089610
3276854023
1627508594
1884156092
1619640478
3685774883
1487164545
3881975874
1200650089
556152281
81852037
3075044543
2994754908
3961263388
4226825353
1006801046
2214643841
39081496
3724703697
3172737917
1753459569
1594407256
1912626008
2549490255
1694781935
2979563904
1865807253
4106244791
3601121943
1326277513
2619855830
3081744220
1757328786
2109519942
3069299183
3901256043
957670739
2227560330
2633541522
3310448183
4260087686
2643598342
2084526042
1405547067
1742171558
1757037093
2052329151
434201567
2056723150
3483698084
2205752161
3199626734
2452073304
3633939698
2277333441
2835744410
3693930328
2966990864
1432981463
95531757
3242725924
4070429397
1575939889
3708735406
815149953
303783262
1371448971
2629959423
245673356
1992607839
774853559
3625333922
209788578
2927288728
4267689682