861237416
1050610745
1248275525
3937847088
4292455830
3567451828
3718890824
3190849971
170244752
2933560241
2156585095
887720172
4234224391
4010459227
3102370858
3931286272
4235030483
2409769167
2240771276
4195115368
3521467057
3267789069
479098243
1863624055
489844196
99012564
3355322956
862798596
3216625416
3875275514
2446734003
2924492614
1142941481
1563224342
4039226254
1291621178
894664371
4059187393
1731684019
1307924886
3709974458
1546599915
1915803983
2502732366
3858414792
1136503652
458054953
1617659944
2628552093
1949396388
2602731658
3966498832
22879506
1037860428
260205131
145704426
3113128763
3231135173
502801948
242174594
2701590551
3090868201
1624758441
3648432003
2268921311
3244116105
1172115252
2275733603
4000887494
489007414
1460136955
2790383524
3370394594
606660464
1079627501
4254315602
1962428957
1140237402
3841717793
1950833272
466063573
3884225184
1404897815
3260406831
3039142619
546727199
1276167623
1664041744
3987456952
1972644237
1352498718
4197685638
4039215767
31300119
2427996876
2510483300
2927880355
417793733
3405926682
3975285142
77480509
124783275
1439527344
2050085937
156188035
110881361
3691410865
3244565450
2286723806
623278488
3043930623
2612751623
2592491340
3840072740
1531583979
