2091275113
3553840630
2370408105
1242148599
1265869981
3343634727
1442167127
3840417718
796640219
821829580
1826142826
4030944469
705648473
1909896374
3462213686
1121698210
1276888213
199732739
640729057
3446926807
724019220
1323567910
1262649246
465470433
3624536096
1992687797
395222022
320256809
3820916770
4030151155
671162999
295665370
2380623789
1423413408
3748335637
2181203452
2954609108
4093542273
276850444
1061739977
4263433041
1297617005
3058383463
1477169412
1794032748
1051990490
3926853235
2522672192
3935391306
3715764534
1004466084
1558740267
3002010567
3102151539
3907684684
932551362
946215573
820126645
1059854286
1685230461
3590228356
2943039780
1795552290
3404350330
1180449812
4049432049
1652273505
