1029256240
2171505900
796642820
2249255174
3422874201
3905169738
3908211046
3597109040
2150023889
1346653752
872658438
1236602630
1509563621
1771549682
4093179120
4281323007
2492955818
576842252
3346200556
1024702146
544221018
112591455
3383147558
3604483211
2140153264
1654214091
853032799
3244205450
4019854941
1209829415
468467603
3293169472
754596326
3796877421
1826172955
2073390293
2996527684
3791417911
1890584082
3570933559
579537661
1866261334
927238812
2853728703
721046409
731274352
4184524203
707109697
2728194374
1888307038
1048317947
895252978
1397206223
1923034793
2913186063
3386988899
1038130557
3070107578
2438715643
3606182089
1834502346
2363292462
2494178428
954628430
3731950212
4157781742
2035838027
1598669275
3947176569
2496040574
1638544011
2731667553
46860131
1474307695
1610259787
3903224537
1460278382
2925777693
2230781417
3292068863
3308582810
3720917784
1548348622
2565598902
3471652771
1834404682
1589195901
2785905139
1407226755
3923468219
1048508223
4029615494
4061602682
3127020694
3487799930
993683166
3992335319
4225358819
880479521
28671020
3926799524
185954953
4277595204
3925239021
4184452031
742614842
2655643092