124131356
375908191
2495268234
275222754
2501063188
978252477
1607263402
3924221457
2253331904
3696200989
342793227
3965775049
3302110443
3560301179
4158471904
4061952649
2596685955
4201736985
523263246
2088846753
908642511
2359794680
4274078152
1658525123
2913088888
896833122
1923805852
3669240331
3948515907
3701634526
3082588108
4019623456
3868330112
1300973258
2954918441
491888373
3811504596
4136478870
4201261024
2915248788
2496698939
2636369925
3380937643
2314094963
3236456587
665254477
4273362589
161252612
2070245797
2859017737
888290471
2596859938
1610330884
2243313735
2644550731
261942753
448334316
1389485532
1449253508
2953438397
1953133831
1341782394
4047232559
647898480
4218221036
3447625174
1597763905
86816612
1449638216
3103076392
1013081896
4236657053
1302127374
3909574998
3768452102
2882177384
2298084115
1411248085
343207119
504994020
