1316214721
1790529723
1910416516
707762955
2615851454
4187412199
2397793023
3211560222
3209464937
2202969501
2762133951
2509792761
3576491426
86285298
4248949335
504593601
3167086678
3139837816
929472978
2722454184
1333897999
3146239382
2805702842
2532300728
3760948088
2208413906
2490934808
1443137652
2962161218
3187945261
1580149211
597822026
2025918409
1302812174
1888881825
3041683276
458445275
1762822648
2383671337
1170145112
2958074058
1949593662
2989961027
3925899738
1455566645
2879789477
3717667920
2287037015
1972992066
382062230
4288359202
804926583
4083219729
2812401018
2161867509
835455420
1116359134
361202595
2331262165