2611165576
471899352
1679865533
3231269828
4013448829
334498208
1884057304
2550771762
1786471773
2736538296
3611160278
3549766761
494986270
4169805462
3244762494
469011232
2742518639
72556421
1515434336
1568533138
2627596457
1086534330
97557305
3728207896
995432673
2148749708
2334151731
155919975
1725709055
1988683397
4029735164
1856970558
2120916910
1252094760
3951649249
3442671138
4037501984
2594270315
4030720734
407456419
14127948
2032683029
941462761
3291521540
2520972574
3611186622
3721671852
1896397516
3371769714
182266941
1488222120
2806026813
2796775629
3486252412
3919563606
2945009308
2900467502
3913004619
134540587
1566271075
3225364882
880736262
4073713194
222298831
3206892211
3060670786
3141635550
3654920353
3505618938
2337698956
1281445060
1754511272
3328280970
3357314026
3327456160
1968087183
4046304715
1749349922
4191281131
3551475436
4183080886
4255565161
2311550719
2360640740
4076198208
3977007055
3438328001
1298189442
993817600
855590345
977431735
3628931730
4280823461
3799923791
3890475666
2703850543
321955578
1394447994
119554327
2544421391
1025495091
