2141442910
1489648047
1459581531
575567756
124075278
410486854
1525714066
1406708828
1263406172
1771607420
3794848898
3104489673
636607092
4083736750
826696096
1304477356
1745306826
354080809
1394947781
85471074
3404741366
1963900842
1931615424
2896977908
2236461533
1002270009
1892200468
2130102020
2403023630
1877459367
494098547
3701671081
3366765361
28581355
166695729
3424831639
1527195683
3630359804
3149497054
1263286421
2492263301
1764944622
556514136
501587997
1780617767
23893676
769550668
62263340
2084828097
3113765090
3938188324
1158115686
932097046
3388964601
1083082634
219684883
2956383772
3614038835
