2163330209
1774552152
1142187425
2811124023
3992259261
2912864327
2581910127
831907699
3815429354
2853907936
2586986640
331492658
543198838
1191926147
3540628444
756026121
3442494552
3067568069
4256581534
4188114093
2459015829
3800106096
3102271880
2420500642
2760944073
3143086382
2822843251
3647436195
766608104
2937289602
1168533064
4020810028
1722333752
804457260
1332226513
1246633739
355738051
1885285687
1164049065
1705278431
3310881304
134060298
1563394215
3551305238
3402115359
3863889956
2640139163
3653513270
435849820
1745471851
2206688903
3260284705
3857694749
4052132560
3730618922
3683629102
3784780899
4246171584
3968153546
2406366775
402208484
2870846505
1622537323
1206863949
2457336239
3256916839
1262502337
3436867055
2554825122
1428513640
1721184603
986012638
4250471942
333555786
3095352485
3997690512
785789827
3333650299
3370938961
267296967
3838098929
3488571960
3862084665
2732234771
929673147
1964616550
2806514031
1804947572
348376424
413710309
3262552004
4135330395
3854631227
3145863463
