507316283
231594105
3774074931
3407576471
1413672728
2597656327
3397284580
3607088091
772087892
2649178222
3561422134
1646754895
3338106281
1450359529
3765882372
2741080020
32444773
2981444660
994959561
3861117061
3718148597
1948515104
1967678232
1240716607
3015097086
2993629118
3040266661
931329337
1910168249
2078777975
3975111124
3678054730
2068286167
465645379
3579100852
200099254
3470324455
2272496324
2845426082
1857181663
1480672324
3727369209
1127239797
3600324918
282654905
3603986069
2337128070
3572577628
3070374701
855659282
2193056328
3707986426
1032087048
1811697026
330501738
1559087596
978914634
196925737
1732479903
4216287596
4077222936
3476811402
