4235274992
64118405
3413431871
477036382
1118130023
1030874791
1711001708
737972652
1131202849
1419163713
2418327400
2819870665
268343739
799854409
3361134185
4203385886
4168159034
3163256459
2320873337
2677209606
153046889
3219075956
4213048815
3899061774
4077465566
3367665219
3743082362
737120810
3231477219
1020572791
3288488244
1918973616
477841591
68473248
707466555
1511365748
1123030325
214996277
2817371452
3205740714
2396839192
35707645
923929742
2208603467
1780101797
3911121980
2320761906
1264482021
217792067
3911775490
