2517186049
555650257
1167760612
751839047
4169152659
2805924351
2666965847
1016477272
905332314
2488708348
1721863849
1336724607
1075456980
3269460219
3010180996
2378785612
2684646233
1124511376
72530049
3323657493
610689665
1509399773
648055963
3785045598
2102667306
197214140
2179615437
3987129971
603479222
4103546431
4034837991
1591151797
3588908122
1212592352
3541771338
3347647726
3016028804
1562225636
83150247
708416787
644015147
3927359467
2148664849
2040623279
2397444817
1670097346
3130362583
935841745
4107280101
2882122384
576257087
1424613636
391536306
1132807730
3386082424
2257620109
501649473
3856349247
845280557
584714156
1102273684
3599388177
