2607068636
1883070864
470587109
641173353
2096538615
4085367459
4051745188
3527408621
1725384783
1982824267
3084218264
3842642341
3139101614
2073533811
3491512407
922424213
733866721
3939899633
3183311221
1641526735
1433896617
955652868
3921290608
3540698960
1508828859
3216183535
809884084
3197870968
783010030
178792838
3624388440
3701229392
2389402560
3180328672
1428028491
2658081405
1937306840
358953583
149894207
3867795484
1317006684
4055878866
16684728
4023688306
2352873322
993872191
3631290249
2964431371
244561441
3937072230
186556288
2246417076
1867573539
2570679779
2534289405
3659327440
67781904
1499823886
237040628
3328754132
3970847494
4292967101
3306359846
53507376
3020431173
2131742049
827938967
779916964
1894341932
4197987326
3019832439
3814715472
783535586
2760983341
1323289737
3893271587
92089212
3277349560
3813490855
3325341407
144202430
137700621
826093760
3699508071
1426812501
711331116
1529982663
3500271309
2796479620
3327372566
4221483032
4034827946
774966603
1392074325
417963505
2134444717
816780973
3337927068
4289907932
64169283
2949502486
4094429313
2936221833
638357122
3226266286
2285143775
3863746250
1097220623
3505932262
1432223392
2963570263
418962521
996035543
22099577
3588085293
3323239568
658552478
2773271095
2545619912
