3445150588
466235823
832584269
1424703177
4079380663
2172401767
2395833561
1626692905
418569192
1866095659
2750726936
423045
2784055535
2968096812
3883020616
46140190
1800744155
3434431232
214447306
4030782949
1711331718
2140121925
1776398147
2021353263
3022820223
962387460
3803130286
2310508009
3340944660
1728034767
4086759438
369827129
1451537286
52038450
3035812167
1180045884
1374854681
1292757821
1381860198
145597460
4223144970
2077812651
1182408346
2450544811
3226548117
850037925
2327462199
2207112856
2847064040
3535048509
450591846
888973535
1470459678
849446948
2538328094
1216760651
485404174
1902533266
757066080
1241476993
830560604
2716197089
3304735558
3774492810
3076045817
2911479619
1191756760
2281350767
799910339
664834615
80882197
1366781405
784686912
1312776230
1479418965
237030683
3238255278
1189836452
3127247169
2490833172
2798876131
1042358659
1108522083
484743221
1151896530
3259334436
3787087544
954384911
3693845751
1857609077
1165447903
2133918163
1617182386
2261903536
126811181
419775543
3404304358
672359637
4081891800
3443007732
4090402587
1837525063
3627927636
3102405624
3359330706
