4167233971
3273993226
1214614191
2673063766
1787724644
1973829772
3605534068
1809365954
315390909
78284758
307744325
615652237
4213188067
1308899337
1366173300
368290457
3323674359
1591506809
60899432
598556868
457506681
238293266
1972222122
4059211125
891877950
316938310
2704949784
1412777263
2274995005
2822476047
1818197432
2168022170
1666238627
1605214596
2053336652
2961764592
3218217398
1902524914
3987304370
598207849
450869099
2678930569
3485764226
1565132038
1402089190
802513676
3186907216
2754318331
124700936
2450967147
2883113427
3262144226
195207990
1497565412
170653511
2152279677
4251873993
2921716767
3321713961
123235575
3268997307
