165382539
1442561916
1635471023
3887159369
1104995309
379517196
2633644599
3753957769
774937756
648621778
323844514
3911317782
2337679175
176180071
2295093422
2462367926
774603034
2202281681
2285586760
174634554
1724409456
2565113202
1221111498
21346228
3980487621
3693177171
1628125164
3285259096
4269657066
1159977115
4145834741
4002707162
2590961522
2155673630
24462273
2532004255
2290521890
4076667857
2269852030
2654339964
731739158
4077219815
2521569506
886457787
2203497211
1235460968
2878900503
2238112908
4210000491
3233998218
1924574098
2782324610
3901758302
1314562602
1474397907
3030844760
3927476317
2532938040
285226044
724524325
2511421333
1650899772
3367028709
2345155485
1086018403
2729460587
3129397785
3593148618
2810647546
1532265910
2036382639
2401834989
1552466282
3410139418
3447006105
4003204964
960279286
64434101
948404608
3123902356
4170944763
1831860935
1935479426
269657585
2666941764
3985783336
1224872634
3242660006
2219962896
3210238252
1743190505
2110334028
