2575710066
758904211
2607857442
4133383150
2733754647
775596742
3861160027
3293793660
1210266056
2323567413
2368390713
2859124694
2620944194
224356945
1059564974
1603922167
4290715396
2289032769
43924945
1268272307
2014757802
2679293949
2664850511
4113938686
1202954192
2543336228
1377856686
4018454814
2087238912
644955269
743899718
1274101414
1410271885
3167007369
4035488637
3128304923
3339310379
1322009510
2619414428
258187153
2102401705
3659297520
849733764
2580918041
983833819
847846355
1672778929
3550196449
3352721464
3885449547
1474264984
1507105998
949103145
2750681487
634199425
3563321556
658431399
1678716964
3780359405
3049990525
