3968637057
2140239880
1599180967
321041993
2329325635
2612356637
3453823271
3657362738
3631893829
503012419
3533327415
3679999527
3689840106
3640136326
723372211
1494543115
3084252970
1563421844
1273714396
4250722906
434472863
2247205148
2601650864
1689026348
2616209012
2382024319
4154942160
3025801784
4215339046
3371101892
2524503955
3087081779
445163782
2990379482
2698516197
2786986943
4290994483
799071132
2474626753
1188009992
3866114907
2607869064
1372799982
65884831
1486832475
3458197736
563084971
3667179660
3446066440
1166794677
1672290790
3278571054
1520593103
3163828863
1419566874
3220313418
4157179761
2528146525
3969566506
226029380
1489987355
567044806
839402930
2917700936
3654659335
4088703239
467857291
1696608340
3557669331
339125131
2122845252
3204814011
427569397
3437193099
2892379837
3382751043
1368433501
1560536246
3010180165
3078334301
1100764076
774191984
1516609900
1257524373
1204575047
1800968910
1212657380
3251601158
2773331718
4070533778
1706143043
172869913
1750520071
1616111903
1272641374
2205597087
1127630139
2673438747
3999368957
1121419948
3549702243
242520905
588343084
1507260407
1386058716
3744521537
3216728671
2357260695
1545507247
1878435480
4087264920
2734013586
488642639
3605603628
2355192080
4027188876
42883228
1354450383
1468148438
2620456290
2558935568
2538377382
668383740
2249255834
1897569125
2558089746
2075181038
1571289174
3016819107
3806683948
3022782543
2872581845
2537473525
8336832
300735501
3399454082
163578731
3637819997
2216196953
787970439
1356868605
30306561
3719614820
1876996495
3208232771
3377667649
139245787
1458570339
4031576455
4128339467
1048593917
506824261
2310422146
2409009228
4102978616
287164732
3915989544
3937689240
4207044606
2948159447
162785830