255723960
3840246250
1533762091
47839035
3760400819
2290713077
2153153410
2226685933
2026714152
3039925882
1457031930
1840553938
1445198632
620585048
564198881
3396164640
2927391359
2692199766
3990089617
772362795
1071920709
3757130633
2863312474
1751922610
3483942920
2046312013
864833400
1485938020
2530449603
3141436016
1133779936
3257235611
988275144
117429536
984819017
2642989141
2538151220
69804033
275485197
3196860089
2064971249
893087754
2260818956
4196701960
4171605644
1322225778
3446567336
2914563676
4177804405
3066183298
3806281172
2598769907
1995573489
3121658685
424157372
1603047561
1175953431
1342763615
948293389
2790658629
2161588655
281929657
512862684
3140221166
2041303578
3839166624
1350443425
7767782
678169110
2235467433
1090767596
2802076305
3329950153
3751344022
2137607450
232160974
1427950529
2297167769
1704314865
811623871
1526917613
1055412550
393879714
2416907968
2768457565
2416013534
1248847521
1193298045
193808941
391647333
754098989
3959368871
3340002695
1165146904
1377827322
791227267
373945399
561922309
772750010
3667790779
455075588
3006499899
683981873
551707658
2057335948
1460916522
2480376206
1295233485
342693314