1263385538
2790151989
4108492555
3979282624
2045285220
4152334649
2172526557
72277122
615115424
3578421986
719720628
3275932866
433119677
1639639810
909999976
1685706178
1334619101
863448642
702356736
1000945625
2359971226
4051066660
479765899
2705371550
2059854139
1787512398
3337054154
1155818249
1219988736
1530334340
3658338779
550096633
197035092
3478980407
3734746538
2832192406
2097754002
2327882414
3805789850
1610160590
3821271128
4068769805
2892995914
1662182574
3169650526
2019553849
4132434899
1589404330
3765621890
3056503149
1555017756
1351965723
1414620443
1508460825
1688976151
868890108
277048130
2537367364
2217959646
939768977
2701691571
496386046
839332226
1832005243
1407283820
3680213190
182768975
3786677138
614540280
2507285037
3508448523
3772901903
4117371387
4015308665
4000536020
3967071411
1558307739
3023330441
2812500676
2961124999
3089562062
3023693618
3035105711
1533533666
1489046534
3320220583
628412225
2189114401
3787133384
2154446859
3802812146
1313935808