2136664052
4147904964
3749850127
3863825345
4209508996
2796238573
3114830227
3166623498
492847233
2355174574
2340956389
4034551502
2076588990
1739877849
3284682016
2484071001
164682546
2668760871
2347505346
113216497
2062433581
1715429984
3180648683
3217292937
3404444555
337898089
3069002879
2747393930
3726000560
1117077777
3817168274
3163184234
476503831
331398231
3487675080
326561804
3578033205
4013055793
3703745775
1215423817
1098888878
1048594067
1230415540
4077308922
1752930481
335104775
2218963460
811565991
2655296478
1033270086
3371153089
3141078313
2135858847
2292169120
3532163378
3429530219
615535306
2740388691
560798357
1999147979
4244800039
1391487244
1856921648
1376459620
2893920089
2181300206
1992666464
3764022654
170054552
3184061823
573263475
269707378
4168375274
772560117
187119856
1958730369
3120148153
2614967262
1808088291
317511157
3908346513
2443466926
3541469037
2340523805
1779802198
1483189958
4081418613
1290115094
3096301451
3287345957
552551964
3232423897
4191214092
1373982495
4139510804
3465850541
2333704179
195212619
2216734942
2882304441
4237868568
1483025352
3941776613
3111706351
3172565545
3577499992
3026796660
2951434154
1588853320
2677135217
566904050
1301523346
1181694433
1069644147
4112386691
3492998991
2593067225
1652665019
4288050941
4059408425
3928113968
3761735413
4026161549
2358048202
1132046693
3403080777
1395438248
3371715946
1652796497
818938746
3141148438
1185627229
467405136
2557271377
1917053238
3801562624
1425363291
3408769987
3630540795
3197358846
668974053
3184758473
489591978
2682523093
2137747632
2299869195
3401811964
2333424894
1919471347
2111557340
646112289
2029623946
4002052079
1662240338
214017267
579833797
3857873361
2576016610
4237746674
4162207229
2391667111
678601629
222789648
2313808844
3854484006
3906894467
341635374
3333477358
3720100315
3442029178
1949557718
1792045961
2599354376
741203052
3802575968
2474542165
109152095
1629388584
3884645431
4098438555
316567620
67052730
2807617305
3174447028
205336703
2922560290
2628911680
2379838502
1036947242
3085217758
2757757336
1133978772
3654686558
1229526171
2280551710
393064467
1083097359
3119790757
2873142776
3302621379
2415994455
63781769
1107716070
3645070386
3185782329
1929832879
1650037015
59804252
545606581
1058131427
2166750467
2403047507
1611793332
2856460371
26727828
4075542314
1950722272
3572873734
1737327739
3036458263
683472389
2091854167
1194252742
3448430301
1048503935
1363744226
2795317413
3466741862
951749778
319210530