233764341
903875329
2670047333
1468982364
1590301113
1150392605
3084434159
4052157568
2994742133
3013292791
417078226
3855615289
3018248868
1762372990
2310418350
1492860757
3829282859
4146171778
4161559252
3378009449
2156797289
3097368178
2149461070
3037742914
703706970
4137578528
519891212
1162677699
3917144232
2727846517
4221021586
4280784977
1338562334
1493199404
64802899
3457128005
2841681014
1921972272
867945353
110168569
1906143913
3721641513
1319554508
2768908170
1189698923
3051749367
1805550270
1771374150
1113080631
1899770677
958113346
1569075895
2176577451
4200116463
2392583191
4281367975
2378796386
2013754482
775026856
2831875686
1809773063
1705784505
1248818689
1408805853
1689746310
1458472134
3958076134
787025601
1519019587
852999686
2666557780
249169886
1266824221
4198787053
3879595019
2887041411
2073749
2536727380
3577088653
672231971
1279661572
1560605151
3924527854
1346956749
3380646710
768066647
2117330486
2397458111
2535301795
1396087875
2556609543
131680258
3062574443
661771488
3311406838
2584353276
818174991
219689333
1738043600
2445400384
3651421256
2847096832
3110305489
3689527303
336326455
3922799419
110173018
1484126883
4058087022
1726111458
2150544510
251431118
177378972
2786667939
516332871
3722822500
983114630
62499603
2556843654
1905661359
3198831003
2528935800
654574258
3335718886
3106174342
2946944011
2328824797
1938575698
1364791993
679557961
3959338397
1949294968
1954147126
3933105611
4187424262
625453609
1599387617
1797324909
2850210152
4239575938
3309823293
3493280354
3892027907
2714038030
3407593179
1914053614
163209587
368712505
2064411318
2406953436
3634527083
2977541772
637291394
443648910
1362833251
596947738
497820232
289849475
1080352238
3354742170
3420824576
82490073
2564393706
606758585
418795738
1328551615
1017044837
3787010391
1354329862
2430041631
1209112500
3564117809