1346277913
2664950141
2621124846
2864447357
784614950
456393058
1318562770
3143939811
639377092
1938950466
4069958060
3093980596
2418783714
4206156424
568956041
2384293873
2754673201
2747413414
3119896528
1396687321
2083355156
1160430700
1362695016
3111508539
51267767
1219499277
1999213230
2928429828
1198017910
3846931160
1092508017
3226353465
188066869
1701763974
2270639297
117025160
1603997960
3940266263
109375284
4141567975
937818916
2752062848
190232384
3279335895
3286070899
189020747
305237343
2828773399
4003262716
791068274
3341834130
2542177074
2297350890
958900713
1003877655
1059761051
2542449444
2215691798
3162431845
