555011397
1954338259
1980968845
1057729924
3797093431
3398785685
763241464
3073893040
1434014633
1261938510
3114119878
3646676491
1845652119
3225578677
665655998
282538175
3054495322
1659703467
3757658055
2842866631
3414711696
2305370343
2527076713
3843808409
4271272041
1010419229
1357364101
657420810
2412775866
3762653653
2596514639
3074936253
964156750
1010657706
1481050347
3255182903
1811178662
2688388105
2229593532
447123862
3377272616
2305673677
873051017
135817080
2501729314
3347931134
2528566689
2369975442
1840959848
1318091264
975455679
1605901283
184709822
1131272916
1184964972
277250374
2483123342
1491788634
1182612817
1429536864
441453689
102548776
3204551369
2874845342
4117885147
3751292931
2622228191
3570829423
617790995
4125890592
962072396
3952260803
169132071
3473540551
4136473885
3675768623
1327533874
2147306142
29227359
739297639
366710795
133121374
446536503
1193970755
253124420
1959123472
3342920423
1250643254
3351921020
1710166989
3997382869
2198553266
2453392744
1848022885
573272939
3422653146
3474775048
2046110311
2931730952
4192002709
2481260424
777213052
1554939499
3807286849
1880569317
145814482
2495963740
2184619675
3620393284
1071608299
907687361
4136540415
140592885
