3562844984
1522060554
3238739806
1271512206
2843278901
4036553209
4112734763
1157688644
3070985598
1510908534
3358264947
2883922067
3016774261
2787067218
3889901378
1569639428
3457014337
328213281
398392228
597037635
3819895794
2561371119
222449441
286219192
4164060230
3363339433
3534550865
3189989398
3754555040
2201441402
4171867181
3992973009
2279392586
651220909
2810532425
1378734579
2428630308
3552775777
2817613209
3974831299
3377904863
957182116
1455662424
2042608171
1279535413
78786476
3764207509
4216333917
2796321655
3896321928
1986351568
3296808777
2114531813
3436536380
3969028517
2736330044
2724206063
62452167
501422973
1445162260
1280463975
672689359
1879162105
1327086209
2685119441
1196017044
3913567536
3079966945
3264300075
218982168
42999505
507928204
1459749891
3436664233
1551034081
3213109726
2448807024
2559008786
1462537839
1316717775
3636343790
2792443731
787457315
1992753954
2698557714
1757981791
