3515606730
3566466111
2328759330
3339280644
3891022808
3261342245
526464648
2299437378
2423231854
2058387622
3904362650
2753011660
2529945270
903755175
437249369
374226934
1498232308
1643720840
765837093
1420709406
3522307720
295355615
337493485
1944793220
840320108
360981652
1981917390
739060148
603883085
1185048174
4288761950
1364924301
86418982
2641679912
1772747069
1851561248
1753562650
3629953682
2025853758
1105457648
1932782581
1639226103
772016793
2837017031
2894004075
823054321
3437942748
2382491851
3684129326
2426977267
669840564
2334792166
3012120340
3147035263
3311588922
2728772905
3313657160
2893320850
3931389185
3194762264
3152961086
3478808762
2395858517
2393289202
391777233
1336981562
2538582700
339392028
2541351360
864353399
2043663124
3139770592
1790539066
3618757979
636560946
2579921396
3114344874
1431202921
3445259585
1888168587
3021394227
3823588376
2837052372
2366430168
1863028754
1189753504
1130417913
2854722668
3557944355
1751196717
3938359349
2123233178
3177584775
1248161290
2344980934
3402237816
121976574
2051665198
518008436
2806816908
3712937664
1075637479
1561819136
1550457522
1695007158
663174153
1364585196
2071458914
2403968138
3480292216
1055711460
134231723
3036746387
3827489198
1925319545
3479724877
4031883393
2071288293
1588101098
330929417
91477637
1806682149
3039080225
1586723392
1126029003
1749942367
2115447826
3272455712
2508232943
2396928708
228745350
3080195587
2391985711
3585950899
2891096172
4146728714
945827477
1796214940
3979761784
4073094209
1613041401
2374064800
1055372544
767829436
3398099479
4146868442
725701951
2008315798
368152265
943970088
3673789392
3548961027
617280576
223645640
4098968124
3546102247
938958205
3246654080
3291365667
65291162
2233435544
2116902219
2933638497
2648341241
3453506207
3073680136
3406809464
791770085
989690309
241189489
2249906965
449855624
2266276296
1509111546