1594968844
3708713487
3985839702
1676592431
1279682849
3955689470
323466035
621612961
1891800398
4193844198
3418883280
1206380753
4128462730
230423148
831260473
1020992018
2176450792
846937106
2398129623
454674027
1502320543
521290806
1125397692
1927178513
2904145386
3642994812
1018797357
1454935644
2343685458
2814623529
4017441977
2996925093
903756809
3207041837
74919674
2324809341
4263757147
1082467016
233325061
694033075
2049892737
1543377383
2854831334
2223745069
1714065122
2382036186
3364541380
894759324
2194099096
1630527583
2241989416
