886327938
1160439202
1385611472
3468965042
1419387726
3628276995
438225593
904813314
3428331850
1014548603
3886171461
1198310711
2815909524
2693917818
1155291498
953959499
92894529
3958749091
3723826283
1625133176
4186445407
840581030
3017800920
3663720386
3686130635
3440203042
645229638
4174699833
1366225034
1567570307
4200802672
669018083
2951089979
3936796429
2864264451
943658066
4156832332
3412038165
3823730675
4155508990
188973079
1205104470
2885707940
2001472178
1337024793
3458813283
1231863514
2449297587
672195445
585927770
445368257
2036257289
1787788961
195691178
13173149
991350656
1394682450
2982524247
3308870022
3877887799
3837221603
2084740426
2300833455
3261323880
1947978779
930567174
3667734641
1043589629
3771921906
2842705331
4229515906
4086771780
4118524557
3482008208
3546469473
541530987
756391230
1786035524
2561957686
3535435432
1677413243
661760183
1691379566
2647970890
1799706950
1422877199
303315134
1004156387
2263311355
1870097315
4243863629
3447198003
3868155120
3936932599
3016420087
913913480
1191024590
931661411
3148316703
3307256111
346374993
336362279
1023886464
3865222960
3530653856
376922393
1185283278
449194462
996138754
356397666
1506669531
4174654769
1413516353
2136364959
3769089410
3219928500
2050703051
667355480
1975783302
3136195714