2855693154
3416206776
2126355544
2579158367
3683281328
1789252066
3732699080
1994171018
322123958
3804072902
2702379288
1378039407
2709832103
2781588639
1550811702
3710447352
653643523
4127279833
3047099526
1740212633
995690754
1450357047
4000826108
3149790548
3940683783
2102315381
3248659399
1753274745
1795758559
283017407
3276017407
2269147854
3477171663
3514748545
1330830709
1025197976
3028334452
3418992471
3647041917
687291288
245961072
4129563834
690172237
3705948283
865762954
29509783
2478834179
416153272
2822299502
2795808620
722019688
1490924400
886588259
2043286942
565282115
1636766291
346129107
1218584590
