2610532335
557664142
761765738
2372679675
550137134
127341769
1433162605
2176761534
3359572027
1845038401
3083552191
230222273
190117877
3320974196
1755507318
901184342
336029817
3488840893
980051947
183772970
1865382334
2460982729
1762221022
3755710053
54044167
2488609768
4134389533
1573504522
989720550
128781503
1401700079
173566785
2021700135
1803494407
313023767
4009560182
884564769
1295772958
2036272937
182514787
1704208890
4078161723
31086861
1630435312
3390732163
3654790082
1697348545
3032796691
3808976387
3079256610
352374515
3555830141
3458535105
2646470406
187105205
2611170030
3175746200
3420403659
446062329
128965329
557845274
854428145
499821220
3180563625
234819327
4017279727
1788156215
382727924
4157875123
1407818842
1147671207
4047607639
3245753704
1254449191
1295248790
2683002563
878995750
651581619
3777513326
1778888987
3441035465
2383984184
2227083062
1520269992
2725357784
1397396377
2265323802
276767349
1761422451
2751386224
3563626874
3754174976
690177869
3634622083
1151039782
73284206
2144157309
1444549151
3525181549
475963712
1748448401
134043624
1482693829
932220016
2470960564
531808776
2324292708
2564708295
829103129
3628529067
2812893081
1666953288
1687667719
421707620
756049212
1266791124
3638222882
3174647469
2875418248
435297616
2759905950
945181722
2212207416
2610787706
842770267
1689733184
2737410599
2333846374
4197218200
1768807382
2717709216
4283357350
2556156281
3116015251
2406308108
2541095133
642180085
4212216749
3455974669
1036519503
3113758452
1071019424
3325686125
2889343911
2227546681
489168668
1733601530
1216565696
2756639078
3131812106
291835383
1290651614
1104892543
396304903
3632579809
1084470641
2655015952
1084934337
3817262039
3977554681
1002766230
1858659998
2254826187
858192130
4157681450
997408324
3583408836
468112353
3593321394
285596234
934957958
1164834727
3772670162
154998687
3947338660
1488769878
889405597
1988459432
2259036280
2463282496
3468108583
2330184285
1147885066
4179835762
1679008127
397530251
2439183216
4075007786
2072790021
1772311873
202265275
1623407257
2221512780
3759224214
3583659849
3809458391
650160019
1348994747
3937689342
2978070308
2782220912
3760855483
222173805
2663489324
2309300102
3282570704
2171817297
2898264298
3519174403
2928129166
905354907
1324075770
2911108032
4214007278
1680590857
2357703836
1056768232
2761878612
3179709250
1604273288
2373311583
300828870
2710992141
2957590731
2775019770
396372887
4139636718
2324597069
2134803128
1536598094
166011966
86938741
2680962796
1101486349
3785959110
722681069
2843788478
2487288769
48362822
3800567363
437951179
712001672
893241762
3279440485
2253779582
3006840777
1607686678
2105728331
1164036612
1804185943
2129271961
3453260370
1948252076
3526524942
897254249
2265003774
1343532578
3867986714
1909342165
628180556
2383675098
1843965622
2404966598
2306853222
763905727
1495177470
1491930780
2397984465
2017250717
3441973449
2781530817
1471338046
1823161333
2499217189
1451721111
2573780079
1391908606
849276845
2946377520
313159502
635942886
2041177462
1959043220
2611853264
2452376775
937091593
2302987987
692092652
428080249
1829261643
1766458502
1767642615
3743462803
1029603267
1499182555
3326529422
849937951
696427251
1560459056
336017182
1571425671
1146383141
2850864696
956810935
2530377188
3051725728
2790216160
3887939265
593183409
1425961528
1758220418
605259094