4244310631
133582036
1343921508
3863147031
1896639520
1112517409
3060270149
3178759093
2185156442
622201344
3331488701
2902871373
517298581
474507644
1767484346
3964556399
1834199328
476367088
3971630748
691643066
3376963315
1791741230
2313446616
3456117612
1163913575
4036815669
3620111544
2626980023
42141826
3067642360
1985824637
2662781966
1168513545
552076736
653375820
495814464
3980523400
1371575133
1193998906
1514481674
1189555106
3749642973
3799031523
1863143977
3902728548
1345866127
2523278913
2463943612
235207162
4098251875
3998418925
2072370293
239010486
2574815186
2522671637
3399950684
430287219
160720471
3184675063
3019630152
2316212430
3347544526
2050948105
65802522
2917625055
2287627737
2504889918
3196798470
626274141
3160298711
2963216116
1682833539
1318682038
3064109733
2404100000
2759735701
2877749340
3261320850
686122940
928710502
132315460
3870834376
2538944707
32944134
2302870211
1241159742
3482776053
730402840
1598669120
73183497
992551892
2276178099
3816708089
2538677735
1018518020
1455558783
3050263665
3936647745
735046604
2398693005
1064492840
500506626
1989987730
2240675601
1862023204
2273404674
3323945568
206840239
2790638724
1009629521
472175033
2686894704
1997640189
3987268193
3808710229
2433712561
1473030016
3562038538
766225206
772719416
3313181641
4169868760
2584443426
2965015501
2213496293
2811334420
2374675966
2301170027
1060136979
2368879865
2834081930
3872908587
610395919
1637920369
90444436
3257962689
835246261
213322618
2053884916
1604292516
2609468422
3160590141
2290805746
715249183
3354998746
4268808629
3327579247
3767430708
3979358887
151904427
786681666
3521852392
2724061142
1390716728
27728003
1701263093
2229998605
2823370404
2405036977
3548999337
272675571
1556490821
56823620
1461218622
611975525
1888369914
782589959
1014274508
2462106234
3358211037
2879191513
3585933338
1716875098
95055121
743569275
1605525288
719851892
1538136204
1207793737
1147049564
1130808991
246430278
228025402
2537668712
1587980037
2552257810
1087446830
4275196147
2935391332
1710712541
3761399639
2480964598
3095860047
10654085
3865803596
261321424
271112435
1614210835
3010712886
1110653742
3353817730
137558134
1814742978
1557350965
1760123304
3045589564
2392425257
1747366493
2797438744
3128252939
3550576498
1149493992
3493175995
1964511789
124832681
673059940
1374231511
2581931914
2658397615
408483738
3627576557
1257559517
3688172776
373739373
950060472
2041471721
4156052786
3001219009
1120022486
3865936645
1308363460
1263145699
2279491601
2220376745
195744021
1546188241
1777535588
3200115288
1335429580
3824554461
258535456
581207810
465572689
3759035545
2485569752
1808431176
3940496555
680490856
2683534567
3231049395
1483063215
2441695579
2205828639
467429563
381384955
253804268
1312083857
1826372632
3349960837
748407814
327984270
624891260
2707602878
3660016800
67334251
4196645892
790026377
1311768721
4008366942
3496541658
3339411585
2703552409
4123744680
3180614573
3693145431
402560691
3049756535
928089991
3731030456
3255937140
2423910500
1343068327
2422358597
435653782
992465698
2028845947
1871136870
2767789854
4012862684
1761260078
2943892008
1372132261
4085983733
379419685
2625402619
62337225
110088722
1344556082
276054084
3308427007
393544462
1162106311
3576112991
3514145563
2550243651
2689516034
3598969109
3388070936
885163335
2990165214
899750283
2944713280
861417730
3171749059
915725577
734697890
338666202
445746826
2353286471
3734012901
332558376
3396521442
3600963033
1809082494
4208879145
2331858645
1214671025
3343635303
4263007636
216742271
242089675
817720385
4131916413
3885768510
1142829439
2643150739
2151188392
1506419181
814619683
1599171166
846914671
3177996040
813535511
1046576119
1121155374
1486536070
3194121130