2287505544
2772599272
557962349
2054349570
580933535
1892056646
1734599220
2199638002
1947956011
3328985018
238655002
1792212621
2090467309
138678449
904336326
1994797643
3626571617
3279712216
2297812776
3880479610
2612234464
440946180
1224250217
3365428834
945937335
2014725029
3947522378
2385520722
861076190
1136456732
1069159500
3145334774
395733199
990209190
1884101745
2274452333
146838925
1832510343
4210714045
2997968190
2700672733
1245254627
2085874433
1418622599
3107311860
1649258034
3010634039
617790654
589660786
690531770
98309364
33855708
2703921852
70551699
4138620530
2073467093
74817566
2040405098
3530076889
1488084315
3958166250
1172070770
240502799
1614688703
228110533
1069811374
2685053053
2432185718
949509462
1206920938
3501384446
2511803395
3696651082
3854899628
2704676059
1206794843
3056580494
863207250
3180961150
1853582919
3316715836
