555964351
1474910019
344643203
719832910
3370385057
3817378794
2675361139
4177873792
3768352807
328102329
448515524
2928764142
2670594431
315727528
1462163806
1587622413
3600313205
521656981
164151699
1769865337
3974477258
2150754477
2040166593
2920532880
1954029871
2464927918
1912074254
2138890091
2346189818
1853166019
2864414337
1874913174
521089903
1824054901
339951104
3589977873
45822803
1363641400
126840300
845792497
2846717366
1089992583
2533755121
1663061741
2276058599
3111569242
2895006441
668717611
1441968043
1540086090
1359868539
220524010
304648584
659873853
3310029542
2338019678
2667684262
409316236
182885519
220716562
2680945301
1179718874
489668652
853520967
3254332576
4285917539
3987718125
639345091
3006105531
1432408347
1246793924
484459459
1086467075
4067207059
1967066627
1776094345
3504848588
156463799
1409155119
774996492
804132453
55786453
1589481180
1276382039
415397948
2416871093
121025303
1974058685
3066822970
2668988350
2986992264
3796196769
3805979334
4195542941
2778569717
318107563
340952762
3982297826
130262458
903555071
4210297021
24767800
2368891953
506332859
846023707
1377661418
1601863355
985585549
890516369
3286672328
1802776242
1486173063
4078744282
2236717022
1891745264
2997023157
3958160841
3449449997
3644397292
1057848358
3688908893
1734978077
353162635
1112674302
1409673834
181503271
1272197440
1692534415
2051486938
1910340779
3908784936
2993320200
1001242635
4225095307
2633169404
1401974892
3447881725
2618132557
2156051514