2677914643
1814883256
2083678647
1299306945
3886325076
3379184055
741353317
2974388741
3152271384
1829274081
2690226562
2290509229
2115434087
3865411852
2280266392
2114417085
901516879
1545194150
2569725993
2024768336
4085191487
798011400
3543992616
2139439260
2242944504
3416432021
1449567986
2435083415
2233766877
3121755589
2015881435
4170669295
1290405399
409510251
1000576595
3534128219
4245031278
3706627508
2384527917
390562171
1253726421
520977565
3689420595
1706991084
4019583053
2998148167
4201864241
497993311
109584576
1800797070
2494336751
684748460
3061368225
4085339003
3393456337
1883976592
3475593479
2878220351
108206301
2978377384
4034627473
1043511655
944814270
1958378896
1123655581
590334394
1149686217
3772524869
1901807053
967702222
3940109207
1745523269
545138882
3680712820
3134562012
3014494600
3212060893
3623241738
3732393476
3589137361
2687212844
3153914637
2505983144
3460992588
4114769435
2055610152
1939227997
1413524504
596861987
675046724
636536143
985888952
