2580075310
3522883481
1092027668
2020414507
3390502101
3443371043
2196042531
568221988
2471765124
1829832436
62240783
3345953274
4238671371
1570970512
933905411
2566455086
1145779564
59409882
1536388227
1904467108
2745803288
31930816
3764468207
2500301914
1203395283
2499016088
116868924
2850487697
2164723805
3789193644
236045035
3840794710
2835363482
1197909160
385656874
2694784190
2154344510
4059228312
1699217690
3679254648
2601391185
3708762111
1486200405
748095249
201336885
4075757000
2077647314
3425829000
1892381496
571971274
2970776117
3174897305
1219910019
612067234
4009998124
2763436642
3491116091
1369845961
2944333818
3280264222
3496629052
2524866347
674259750
2911749978
2203736882
3799226643
2568012288
2028355761
3868603729
3738058979
867218285
454097522
2288944094
1496051019
3809358445
2596037647
3683715627
159992311
3318250129
