4052907500
1558961067
161025101
2982748005
3958063903
1035473396
1838387898
3893103889
554516059
2268856854
464122888
2566746524
527628121
665627804
3775745826
3411549708
1680741616
2309781819
2634199743
3153221527
71791725
3157655102
2255112338
1232515395
4179653020
1696225749
2548411581
768035020
3002517187
1734298787
1126610244
4033658288
3553709435
964425997
2181466373
856555700
527517507
625106352
3462792872
3703047722
2233410261
180030246
2848850782
771053646
1506000101
1110542141
2180782751
1601943618
218866886
2894735139
3213559120
2800616636
2914637503
1659399325
4161159932
2564480798
2919968974
4065700894
2684136423
807225653
1171433396
731761302
350069905
674668994
2183309977
3531637953
3138503370
2981298107
2563127479
723235727
3257187037
2406935271
3121645217
1805549210
601132817
2647028223
1222162235
2620847268
2354957387
973266043
4008195479
1473325974
192019540
704107492
2179676857
3208508067
276246697
738278818
2538302420
3142004164
4100766215
3453405176
2628451280
1167215000
3336663098
2170809753
3480861999
1068307645
1575252883
2129815022
3279337035
976306122
2042901831
2592171193
3027438801
1629882485
950795816
124303795
287885372
3564010545
1288670610
3368079170
2592244023
4162592938
761290347
761813693
3477589251
2300259342
1637710510
3200432535
4186065348
3216155797
1231511518
