1175909537
85010555
2078464974
2926783765
1087090511
3862643843
1866772458
2416523492
2221299732
3990609000
2755116785
1927659723
3714918784
3926958045
2873869909
2620813020
3845916295
720726179
1513559621
569704938
3081953395
255821300
655348166
1596250092
1767141565
4203545189
532513616
3094076189
3478724622
2866961220
84310310
4253726806
4026524170
35505933
2512356389
3964142053
2380363797
2025007539
2677753758
1230445800
2547555746
1110499187
2445587542
329902123
3656564850
2527514968
2022370969
2505286918
1725741670
679046562
1946684906
3977535843
673529821
3510704874
1875316953
429407772
301708458
1732460234
683061685
1017874990
2024680882
1801447022
3088496579
2056849875
48607082
1612384918
1306334053
2854197241
3880899143
1668583721
1898711679
880647640
1902665517
3675991241
2496945679
3704628049
1661842340
142419022
1793430076
1338342748
470199334
840247797
4250966368
1806269889
3014734812
2266087388
1542578967
36609952
2378474650
2443358492
1932226845
685256946
2502739384
3972940625
1736695172
845673226
1545403653
3357478171
2322990679
2624071954
1160345236
3188148364
865907570
2469915593
798745256
3710164272
3889235956
336390727
1141517217
2582038760
3039479716
3701582572
1151238832
1764108516
2637302591
2790392793
41186252
426119520
3905084887
2495583764
3834268575
3956666683
1187939390
2341089376
355678131
114554252
339375089
506708816
4099913746
3552035313
3057211789
3117690268
3140615669
22531504
4134285027
4146654312
4178336952
1148549733
566796625
2084291015
1277104813
2237741199
2391357500
1385748160
1297179279
937025508
1364554123
3105077449
1272093065
2939753531
1506296885
3888117858
2369524608
4116521978
345512703
46783860
742672851
2693761299
2668943580
3518839954
1119582912
2036561078
1533537092
2058167699
2351474707
4130973512
1796616080
4094001281
3442833961
1714643849
283539419
3315510225
3662850459
427638265
3816401000
2441050243
1934609915
17779199
2640863261
3307554988
1511567012
3170671681
1370997768
2903898033
1990127413
3627266703
4048578602
2409901669
350607044
2530439514
1756711420
378271693
1052072436
3993865281
3067618798
3426823552
2469020880
1948897808
325645286
4114675751
473200056
3249581792
611445656
1591404580
3143938122
670985850
1613804292
876284627
1924586919
3008826508
2810290778
1938537282
4142797817
339925647
1623643901
1494566693
1311698024
3923858275
308207117
1009843138
3032851219
1387518001
628823853
4283446581
3029342581