2489852216
1614966620
1340599830
3587001478
3824884779
2417827617
1521007659
16163151
2727225389
1525193837
3764863637
241349441
4032578348
2193634722
1671724693
1499993972
4093498604
3482508822
2569985255
868955066
616833142
3194911567
3244433077
1868383887
762167146
3488075190
3311247901
3171556759
1807412536
1731851410
3099405649
2428715345
2109629983
3789445638
2313656685
715179922
106303223
3571083588
1453257873
2007996142
166962465
1183609661
3235576175
2907881277
2715043758
3052282978
1097308761
3590948626
1001985972
3453248713
1128572191
1212186320
1530318020
3902197420
417405201
891129304
1038737659
4019466986
2833333408
3072179944
2202172007
1972794074