3956638965
318683427
1212260863
1811048114
604025216
2316028813
1633046266
646226801
2359005942
229244363
2406882258
2977348317
2231668975
409060688
2003748261
2048233174
4096287207
1557895550
1712974823
1749720382
3366321706
1888454385
1745551484
2323176358
776331255
499030488
1463444264
166970669
3958328597
3450739379
2135728874
3978150567
2745677992
1558191544
4051396864
728821125
875356687
61649257
3536713732
2576581716
476337673
1484491408
1012912750
290117832
1708038002
2481914624
3618115635
1941935414
1821706819
2369497164
454959789
989537052
249285030
2924324182
3254575127
2042224251
2390830054
3584471872
2477109535
1112455131
3817703751
2041485918
3132793200
1226916158
1523328605
2695168772
1649607010
2129793505
2953374496
2425956325
3279782204
1273240906
2127126384
2503450813
2410282598
4090313132
3207845608
360761166
440934886
2178118398
2379586532
844181043
4195848052
2866755971
2392925972
102784621
2394948468
367024246
1559605881
3488603272
2352634674
2282665636
3597971301
2583324734
3259272975
67559372
3710307643
1425950945
188573009
2032750124
1511921242
814955876
2246186788
2359883409
951016562
462031074
3358265407
11908671
1301754024
2413884216
3564493399
2391059047
1100386213
3451517235
