253799040
206150929
178384706
2793483093
1594784339
854957687
2437346748
3360502521
2302891711
1520210908
119642766
379410204
972549176
3975206462
3493513792
594659903
500841847
59723601
1089037282
2265781346
850030035
1497650169
624651275
2075246413
1144653016
3667498794
2630035717
3126364500
2490687083
2944359243
3768342758
2759308737
87298103
1955025593
2905184901
1767296814
847886512
1204251989
1026590138
955736964
3661073154
2384642051
3872679764
3145391733
1376225990
3525586547
1816396888
3547659345
3743274024
611598095
622377283
2220204694
2325241097
1698908251
128947408
1940095682
2639823110
1661732779
2129906092
3520355067
790245403
3446330678
4124930272
3702167992
1681784390
2978266299
700212836
3012199035
1516342666
2417849445
249368896
899131737
3648068910
4269436870
576935122
1075309164
3570695765
1861260544
736035668
3572201483
993368716
1213036497
1819020379
2646563693
2087436991
91797273
4209323614
15256303
1045119926
1767569624
4272083095
2310021406
516927719
316305158
4079304976
2529181226
749102024
4015133693
2144260197
1068427849
3176688795
2787052153
1755990533
3514552485
901708416
20614902
1970694366
669998018
616221007
150308294
2906002697
2656067002
2065837622
1338498440
178881176
2655413526
1219715776
3359856294
2554182989
1823690967
734013848
3470223666
4025202181
3282953241
156035816
887152802
2961094544
3167187585
4124492614
1454801141
2589622259
3570301786
3450542094
1090509175
2685211127
3892588761
1677499535
3220279899
408331847
1289538006
3435662498
931655555
3649593545
2183119029
3852770829
1290054353
1761731355
394700313
979325678
3018636390
2261516304
2287468210
2987276858
3927071833
1290690865
3679368932
1886087873
936755030
1259551131
3363069894
3305404426
4003615133
2465748625
3049457701
4015551090
359863735
936040693
2691421755
614598192
3350108364
2737671757
988482645
865073601
1415483529
505741364
3648198513
1461559703
1607509385
1048547424
692796074
2591160046
254007956
4052714391
684932028
3685572040
1270271551
314024890
1546780924
1749243342
381459911
2163888828
3245307138
1425458201
2083294166
18321518
4067255065
1107860981
4078602150
662433940
2503415066
3425237348
535051725