1298462972
1932124689
1302541298
2340433972
251121859
2335741593
287368526
2124664655
2310402236
2594051422
1511856159
4063689456
1255230788
3797448863
3236558118
1375545112
1016587955
2806773949
675077569
3845106156
1358392244
571564188
49845580
2721547800
260419730
998381069
2996663672
4144392440
3261825737
3888987914
129614902
4047442284
1392356116
1678430008
311501216
2393173136
2598359932
1067629607
1235823684
750360753
2201141827
3775930673
3708998416
84411346
1111312996
530458866
493293288
997120896
4138978451
3971738643
2065780011
2319173861
996472951
662984024
1867685995
2495577237
3719884897
579436461
4041445455
2013911988
1063447978
2126959321
1117602286
2469369593
166510991
125684918
3733186639
1531445160
1420129846
737759744
2029872588
4032286236
3818517183
3052324249
3570835643
4181285392
3463240696
3228172478
3430222493
3623205981
831216329
3346273713
4219090535
3969059788
1246353641
1152513013
4270395390
886225101
1509135754
3823773496
2790263779
2756574265
745111972
709252819
1731625042
983759553
2530802861
1389872426
2071244340
859672152
3411419563
942269563
4238648093
1085232759
601940798
529831775
3922110202
3350793577
857301982
3164343810
2449190750
3323527591
1785557695