1463537872
3312979845
3905849565
3242677926
2454796058
949564920
3360634370
1156317672
2190848132
3971176980
3621127107
1489258679
834788485
2661605299
1938612069
893822598
3199828841
3485823493
4018412594
2538361099
3167029706
528696818
1894581494
3364027435
3226518649
4102109996
4233579988
1184830095
1944763945
931093984
2266936064
2325482826
4160632604
2400333759
3008630659
350221539
243263633
3415260217
909920571
1094197962
3979924890
4232282952
3522332726
1666582818
1085692358
737187321
1855282641
1737032248
116397844
3121967051
2793879764
1745523037
243971799
527688933
1341826422
773561816
1689887
2439071867
4060307765
1922756231
1325858105
236306991
2677229177
2362703891
1937942211
1344737148
429805544
