2617450767
2477918607
2060718709
1247380039
142269042
2931989118
994515644
3143990914
3092656824
1059690765
1626674225
1022113215
939984239
1924300534
3493829321
3825596687
815830726
1557568594
837968592
434952402
799591749
3746458767
2381886774
64759292
153778599
123139018
1212108249
1325942940
627401986
443163229
2415846406
2171352059
1576758479
3086759096
1255160073
4120431822
2899044805
528454575
3050589080
217128857
570116415
3784662151
843924152
132338925
786051273
3824021861
2422994200
2762664051
1469235634
3298624440
2630535464
2518429319
1497626344
637355179
1059479217
3971017040
1606461433
1741953298
3680137938
161475711
3216706537
1944854490
3332490652
180583039
3668925384
2256260538
3904196732
2312423789
3629752774
2754571437
1312412641
1452313099
3539120236
398188280
213202384
2813788702
1753362069
2675164450
2407129778
1436363031
893379277
1417005876
3041463377
347586656
2573343936
2263582846
142197760
1652351649
2787165547
3325749174
3965981121
1756288159
2922052801
1987781630
3213026266
3674520875
3472037120
955227281
2936787548
