1118352682
600406398
4082155924
2819179530
2920891705
564573213
3657128459
1843714974
226624251
1546071481
3125949442
2369681350
1495131157
1893354296
2215937512
371907055
13008091
2495411568
3682535140
1200249818
1187168516
3605425259
2382350718
279718027
3616602072
3573999157
2886122632
3438290433
49569638
2302997600
2811485330
1047413866
1539480669
772475549
2278773823
410008778
825248960
1850579688
2697469452
829090045
1884393548
4098023586
116170398
2062235954
153024035
3758885880
1652601399
2633039442
3111462582
1217252879
1527695429
1083980638
3648509439
591569393
3099665755
2596857338
3640667720
3312466156
241779856
780587146
892320999
2794635967
687177237
3233450444
3098958320
90575904
4049415871
3516427792
1300335079
2946282724
3141880153
2301303303
3704759191
1976335941
4231449781
882323417
1281611909
3724121277
1089775693
3180541414
658287711
3582184522
1997080549
2107358677
1365947004
1418877845
3183912759
3984176375
3480632795
699507058
1633415304
2658519315
2232638787
3833367783
1570200453
1060994840
4165889043
3052353912
2442450252
1482230498
2688631709
2652764315
2572642040
2062189164
1515049514
1762130465
3961436449
3590137185
3544601