470940113
3781780605
1218410708
3610007875
3922542193
598458998
752975630
2858054702
3182036253
1731095715
1105496753
1230714449
4200548310
4098961715
3379285275
3917793955
3222013920
1085630738
433654743
546663845
3691960868
3539361717
1294586325
1170934418
1091809145
936859796
4050747216
2532154422
1135684217
3555224915
1727758591
546892195
73018464
1756321586
369682927
968784788
2089636668
693305454
1551947094
4213869942
1529276887
1138349625
2814999600
3091275892
1009916785
2045794681
1128743901
1206076606
3671328148
1312542246
2205307552
3312720676
28306910
