731643474
954435932
1735029342
3405319945
1959978666
1939689871
3610222227
1013845277
1020433296
873989801
1959200962
1334316133
1058964273
3028508036
2773831867
4140611487
2151420317
581634189
3629211263
865648400
4027887853
1170041354
522667849
2902809483
368466907
1111303546
4169314194
403795341
1473337859
1391389446
61374143
1380686257
2604454575
188868727
1880026278
3027083775
1805233286
2810511550
1329624554
3050275278
692403091
1677748381
1379101423
352782053
3015211653
1054066400
4171386860
3253738278
2124687847
325892890
3502483230
1728018381
1744220562
1967798636
3061202356
451072569
397428759
2508023087
358656339
2740753610
1111677418
2429276146
2019521263
1984006731
1697388790
2070184264
1825442695
3403853336
2070570159
2300981604
2760768753
1571210307
1756193542
1584408959
945498666
1598012185
527367672
3343993847
2259467065
1632626364
3918453585
1780425407
800276189
