2711493345
3560983185
444862819
1549321883
3655031332
2078361673
917808270
1251160610
2495747961
1436345480
3801202161
2808315008
1060008102
477101497
3000872960
3769229859
4120854936
2598349392
2744616332
4259805297
2648870759
2256474822
2365733787
493149800
2092090039
3894745112
1245159906
3981566334
4217595499
2549831850
1392743556
3810622346
2158615465
4019323441
661126691
2257543476
3983149830
2109855787
1338648621
2276391272
2333144856
845195739
2185242734
802772874
4133129757
30226592
1525553513
3522335562
750830214
1093108126
1136056296
908000621
3022060374
2776823280
3287430091
356701219
1123667932
1887950482
3555480615
277951136
1573508023
659316817
1089028876
4021292758
3694842435
3683634509
924966960
127671419
20447646
3499707085
2792520499
2344028689
2698108471
3613306693
2690274361
2527137873
