4139936550
3519154602
477810351
335650256
643306394
1245523622
1869009629
123346895
1041554722
1086812968
330466528
3370708630
4264422403
2504392246
1744880220
2952274560
2552445548
3447479249
3704145895
218752067
1233681784
1417678408
250999630
2107042027
239216364
1227422659
1146065525
1482037646
356931256
793184381
3266501259
1025817192
3313609225
2693860542
4292895440
3734373513
923070219
1016588935
487320966
2208735365
2746434100
420335721
3938347002
3513182716
3217406247
958752682
3178830508
2483170529
261117431
2829043594
771649892
2448373697
4206442456
4240026282
1786482081
1517995265
4115823457
2773198778
1415910353
207041869
3056203319
1966583272
2793200973
442042336
1128956982
2864978503
1084679297
4058920180
1198941758
3756807993
2022608308
1476711544
2443943391
1620972206
716306172
26432090
2869857718
1719536263
2095619894
