4007862756
3086885856
3291942770
470967466
3584868425
1136209464
4075816542
2803800759
447262119
1867961653
1483486623
448182337
2445650267
1891953981
3892332294
1691139338
3625296252
2219434868
1933355411
3478582942
371840781
2871265688
1541434145
3214356912
2479536015
656895805
3341157806
4029299123
3672515263
1403366903
1369322944
1584220123
2924985192
2004353012
1514134548
3615024561
3238280663
2621130505
1846242778
895744163
3694878501
453343443
548918124
2353562386
4223337248
3716723045
1494212623
2586690834
1437018993
3690968410
1968049335
477912378
2020598121
2780371965
1137281685
2032963433
1704204984
2663519488
3075139675
1685521762
4294109616
76818930
965774322
2646593720
3740077007
1470040221
1175578365
3566407436
2933625001
1566616061
307723675
3096979834
1167781449
1846679733
876137167
3289897219
2740145775
2007283205
3815194360
3406498910
1531234280
3054603500
3727253650
2964307857
1866947854
2711886858
2961001476
3997152753
2981060488
234318142
2077709225
4201076954
1614717447
3374754855
858197547
1322230405
858214356
3479868960
3252755056
1278154302
1502605506
1953238331
1446233960
26433503
586998477
