1761974147
2061252616
2561561898
1606554575
3145297832
896241793
3984083849
953545183
476463337
1284336701
407519431
522425744
2979287789
1715054545
3317464891
1897654607
1984738233
3361400901
3827627596
1234631569
1693610664
561442343
2203173631
528711830
975567303
1572821209
2605454814
3333866228
4083148257
1071483408
3686832206
2958326763
3915304354
2263688669
772377344
3318082148
950015137
3547969628
3029168525
3400887480
3950010113
486300627
3405034111
1020194572
1644697645
791246059
1141423995
674223168
2706827511
1673007866
1162106579
3718612457
2743315147
2134187775
1068538170
1282944336
2030479995
1891112516
1527975387
1242149386
2626945252
3435397537
1386606167
3312087579
892106931
1882238727
3669551013
2247430059
127203593
37628012
3180911135
2979518006
2402986977
3699488471
