1875541483
2904745948
1131223297
3513801270
3125078134
1593674304
959116994
110948147
2669372223
3426513345
64281326
407008651
2190127157
2139819477
1982195710
4248546694
1505886695
913992092
2806428218
455797970
3839026649
883123820
2361053768
2630187384
1675298668
3869781305
4068970251
2947224575
4026365129
1207540855
272785305
4195263267
365424642
2909318440
196310753
3382051713
3614232373
242204587
1100694658
2372018255
2894937634
1742975484
3185685429
2969490627
1238350552
12801139
508049507
905346993
1770559194
4258448181
663883547
2573549451
3157633830
3771864928
4040983925
92169379
3560184557
2413350092
3463686016
1877049352
2299651873
1332998380
1186006128
3982814137
4270384007
3130437773
236825712
604771315
553886194
1443715522
2343207610
2220596902
2544479604
2942273147
3515879524
1320633446
3766603277
1889748547
2714945838
3336263666
1972850600
301008263
2481252409
947267675
2246944015
654601534
465423260
3161407654
4134297767
3067597712
1017850518
4217500300
3624386420
2089155211
935084281
760904276
1683732615
1884746044
3332452265
1449923300
2747734334
3873625257
394035843
56718835
288793177
3030487855
3889809507
2458194677
4214234897
4276980061
151163966
3608756332
1302428846
2821701836
2686071069
