3892313253
1996766667
48799979
1565367389
1413121024
2924752395
903477982
669988949
2847220452
2903118743
3510576603
1397458123
2639751660
1648693680
1013008517
3714128506
3444551417
2318696106
3238609944
822732801
3847328030
635481559
3183256578
2634258753
1756544301
1921896519
3766286269
3088373759
2317171019
1611671584
675320370
1347994972
1735738479
2984814280
2897785495
660257191
927779857
779934523
4208355425
1496881866
2814271850
1501983173
4219682309
1186763436
4159658073
1409960278
3540735431
241690597
966962904
4258104536
793316256
4033926916
2265893215
3537833019
3249907796
1684973569
2375788841
1743536162
998838864
301655676
3847248808
3696937817
327537447
4196090356
881553954
2221826943
3563541654
758433846
54336071
1177602201