354562977
3416251707
2115758307
1441332242
2748818514
1284652028
649801981
4113580837
4121198194
4129438921
3043044778
882549377
1207705186
1139465970
698860750
1611274849
3814598609
197280939
282084476
4155938623
3710049883
3065339477
195908119
464415553
3822267259
177774599
1922831014
3551083813
1496380439
3294179540
954145093
3256305009
1557849969
3354454015
2615568619
2689555589
3358436654
3285147735
797049158
2869362576
316443875
750251782
3286550130
3500943708
592838115
3933775983
3763795712
293258941
952778584
100526099
3332744082
2545505608
464378061
1014663967
4227426364
266297862
3803730758
3113181360
1678483901
471057715
1342401370
1168340799
2630940991
2857189083
1302525651
266749881
2058716764
3510128180
1418216069
36138019
542805808
1917935475
213354437
760477075
