38385303
592367851
1244214761
2943186320
1344433402
3767200572
2986465777
782206275
3372228804
1217694509
2710683160
2605129096
2117892379
1299064366
1980764666
3068894878
2542793634
3096867257
273684435
3660484002
3389720246
2275701426
1382619479
700429647
2021864729
1973778052
3378965954
1503941874
3633951781
3419353507
172145516
1896003729
3926589350
2499282419
2059192739
4163037227
4121400505
3748714829
4218555403
2386381108
2162466194
406641911
2239626198
2743033583
2145930403
3009662234
3856347653
1537809133
1747653689
753620745
3023151323
1608131875
2271608625
4168957915
2158149028
1133663279
1460238824
101833374
106695944
3311180195
1683245027
3585572167
1462026179
3025456827
31196860
3961295098
3044572232
3466943899
4084608922
1176721123
3414711451
3456118894
864535723
996856652
4008916098
4279698965
3589866224
720264857
3582417940
3853458736
270545438
2279749042
77057583
1081681807
2164966287
1970873986
2182866150
1808004051
1434189803
1735429024
3817063493
2097762851
2805359441
1576660143
3160445553
1284140282
2428214177
3927780867
1050660173
1140761904
2551773002
946683377
301378951
100830007
2407885246
3211389980
460408775
1206122337
1890739485
736918076
3026583553
2621554598
3091623470
3131815173
4136696122
93941500
3103953139
2784157071
1549462916
907687358
409221198
3677776661
3316596471
4079122532
3666684077
1202368050
1785694294
3765396912
3444946191
843478797
2364027997
2993937967
1412506791
3475948140
1297493002
958296373
1524586947
946631651
3515010311
2370908558
637672062
3479284631
2072327361
1932931909
2609905960
2994522086
2979822370
2367506410
396529463
3607715484
1370231227
3863366948
3913461782
495912968
1438225293
1611540445
331851805
168061401
2483065850
3024825618
1509301198
249627288
949278870
462956015
3883325454
2018243608
4276814247
1961245933
1768190102
1482063694
889667701
3698762268
2209846786
164949385
713341127
1057422255
1906155
499033563
1646874007
1333106268
474049248
1310255197
3997320625
637486366
116122753
1306821823
3549750005
1566045559
2705097414
4085049624
94301011
37597394
1363382413
2295243339
1092284061
708937553
3291661260
439918438
497455851
4101211194
1806094421
3780564060
4075826661
3675969186
1647573637
3024213770
132167215
1191801383
3632275163
3101530669
3534073940
3079629720
1624431119
2622611821
726823782
532190088
1127912632
3868455893
2875076299
2609722271
1669241119
3787178300
2168093181
1126526094
1442078710
4196052590
1183728765
1069276791
3879760601
528390420
1522382618
883071695
433958711
301928792
1063454019
3064502523
1768254439
868899519
433956284
4008092962
1490055928
1335540239
2861666205
1914438349
3757936361
2592000825
2863649766
748862933
500239356
810403140
4050348209
604388752
2390231927
2069965471
2485106716
1833171459
4004864144
21968799
3747810213
3254148314
3590492011
3018659297
2225190803
1866455179
769482643
4161212961
1973473098
54785197
2893411265