4292999715
463080027
257479366
341542465
3886133204
2353631099
922526639
1204366640
548954451
85496190
2087967954
4254712045
147416281
4071229959
4043134029
4288040230
373763911
1873289377
1169844139
982794970
2810707845
1499494837
3150235473
3538757312
4014708954
718279256
3212563637
1123024852
4111050299
3504663739
1731689688
1679307670
3846030302
2183231916
1427205265
816436910
3409396286
270854059
693851190
1276385401
609308771
428424183
2790619040
2212953751
378097071
2766861919
1658338303
2568742611
1835015289
3446988285
1000454579
1901920322
1546506009
162094115
3415994128
2444724994
1494026565
1413071059
650198776
613283932
1161521057
1056405634
2961723619
3569935638
3694450831
2589971802
3946860804
4228429237
2271039869
2842616082
703941248
1423787214
51197651
1816765775
1090960519
1884008927
2490064890
3393650342
3717136964
2493123380
140511089
4201088909
850547867
339976693
2235812676
1132584247
1350419394
2613719971
1014120712
622259829
2304902873
4184829813
2693411287
1936235039
1715629935
1984943272
3311670009
16771800
3610299153
2735617260
787957648
1988359557
1653184279
72838630
157844480
1257122596
1347678677
2291562629
366559431
1929133051
2036595075
95486020
2873196216
4116825501
743475930
1217154522
603184879
1927299443
1253412656
72756179
2519376624
634960681
1924390305
3516712876
3020922472
873296780
1800220052
2923186877
1113974858
65339807
2938331512
2867968277
3303141665
2023114508
3921064012
2414497027
1814843159
4203659103
3614506504
2184093878
1255394932
3441414731
2267352383
2250926640
2965191239
2263508267
1309611858
2782714567
4204034182
2658885706
1749137113
3450436641
3981517789
52237122
3083274689
3111139447
1437345898
1342637088
296478579
2517732651
3779061594
3724603931
2935388626
866621566
574896240
2247301144
1832346105
1850061292
3996611219
989820673
613877764
128301256
3710133870
2471947852
1306495807
2267309632
1152653358
3511636733
534919059
867425471
1561250575
761769866
794917843
2685818342
1023682711
481755943
3638150345
2463765686
736261676
2202629827
1771888035
4265438645
2933298981
3400742262
3383373734
898821635
95986627
3730991005
3388427342
2828393062
1261274910
2673135102
2496883084
3505878639
1433252989
3619116612
4236401874
3278330419
4085136360
2614504989
940951833
1334391055
4117219904
2101510534
1122866034
2741126176
3016729906
2525598053
1643552197
3277276021
4215397888
181318348
2687874704
602591493
1905481164
3942926957
2402136127
4050802213
475034453
386689346
3617245137
3099301238
3023616380
3658452458
1796315028
3425687247
1376327048
3238798501
407128787
223990228
3451117081
2447386049
62667657
1607729632
1544071472
2267581227
685519629
1844186267
2236194871