4115264393
3799507328
683701006
2632835794
3077015633
1302830371
1800701945
3803535210
1304485297
71702865
248722868
4268667606
4271255988
20725982
2516652011
3173138204
1045628107
3687948912
3073789161
3068961226
3817790673
3133237374
884614430
2247237427
2651793148
1586747887
43162496
3748957822
3122120333
1772870685
4142341245
3352160902
3080305728
1826423625
480761276
3831306118
2354576534
3216825637
4086556769
1004564426
3514317585
1761850789
1479491037
4143848672
194544255
526341441
3961694082
281688685
2767290613
2712829664
3169345521
2475091388
1768203279
2636997949
582575482
3817970106
204240954
1044181188
2181065288
2465225305
2377176825
3829596544
3072781330
797577074
2239481144
3018292661
3386779183
4166765799
2196884007
584876267
3581836258
3038900169
4127033230
1988202717
3029818031
486385293
1917665290
2629702958
3220572386
1834058249
1675333354
2522578188
1804350427
2750870069
619970675
2987957191
3653445392
1912090748
2331194270
2851420375
3079839966
457456819
385481815
1841397238
1721031972
3296679057
2345254375
3416954240
3878563061
1876045671
3999782284
2429471237
1601928780
3839743188
1938340824
1151296733
944903467
441222165
3624515595
1993793880
3033329031
1071386888
870776339
86529649
2019319712
1854667826
493508344
975410326
2902100992
1270736686
510579988
2101627136
4228530719
573595811
3204606819
590026274
2320494077
1891868148
3250114244
1309239696
2552878271
3203041267
4093661086
3736545779
2538163255
3307413
162221835
1353077796
3260775740
2810989048
2559429554
233729339
3515108184