4167973872
867298009
1314645511
1210272196
768569854
279788410
735383616
1823414695
2253627000
3880166199
4256625652
3513787653
964371430
2624586107
280561383
2389544873
2983384719
1340456459
2743663779
490949396
815035539
263277480
3619440110
4144359675
814771601
219193824
3063959964
1067216898
2547124909
1709797909
969607679
3437332282
1677346333
1140893914
2936556022
1616779885
75588676
3885840793
2294047561
2049131393
3457528366
1770698519
1002053116
1709251169
3229039957
2467280772
539764277
3126103436
4221375600
2908834378
1058390388
1288345396
704450930
3315290989
839085180
3306383506
3147128968
2356285837
331967793
1015026141
2159891135
2932582573
1679426162
2030256697
3552043387
2982656947
3589051257
492282401
67855400
1770623324
4080993389
1246659592
2523017929
3365630221
3932074837
3723704573
3766629673
1371798299
3652112211
609919721
1913618140
581495319
241337053
4130345189
160065182
3620224063
295735633
3420872065
2794111970
1899633480
3014758453
2292056975
2436807762
3244539544
275158817
507539231
3935520473
1612926392
1972890714
4032167308
2838620975
1474385295
4258963496
1745215006
520271332
2332084011
3185675829
2169378328
1291198839
1067245970
3830250870
3537593700
2617042269
2142428709
3510963111
1751561147
351688417
3359647022
281954486
1038751267
46145607
3903222493
1784616052
416817996
3292743220