1483424897
1199353849
2991815982
3751376696
3497899361
1808542475
3983266866
2244706249
2743579786
2409119744
1303612253
3538192308
1501884947
2215142537
519697556
174825454
3870492033
194144656
2314495814
4269512972
648141056
485411022
2851707269
2669777307
3637566600
3188158557
3488478869
219645870
1762829749
3076705993
4029876320
4098107328
3848481592
2667478571
1773224407
4050916457
1158861363
2290529282
516984561
1468712902
3077103269
3108515891
1147903110
198065894
2453441031
3532139155
3875465693
782113057
1415838939
2785547712
1253034297
2144981966
602058713
2132177354
3444842122
1585678090
354556445
3267282930
4205226993
3609166225
514070313
2150217028
2487030805
1425446602
2413550562
1070286966
448412934
336963366
4199281260
1522815462
1742980807
1837305010
718411229
1874527396
924595872
3116287132
3014450861
201124728
2377807159
3707765169
1395923284
945290612
3702189955
3742153056
2874971721
3352097496
1967731304
65997055
2457777940
1014578266
609778309
1283690355
3676484562
1100013714
4276033268
2113579736
2146660573
4190959284
161198400
3959584400
950624487
3990537653
3152831387
2442500825
