3764790671
910733691
675400772
3424689845
2940823809
3651381235
4103860383
460236902
2311397033
620048732
2492260202
1702452781
2196739956
3178663647
962876918
1623282497
2710505324
1234668210
1959844009
2156215285
3976019098
4176410653
1842798653
3915266608
3240188420
1737006174
1677709491
1123433086
1660474110
956047176
392923018
2844926483
2644262917
1372555270
1133516937
601966757
3433175408
4108430003
1703629507
386677222
810482155
4283683978
3971062037
1962115278
3358936394
1795740744
2275367345
335937609
4281830791
946939570
997638952
754417930
549444764
1320424169
2024966151
986711839
310277312
2671837519
1988432299
1599465988
2244011737
1970601348
3883371391
2010701194
1732428697
1779109486
1038673961
2702929561
2361852058
1684018994
1939618600
3786834763
1798738855
1947748589
2439258294
2363087679
316803964
558788798
707903516
1495093986
1158281528
3103781494
465180214
592710817
4289484283
533989592
3046869233
4179769708
1209032229
598822114
3707794327
835878704
2427876365
3206096211
492393633
4249619769
1537824553
4208875558
3321637614
2470166252
779166454
1321930942
3858156564
2042655730
522789657
2064551229
4116602736
2372391273
2931743675
388509961
3264339140
1027432342
2993860680
4104649608
3479901947
920140961
669714453
2668724841
1520898011
1250409200
3715009768
3060687269
1673989722
339869420
2997348203
624920642
2288764017
3262251300
1501483177
3190155710
3874591910
674613274
1155642392
10286972
2430011350
1623020429
3963653894
288289397
1123152047
1383988650
3050177150
458272069
3904203253
3865173511
264587785
130554748
3277198493
3194115474
1719881548
1630468397
4025136157
880384263
3335199162
72111905
1199714881
150024607
2004140423
1502455465
2152549166
2952778716
1402229247
989832278
3137275606
2209344190
900131948
178644331
3599747901
1615711973
4208596289
1836921324
2701511955
395893756
2222032454
1276338314
4174714608
2943744933
3472591887
140612920
2974515678
1565938754
2006626094
3070643800
673647473
2662338001
808799316
949055714
1175984052
1670792195
3912405263
4032697900
2004266390
2043132385
3942352553
1483373595
2122414042
3816248722
3439357688
3005778257
3134623139
3517012289
1441117476
3064876496
2329578972
2740301709
1287076701
1191177523
4113093798
3570325477
343429698
2232933417
1605026519
3673451247
2392066966
217079235
3940937426
316096737
3043030160
2968191106
3614705510
79238216
342283016
2616412771
2949505687
560640306
2960369556
3541808457
1664722114
740849959
4258805965
674425030
850415891
3120891990
438324895
3875671167
4107843144
846789812
1177361980
3461621022
2507643554
2016027272
112042244
2093001163
2661852048
2715684627
3424768870
4235670249
2565044668
2874541565
3127400755
3233397265
2134005227
1696441459
1948740836
2468298337
697903007
1988579405
4180498406
1327318508
2815552152
2918007314
2287840977
3143718844
3510672523
3569763380
3215905674
1075165016
4664196
518411254
4206868967
797201278
3020736363
3263017711
3864449518
133955827
1147211712
1131098831
1427552388
298576844
1168895405
918684832
2965640710
2964097676
3285770426
4121021410