2258178347
3451400537
336216805
1915050875
328391528
69862826
3691885967
3068880431
253404508
4156619819
1367464548
1648599068
2122242431
2901971872
4134351379
2720437009
569418865
1530356329
634910896
1403995819
3430706207
2249860176
197401607
3173197690
2949123107
4133767710
3889009905
3637513157
2532994594
958988088
4095700174
3224454543
3357245820
1859887572
3833151186
1715215889
2445479989
3996315051
3529603224
2840750853
2561882225
197406712
3483242068
1566535976
2982630884
323289873
2287193962
364541254
594138983
2185379326
931376186
3269841566
2470383365
316273031
2273555878
1019609129
2784861735
2051193706
1725566275
1637482578
1927369177
3052840099
3770703665
1954519883
523786875
1736891968
1872960418
1359821102
219244565
4240186225
3211353037
781175547
4216234931
2989003065
632064310
2631324344
1116577244
3653821835
2289999022
3681343522
1258413750
1213945732
4045313282
1998795825
333462692
3357207476
2834064828
328702271
262367192
2883370590
1925933208
954767519
1208381038
278729325
1891239707
3871203881
2126325355
2139332956
2539805419
1798230033
3200136601
1905454695
2779348890
2953235077
1278203090
1171999185
584928939
4272677
2917674918
3351772280
3776458319
2407378777
215004612
1225234516
6249682
3349701973
1032790661
3387721493
1954221059
2081385306
1755845443