760301011
1014702480
3624521698
4203139110
3869728874
701973813
1845503875
2457232018
1723233181
3067376216
2305960104
3205020405
1085418859
3693075676
2386450350
2081514550
2732782640
555369609
4057289355
613906982
261090542
286775690
1705813118
4238657506
2280598675
2828992527
1115532019
4108275581
375441333
3929601276
3695025246
3122921262
1889376709
596951863
1383005401
1278087336
2269246090
1729189013
4204497910
214190698
2994068132
748373678
3128278796
2267076624
2940605221
17909620
564332163
1820228804
1483917202
2811522531
3637800717
1032507236
1359183812
1643444535
3874928086
1835216549
3193189469
340432390
1850800109
611524530
1406885798
3406711131
657190186
3756120835
757008677
4195872413
2334201236
3207829471
2567255978
4062931692
1532843366
2541285592
3215609973
1560684028
2551751096
2229650028
3143303206
3421689407
33032777
2962689415
3782023663
605417938
1936577742
1907681241
2052213540
1437182047
1944710865
3960602271
369664227
