3745563902
1479620937
2776060851
318500349
3583549494
1879784833
1394931457
3554447495
2506432203
1717081230
386550452
2807314883
2021309359
664626533
3502556410
1343342417
2491739948
4236931563
2158450325
2207678180
2334842281
2412455982
4108001072
3974986178
1824436302
4004891937
424143704
2254443525
2691557297
1732766783
3423930434
1227046838
4124978489
684284820
1150625500
265083862
4093429163
1639417129
1112733302
704904236
3278384796
1491726922
2327212923
359450373
844986331
475015395
3125047672
1477074122
1143902110
1550800986
3030472384
3694614673
3625801885
2018387472
952294122
3329761915
3247776653
2162079916
1860046146
2497827513