799409555
1431642785
674302725
2969597747
2896599371
364409198
1476750597
1603816703
2083342849
2099569031
1209910834
3029955684
3960128888
740533029
4045734855
2367210964
1559537300
394738846
4000088325
1934511274
2032655433
1859833042
2246580888
4250389699
3072037497
1871459785
2685143651
1697403581
1409609752
1019728927
440878767
2877040975
2427763348
579122712
3532378338
2115346730
1392233433
1625088027
1846886330
4069936543
965983994
2691545194
1748448088
3140859840
2604034527
1584771775
420488887
743915014
2785688178
794057699
2294181268
212325883
544177271
3762875501
362093643
2527500027
3465136469
1627963487
1737466455
4009544455
1918828187
4204483315
3486223909
2494813483
3689767165
1328233882
4155641838
2732061789
2643994265
154438651
3144753285
406560152
1084783042
2516977277
1204002554
2895672889
1082825160
678787519
3338938038
3169536465
3997883335
3106236495
2297834875
2059136831
3186450300
805341600
2643320713
2198406605
4248701627
84175297
653606242
861307473
3713744228
1631049460
2868910566
190518858
2071484989
2752772527
436718395
3331719121
