4260449721
738186897
901125033
1170852294
2324936078
2914315260
929444374
895977903
713774692
375112659
91698553
1070073963
1527567802
1149946000
3237663454
34061511
3874847835
216091875
3622784713
3361967490
1914502483
2691621815
1439786720
1520812036
2982061766
2180060610
2852029282
1559395391
2624756878
3410531471
106385125
3569182879
3278750343
2936504756
1666601388
983615792
3088667720
3795800750
82168318
339091135
2357878961
305985973
3931859521
2284621508
1546116316
1417699654
2607949969
1836433379
338516772
545919975
2524456458
180592184
4004688251
479085241
1951216659
2444124818
3309743714
2020509442
3859455417
2446506477
3981910698
4085553973
711165017
2947355492
2440314437
4048073955
546534076
2824732359
1179520040
1639917108
98741933
2904672744
2884798469
3013068815
4264924894
