3104872071
3542732863
4262995534
400947702
2995169839
3418777459
3259758302
581406027
2645359162
1767238691
1350631439
3214436717
2292718776
3466607156
3413292797
2382453670
1066282921
2156959861
2584331048
2771756471
1175481023
822440498
1611231166
1022925896
62168063
270513233
1096848524
3257287442
3532103708
848965488
3131866610
1527118927
4008210909
1569134055
1380901403
2346665877
3432802137
1665301456
2811450314
248013807
1016367894
3278305282
2070045220
704525769
391166265
749565739
3223973068
628682357
3469257027
4093697464
1995189307
3734106525
375148490
1299353475
2046296112
1644903123
2439678964
2190735182
3321761750
1789285205
3011105551
2381787145
878417421
2675210002
4135862765
2752457519
3225793517
455701441
4103891062
1755365995
4148339603
1629232569
3778580336
4287904862
2771319379
2833290681
4189516044
2584046411
3000061669
3237439802
4083406161
2641584955
1390130761
4166726498
2459343680
3511667662
3277751086
271722580
743187117
1370301028
2399603110
3242175633
167110866
1171243698
2343597000
2734065286
3743212298
3592700294
179442376
1136225427
4040303848
2386761374
3056688419
2537435369
2233099963
544852859
4100217308
3461344190
2867544667
3093039343
4037634081
372839964
2511591514
3824294412
318249568
1932508798
2476494232
1595446988
1096146601
610693961
3263744036
3708273212
4089877490
938909915
4294592197
887314931
1767542269
712905840
2462458528
2770560211
351930424
1022027763
1472434813
3946428257
2722704562
254470751
4271627539
274349725
1471364435
2556638193
2122905140
3667491449
2726730057
239802723
3795672487
674206967
2679439806
3699489228
2407763822
1788574199
282396891
1146279276
3851024843
3930001591
3149855254
2705294533
584200058
2163967687
1562830459
1182097845
670559846
3170403743
893297624
2959606656
1760135272
3526554912
2592232683
108667399
4080764969
180779147
1012747925
2044095970
4040992931
4207149414
607445628
3247770736
2028972460
2233464766
2362912029
3693702159
2825106004
3318624939
3854972747
3743838204
1002413921
540407171
103472067
3337879106
300839722
1583841418
3266057427
3533812871
2800738825
3707035375
2263293840
1888326698
3962887493
2996127463
1783921338
846845783
1945778038
361334642
52933757
3481625049
3771925547
2986179798
1256435392
880579724
38474525
929152975
3725422269
822354988
1433636833
3004787203
155789877
619951779
3040420361
744801232
2116645543
3166266518
3262477990
1019458198
1021047903
2480053614
1834816676
4187713523
1953293564
3778149643
1616537383
399941885
1458823941
3765626138
3726731634
2159669009
4127327875
266192366
3147255511
1076899537
1283184433
2159236859
792758308
851028442
2474241031
3221380694
4257297219
485563957
1551600546
1321226156
4293259681
3393447599
1944825809
449581084
224201606
2732858880
239351319
851548689
3875838010
3467109547
4242812003
618327870
226545343
1461638325
4238461355
2555186163
1538993363
939711888
1128321903
2814925531
4036685256
2553744694
1855857818
3134223828
414817988
3635825216
2154613312
1352509218
3501909980
3871237315
67744158
2914259922
1989415500
1490318589
4135967309
3987221659
1902852692
2143234550
1440766887
3509721786
172112887
3248252898
968913160
2653769534
2938996857
3935507860
110013699
3514611376
2427134136
966454203
3968673331
3034660139
1072282458
1784071617
3461511679
3801344219
1952396660
480648025
878358624
404486809
2690449615
2203853589
3895833841
743308034
396193022
3560893322
1132796057
1653558170
1765623548
752240890
26766012
636865134
2099045714
3735636384
623608393
131972320
4293213258
2997340994
974268599
3339831196
2311164364
685845801
3159119429
1747964452
1556286003
2767259655
1111662282
1641277908
2147056074
559119603
124957626
1258923907
651824716
3926079160
904911196
3494299576
2837135219
1116738243
3035530605
913173495
1979274512
3664485392
1010037049
986350243
2121814337
2479123724
2633837557
3627173282
2541029121
1202485483
3689199452
1960330967
1839410876
1073964976
1733495718
243267969
1984560888
745510584
429937762
2025035224
917126946
21020657
311682572
808801064
1917214240
1586349619
4103725000
3071266691
1326729835
595348570
1753127798
4238772077
588425217
1874377102
804327004
1673575676
81475999
1593550557
3167271781
371627413
3129322154
955773284
2158893706
4197228316
2539373651
3274446667
3624885134
3197244523
2633711108
3958108767
193899578
1627887391
2657558372
2913905931
448607827
3822650193
2542785550
2284187656
3786028905
50594744
2561595912
1731822658
1994594407
1945345555
886416521
193248393
758556237
1061872700
3099636366
2611352583
1018873513
1759502460
2037813171
1998624734
3877614788
1947361212
1881579956
3600079630
4080897533
3135309088
1676390816
1974049887
322723048
805509233
441055609
2058621017
1366825651
1860556216
1710418857
1417893510
996251693
2828860854
444803901
1641036352
833063393
273383029
3542255688
2885935303
2801125948
4220496437
3917287455
3686823785
1484795067
2763302325
2385900190
1222949765
2312782059
2992289855
1757811170
2273287744
4217056087
1777143367
29481215
58317742
4027031051
2798487739
434497318
2368455720
2709734758
3650372097
1412600692
1779187482
4125531638
2691961788
1000257350
4234030994
2493212810
2988444313