253814727
2215102502
410692454
3861664078
119664035
3464785872
2932142991
2599439124
2626385172
3108286356
1911799344
3018796496
1705395737
3478978861
1808780513
847765847
1545092439
2461874376
1164815723
2402703804
981705017
342511044
1053514833
2065147268
761143233
2982897989
558679660
4216430301
3876808908
3716872127
1984984483
185728096
2859253446
709768000
3131439037
1617388005
1863734381
3993761722
1542634060
919551846
2178960055
2805947743
2623268594
3749262170
3314379547
3308594165
898198279
2616951677
2866967957
3656569919
2637813571
2833536377
2933471305
589033862
3434136639
3764130259
3798837188
3381109210
4229829241
157719631
3401056866
1979986359
2729063902
3337869065
2519084984
125816762
1074892743
2949465103
3571982293
1199651553
1962412834
1199022499
3776989324
3868605727
2835580351
2401981984
3295781184
1160763042
3973908766
3411586768
1952027703
3822042841
3720806098
355726584
3587731265
2121395862
3659587752
841557868
1590390864
1476660552
4144246027
2846901425
4062388185
1032799707
2595901727
1080859165
3564312421
772550930
3133308475
3931722628
3689596606
1330246017
1476581229
1577289871
2247414864
3041838297
2028115618
4197473108
821420035
892488500
930199666
378004200
1928287681
1186319246
2140583005
3436481169
3038431644
3829594062
116766561
1645963873
260371229
3869300656
4128494617
3680172598
2887524634
2515275412
2744272942
3322698252
4108453049
1301975209
1356102631
2782950111
4265481208
386929143
167005661
3782770993
3816513136
1768076669
1063539527
2459587775
2379487133
739566431
2039467024