4287586094
3827255729
2514291013
1371151969
1633215270
115200807
131200753
979896778
3242814615
3001024413
4168461759
2843620373
2901781256
4196150406
636451342
460962338
235637426
4058169471
851204281
2179568997
1970207780
3342591219
1880201349
464332903
2556893785
3047979664
1023964814
1295944877
3397047555
89431744
2250476619
2562366211
936135477
3450817415
2328661139
2282713523
3909316859
1863176284
3548236576
3575615983
1928125246
1164248985
3876881067
2413367280
3798027059
2213233730
2910892910
3270424293
16698627
4086048683
1023072626
