2838555303
1322478793
2777076873
428321451
2081254259
3319499754
1426114910
2702657843
3624308571
4274322720
2144591126
637472237
3160220062
1053733362
4257343979
2681514791
2055061576
3592958122
2104518641
3617823540
1280653563
2102571405
3727506867
1641582322
3144168715
2755332764
2191174379
142520435
1546709507
3968922039
490653691
4235940131
828041271
374290148
1471272811
2669823367
1548486748
2572847835
1626839788
2791703485
1247964789
662734849
2918189993
3276961606
3482175770
3753594664
2664653153
1850184307
1143102911
3568450729
4017766287
592801471
3079730585
1217457015
2818102645
1794937042
1417017837
4027246985
3371346683
1204279532
566208312
4166289195
49652414
3842527712
4079887272
4245084764
777059447
1667929651
2522151141
1124923774
2234485017
400813336
3604567541
2405237341
1827485848
4157005654
2538316261
2605150123
1150493328
2085720577
2697213470
2577312595
362184432
1266279725
1371412038
3644235613
2873492244
3529490795
1194594941
3762336542
449138157
847347104
1275867807
3094521242
31714905
1949521135
4252601053
3603916238
805022799
1796779916
190179009
3791604271
3663880390
995435596
3583729361
3931315736
2556723553
342052424
4002214981
329954817
926489657
778505176
3396988237
1617921405
346161101
4149476194
2307994329
2013616480
443558690
3710018024
88972844
2492273436
854513500
2601663676
851999072
1049931645
4061007685
1595719128
2841544579
3127847225
50429798
2200352402
4093094841
3067007937
382937966
4204670524
3526854201
4046672807
2108537088
3434635090
2280344449
483354462
856371588
1957680362
2785602628
836707395
2070963071
2739563881
1113175543
3795198585
2635534255
1865168185
310087280
3058527518
1209197889
4202203523
3838737160
523006115
851893697
1510430951
4019251443
545711720
1673259735
3956765929
1310115644
1520387639
3455371380
1940951577
3397707595
2207918220
3793689347
2958009904
2286326457
3578572022
1996375987
370534941
3448382460
2856497453
2691415492
2628179495
3308745237
3437586883
442989478
20520686
2133765937
3549385179
3316036700
3429627501
3287868189
12520716
1206627518
1734024151
2426769414
3993347539
3540438711
51663318
809512721
2058824156
309461693
2441253604
3029938546
2808623734
299802977
3550701881
3852946901
2458242961
2737677304
2016056967
3626016585
4090924991
2857883567
2213995748
897824965
4159116509
2239950328
1388891305