67094401
1887013180
2487729384
337507973
103091884
895836689
3728258593
372899267
1722560977
4159499343
2852984013
3342335402
3534040715
378453983
1284477069
3143843225
305747512
2895539750
2981111445
2114872406
1578107811
1424084462
1279872164
56285232
1037715058
301663632
3864357536
3613243778
2100673781
3349688645
1241037470
1332323313
1811580947
2953318234
1680762537
2750517037
2860464153
4096666988
336966470
1458231603
1427262532
3264839699
1528557510
4147257753
576183885
724655608
835406745
1305882996
75049189
1829928727
3453567463
4291269318
3929040663
4262472235
1285612847
914466716
2928613096
2236181964
361539118
3639325001
2019214133
3329873929
3500451644
4072209262
3675333427
1610922364
3153891242
3496646435
2811700369
3829298395
3994275296
459527181
36575338
3154811785
784869629
2145569029
2650907523
165845725
2899659443
218105833
1492152592
1700581108
11457924
4293532790
2505853385
2735353977
668417329
434956923
3344274668
1501922876
2008196440
832869590
2043476299
723059704
3470899575
4091929663
1743096325
1453310394
2940225235
657788147
314766622
2142268775
4227720213
132300478
651925014
1618930603
343768781
4073171489
1087125266
3782823561
1198425961
3850537997
2905957797
2128874606
4023142427
1465016849
3005373625
2548510011
1471817742
635097638
1129608996
1570723458
299644895
3247663606
4276650548
1700037557
1530071045
1963639484
2789930540
889108744
2605765097
3819336526
1722742898
3102677209
1915413333
4044276522
2110091457
3069660701
2396032954
2972485819
2495485874
199147936
3360609205
2737400766
720624444
1421171729
1338888894
1238713778
4199292415
2793512726
1590053086
3432621429
845229425