4082782299
4274896731
2456615513
2653029071
2237211253
177063525
1072160176
273568031
297826649
374107943
1945758039
2567709816
844030595
3801592303
3738411826
3937281664
1635800314
770113161
612671345
710367686
1286457905
4085488860
3779711246
882112355
3675085505
3710282324
2758812724
2162863528
3530248831
791868273
4263206465
4086224665
3026325690
3313644653
2304274396
3600313637
4463940
2276853157
1791846957
1185552442
3197395578
3808213701
1420282208
3932776443
2708600514
3668828888
279005742
1860305152
462741487
