4155717295
388510968
207026795
2762867645
768101877
1559569589
1222514156
3241623808
925687671
2292919703
311839664
2997333804
3946815532
1899704876
1583475386
3872743198
2173591759
327293583
555098729
3565306520
4134564270
3865645551
1260859949
667052665
1661374015
3127821772
3238030328
2293155106
979119318
1378122730
342009140
817114324
1938391461
3348099797
2084744606
4235282698
379498925
4195787900
863721998
2713675282
204134725
3738073732
291504268
2133129171
1263259161
3010321795
103714369
2937107405
198511863
2421992375
624412623
2661981065
777963697
2562103594
2719779411
1000888353
819108333
1356245656
449746889
3002303747
1956730211
336686855
3867515495
3270556258
2815550154
63386392
31424886
1342524941
3053236131
1399012850
3320120016
1271105233
994364000
525137219
2782046456
1353295830
2362992898
2048262651
379103660
4151494124
1313287651
505964885
4099194675
2279217989
903077600
3869129964
3255985951
3737982188
3820857491
3317204608
1816487709
3845607757
1085017068
3762669422
2024745294
2692623928
3770397623
1048909344
2783819
1497442636
1363074832
957716144
3435810309
2914380735
3636384600
970241761
1457978560
1107050499
4145444420
1933653783
993584754
1137198567
2367669826
502006159
329438620
4192288680
144267723
2486146959
282312728
2663920969
945919094
3213267803
3116330812
1892374101
3537305514
2290358466
4133459983
353149406
729935148
1867793352
3231702154
3489172814
486184114
1536960223
58313822
817075382
768124315
1457890681
4108920842
3360462553
2752566150
3816128423
3211870506
2370962073
1611030664
2334814519
3656836080
388807326
3111341533
1926866896
2910895767
1857582758
414681426
749487333
2297987680
3805889776
3210478066
1537454297
3707468396
345321846
4284547909
2418371159
2807396279
2209894243
1653161437
4107639258
1163832767
1084560996
3470280550
1209748787
2023049682
1101527654
2202813613
1616828310
1270418583
3546737526
1033040626
532207180
840518679
1331243650
2331737498
1603548217
630144777
1641606025
393208119
638125683
1900598949
468137714
126065926
3252721265
592842464
3158725838
2824794978
830750395
534740793
55491167
3788950188
878059599
3758955879
589979614
2254695469
3245597547
4241517074
2988735500
1543443497
3678447844
622526400
3738612643
2187206006
2014807702
2347155493
4148690817
3904697529
1970198393
2702403165
3552978818
458384125
2071207681
2117692717
2084652374
3892803828
537760269
4186685751
2137475617
808841184
2488986972
312071909
2860449970
795551047
4042239516
2558572781
905661196
3344176059
1962000433
1372765832
2571440489
3054115396
2550343036
578886625
2069238317
2560118727
3858474141
2573591046
2140981070
71192614
4019795623
602893942
2630292125
592638424
2321166617
2865299678
2928648514
3427142997
3162789436
370108422
1699979451
2311797562
3693887403
65176319
2592713629
776831057
1228485127
2877766763
298011924
859485158
2635228508
1952521239
1487233075
1916320330
4025749036
4205517438
3409096532
3711982275
41722325
3609413130
2791135787
497344157
66593601
3150169041
455946138
3365157346
2221440165
3767167689
4275485468
1266271654
4176029453
2072986572
3479913211
2937750971
2841168243
3029057489
3245962063
3296092875
3465058486
247752316
1092676486
1142304829
2331584707
735346602
1704887908
2835445746
1566305563
3276602992
1457342530
370964780
856176840
3662057347
3780102169
496439344
3312070372
561016671
1236022771
3502989267
4025319183
3686908525
3935660039
3645833584
1349190947
3148152521
509208692
3818292936
3070221896
2829651732
4058441480
3940306207
2901712477
1292640233
4012957424
3269726705
1882553667
29831347
894317165
1114282706
1267228255
3741850982
2208086352
2172773635
557560608
914299501
2683154892
812034159
853598525
2388332213
1822111460
4083482994
3545465497
3527969408
1239970898
4066442377
3215806791