355922076
432456606
462035144
1994436852
3944921010
1136325220
3456045470
28682509
579879220
2573337103
292139337
3126049061
2569922773
3366680813
1420205451
594877953
2957399602
1884806573
3016641125
3022544982
3788387011
2621195
3419495134
4150647154
2011483807
2178107436
1717458658
1690081764
2938965620
3648712974
64259144
289521706
1161992494
149306873
1729816588
797536627
383861788
3511232708
3719644747
1332392734
2630139863
354920292
1871835945
130877633
1879232387
4049718881
2884950347
2734099296
236013559
989628275
4078800995
1996386237
2064091305
1183733663
1302188845
3055610361
4242235183
3365774267
951536533
1108700834
3994400352
579711147
3550976426
1840752691
3347335183
1333151083
3766561110
2057644861
842486702
785419866
3758877069
1584330291
510709388
2329674280
2411860928
81986603
4184701450
4108815315
3121307444
3769719767
903195315
1825563693
2490020535
537580868
2703135883
1265028158
1148722680
4105129213
2818635467
1535610021
386697149
2438830247
3324679972
4135215448
2815941507
604597298
1685549585
1885392792
2201580474
1274874013
497833109
304197203
4089891690
2749240873
4039627796
1337921778
3298353735
929922275
3387501027
154903818
644099551
223083939
1092332886
4106893240
308200667
3080953193
2793818683
3204746528
2866356602
1419606154
1059824485
3813691367
3181911316
4171540265
654744693
3219333270
628162813
2382854976
833663526
288680270
201145589
596768648
1077941284
3025603216
2531392260
3027021866
2713792093
4069219199
413108487
3537997093
3769883713
3921308140
2182787386
956199934
2709899883
1818149615
2331215061
3280630039
2111366911
1946746740
2273243459
787323915
2132979962
4251622729
3910481826
2946490288
1054752123
1135330640
1957101271
3222899087
3688295857
3243121229
139249421
3217039077
3100745364
289042044
409061760
1404654537
825125731
587209068
3695451264
3615148775
208601155
2234863510
3082143889
2778288861
4056430877
195041178
43323213
3249709518
501328497
3983799541
1768328445
1201211224
874243494
1833890016
3665607276
1785326227
767884263
3374780711
361920611
2225314581
3373689432
1775092909
2298469693
3463365444
246382003
3658231672
3282879561
619372590
1901794543
1518141227
3631038790
3745291892
3862081971
3464920672
995899474
2803555478
3846482571
2797377023
4012223805
1201732792
1035260989
4078553611
3258763074
3613175608
1392073477
958229291
892180665
616527326
2078532395
3359569910
3002087454
4008911787
2719288575
162158067
3373739568