3075333421
896856955
1455902913
2435268371
1124177588
2555549679
592156514
2261129997
3591830890
147326916
3205284388
3283074277
988879233
1120821023
995442425
3086877084
1063111587
1537364570
494633431
535221995
2182976135
392988894
1938720553
2859943461
2880683207
1606929456
2657406958
1388773179
2665853393
4076818209
3477421552
87465001
1667092899
741152690
483124415
988345380
1040226221
1468933616
1007009617
1992929719
3715350852
2500012590
4017272157
1398582038
2191230023
1155014466
1095929418
1943902171
1022335495
2028990140
3099999379
1304672699
2327141350
312809332
1455734289
1689371222
4258176604
890981542
2521441676
2033865139
1877937847
375974140
515941682
859908767
2280500916
2527310835
3009417308
1832446780
1310152327
2909995203
2998922388
1656155629
3651574535
2244897066
344093178
2376398127
4035900792
930165948
1288962787
2194715505
1349895341
3967404968
103002924
449037029
3093012954
753975562
728836426
1058759669
