1118352682
600406398
3848936674
4082155924
1275631041
929509
58079539
1169031931
1324442806
2819179530
375539372
2920891705
3657128459
1843714974
1546071481
2369681350
2215937512
13008091
3682535140
1544754097
1200249818
279718027
3616602072
1047413866
497261269
772475549
1030086359
825248960
2697469452
829090045
4149103578
1884393548
3911122548
4098023586
116170398
2062235954
4189479251
3758885880
1652601399
2633039442
1217252879
1062555888
602396781
1988751244
1083980638
591569393
3099665755
3640667720
392894708
3312466156
780587146
892320999
3270980465
2794635967
2777765073
90575904
3354067855
2621687359
1300335079
2301303303
3571728960
1164348089
3704759191
4231449781
882323417
1281611909
3724121277
1089775693
3582184522
1208612382
2107358677
3998985452
2427394450
2672755417
1418877845
2023960709
3984176375
699507058
2658519315
2232638787
1570200453
2442450252
2579723749
1482230498
2652764315
2572642040
3961436449
3590137185
1501592323
3544601