2814008191
3159231380
290212467
1197163138
2206608817
2536353071
1593746198
2128051152
2124891978
1153406835
2509271035
3959397099
3644976694
1151189301
4195854228
3395433128
2553961123
4265430742
1882797785
2783708345
2792685973
2065325772
1538647579
1209223772
3943532529
2026684608
2580068153
3594725427
2407596156
2720462800
3244622766
1561971133
887690514
2529453926
1462821289
3126640809
1538702042
4170172065
968515929
3735027867
2917769929
3528570935
2487432501
407715990
910047654
1057979835
873764141
3193438123
1586861667
731266597
610701863
1399867240
3080912552
3046472811
1544709895
148029429
3839765928
3791501074
2493284805
3811787878
2000223434
3026056858
1284798834
66328088
2424685643
1435833960
4015695185
3487088085
1502793294
486902257
3663572245
3649857976
548755253
3883795406
3128858636
3121381342
1080683776
2372056895
925717357
1615245723
2210749553
2924639916
1830892844
910060083
3268818263
3702571764
1342594885
3123746328
655857636
622255702
2870673694
1736520593
1162324886
491541926
1125034591
1328052590
933927800
3319828909
2858947482
2560329499
3867483381
4244781466
2964308639
266405015
837880698
1445191747
2212896626
3028288
262040793
173110978
337737071
348483048
934694292
2365978652
544009436
79354083
2806461010
3856325968
1619782455
2617723093
398814095
575836139
3199238210
4142966648
4195787768
