430970429
3600382601
2395470456
866619361
2533786329
1138920209
3010679773
3182581473
2088634254
3084203979
268120001
1434709938
617796372
2799520139
163529336
2293498965
2035890649
789644856
2923916708
1137262223
356215051
3783407957
1340119151
3160301370
3708763345
208027011
3558687453
105561373
3925965078
177001475
3881684493
2810446224
4094559303
2487404686
1139857986
2867222420
469106841
1561664413
833914029
3911767040
3674225274
2630543473
3497310237
4066929839
3221213804
530616883
1407483987
3974313515
1518196153
560482884
2949934258
3294890848
143573355
2397055682
1324091089
2336619317
3337756566
1219410325
227063403
