4010232151
3849823298
2149722079
1831466599
1143766329
3941922513
2353787615
755775314
1666889299
295687354
1965945279
1879426142
2924974006
2377287296
4116780566
131013167
3436572523
3515728177
2436164811
4054999690
871662055
2574948385
3655740148
2246337381
2737352048
1628881315
2801333555
2828284219
769703743
675870313
1168606017
3332719880
4291670341
2283717167
2579644834
133068575
1010320401
3154457419
1754090044
2160096697
3389523466
4008522771
3615163752
3309126006
2397314052
2394466526
2325495543
1947135066
3245711221
2816308448
1869700610
2975665839
1320882670
3214497039
4251877796
390641715
2566770212
64928953
2379738307
3485019587
3384855034
3868506279
2517095566
1505108630
3394471338
1126587520
4108012946
889843368
246272374
1343208884
2728412244
3528091912
1233232607
1507693025
3558772538
669217092
573430369
877236227
2604533185
1041897891
3532837839
1225627863
1080534145
354773035
74986049
1077946138
3908522818
647184223
4190123690
473684262
2222574117
299179051
1011380546
264782479
2816766249
1077511859
521664617
3238616950
2473522541
1719189335
1820981781
4064664388
1702366956
2776898076
2037197310
3581262571
1835139293
1431042817
2003855641
951854729
