3354060879
413031704
1221044463
3648565412
2946479669
3776530440
722843368
1222454198
2446517524
3509857715
681739534
4200727224
3076287569
1779548503
2835678961
657659185
579273506
3383502928
2359793046
3709179193
4131982749
4001259659
2403416015
3307420730
2566159966
1820058991
1023490603
1364671223
2788419530
1661677696
4119494032
791296452
3745745488
2179187385
3621958151
3223728982
3282858581
4177516501
375439865
2807727666
2572094165
1036497105
2565886818
3035135174
3339517623
2249154880
945590055
1395544303
3223035074
639068721
3877577143
3173634958
3008248572
1668267739
2173826671
2899114031
176075389
3406753447
1939239571
4130073596
3092371602
837075047
3525173450
117048079
3643745464
1369305
519853071
2722654231
1143662726
3869327018
2779089905
814094262
4190145671
3565618983
3027484794
1180624230
13563683
4025507482
1639310191
3022456718
1183307071
402548278
3969899646
2959876578
431087923
600502446
595028384
928646870
300773806
2123979761
815599725
3019635704
2580943842
1641136839
4236242038
1537292766
1660922374
1369905502
1883062795
884048062
232750250
3946665427
3843354986
813786236
3774523553
4254877108
2524206908
3493978688
491921169
622702460
807729179
75155596
2882188770
3076461324
2765062966
1924865395
1478810847
1474605173
