2608556404
3840430816
3199109860
2805214355
3840613799
2502376958
820629396
3909548150
338972829
4053583647
3605682862
1534502392
1582210486
266973852
2609075041
1741211832
2243892099
2018157739
2314914496
1209136818
377609706
2733542548
970816536
1424946869
353541725
3792423317
2304256026
424494175
2912832899
4094007735
1742052074
1305849396
2653449711
1953209770
442098658
2936220319
3780080038
1629711862
3971573292
470153170
3992343349
2186246294
310766128
1603015066
1886533087
3892760963
93612634
3704303314
3197379974
944311483
241960422
3641533361
1465322020
1245320534
1681838604
1816589183
3911680209
3660325823
3456220015
3821637715
2732593269
2417216505
3544793834
909916920
1541804084
3816649691
1067538991
3493286083
621831135
995898712
1894590671
1614714251
1318717026
2633563209
3113987257
569432010
548115641
3140670941
1235533926
1827507106
1379448871
1950769252
3619915874
34082121
1464002383
3433165637
270928553
3716192965
2201526434
1313794854
1283550398
2409077096
2349833164
743789657
219788000
517228714
3359811260
2554804053
3319935066
1813839241
2914514741
1708765822
4101812384
1293932988
532504936
168586322
447095854
1153882848
619783777
2653714473
153502072
3759440718
2623632543
2436032441
1996356700
1854507476
1879816650
1551190018
1097708009
2981424219
4015024537
940349611
912884276
1144768301
1423131760
3636828360
3046986156
3387145134
2050676621
3527314793
501811487
3535719574
1676727805
2687714798
4245946885
1276334477
1178692363
3342631965
3449067673
2812257990
3995310289
1375021144
1868182706
3765382014
599305034
3689535584
1296884060
2891318997
2262582451
651008300
2308061846
2319445523
1264582762
2778171258
3841146142
3652370396
2057105944
33835407
224826484
3940514653
3045890493
4083718988
2279292185
2305602479
1541598947
2749522016
1730087121
2868328357
1511948599
1492423275
2706365744
641210473
437717832
652397529
2956864738
3853964609
3939613567
3523208154
4071844362
1393285543
2639700785
363504130
396109955
91603579
887009365
3801762958
4265625659
3268585793