2045647998
3206674818
4141768865
2096650354
877957616
371541272
1359310128
3573641618
1695690413
2760808015
1757316527
1468270979
2478055662
2637214545
3481773206
2085976741
1682022284
971095520
2397081912
2392164940
3073115207
638529468
604935829
1415455273
172729329
1187620238
1613172907
2231625980
3757809032
895088889
844254439
2398482521
768412114
3408922479
680743389
2881159258
4083222958
3349227042
1292412174
4182390467
2303420833
1923994718
403365332
1275088852
2206348355
2113032958
27491631
1954096742
2445070734
108745617
734854711
2935277724
2351035425
3900119070
4053115998
1986084392
1608466145
195380517
3673213904
3770193083
1692430875
2444689234
3953441962
849530882
234068827
3066821173
3831203287
473897616
860939746
2858590623
2897360426
3951039648
1906461272
3200636817
2964787492
3516767243
2720392558
761082680
2060252821
109144860
4222782907
2577144396
3982705386
423869661
2042463552
3894251982
399556061
3301890175
120331255
2014421543
2308373261
1202569418
4137577451
3261576038
2266428574
3610375866
2678377941
1494457684
2265137716
1791490928
3875957650
833189327
337614291
2948179015
562028868
53117231
1917031993
4234546948
4273666255
33520106
1319229687
2967157462
1186068800
3064090054
2162727766
1912144865
3141784488
3577442525
3620259185
1002005786
2881966137
944354359
57686428
1718428161
2988107857
1559162209
3087998036
1861251831
1187964771
3667597399
4195697455
2377668545
886692649
1036008869
3424756092
1180542052
626668946
4035554786
1542716091
3334135459
347550613
3035763055
2933713120
734957906
1951067282
3082760405
261836258
2832323214
40859398
1828631675
2852659545
2279613925
2049834891
1640844914
2034208124
3155973940
3242951537
3649987016
1610081114
78753042
2647899640
2319978447
1470947373
235592803
818544249
384655095
803261180
1690839741
2697018365
4088097020
1060223205
99811333
1746681458
1144710866
2244184748
420060175
2346650854
161386367
4265600493
2834790850