4073624959
1346584781
2942521547
3046871781
772668975
280822708
2265966039
1919836216
1711680696
3082095864
3197647481
2483432625
1848249514
3734300656
4151724773
2034348960
2919307720
1414845013
3742771906
4199160137
4089015752
15541376
2091638635
3380610482
271996339
668240082
3502160877
1200985317
2062388404
2093142555
3595191380
2348445180
2188458823
1507711370
3136600662
403401060
1822807016
1529676871
2465996098
1416755912
3657068953
2008502271
4187358
348245531
2157096789
2124802541
68090883
1394026669
1814483843
1070242628
1567301453
710966843
3312100819
2006304828
541943716
3493470499
104568649
1230075782
795483499
1400637908
1451069020
3460371457
2798441237
2691578051
287913822
524994409
1067381149
3587111642
3724223568
3170766388
2028438524
1739235279
2452650723
427799299
1890483139
3591962328
3295287509
66228421
2630006171
3659896671
178303309
1664385230
70761405
3054536666
1615051137
728356533
3058187456
3552785474
2139229467
2333046770
2390356153
488627449
1330830081
3098709344
3402638537
3024916759
2531216824
2151646395
1183042539
3260819059
3220893242
4177515207
998182042
648813330
2588031873
2239529035
262303323
2084533652
1311986537
1751376520
382609621
2141357923
3033943548
1237391647
474921738
1747736109
836205032
1061078449
4057163726
244777177
163349419
3614094709
892366148
104134193
1782008489
842410206
74380148
1423786548
668225222
2831935746
3111307266
517779245
1754514503
342131670
1091286831
2772378228
2971984623
2079916369
3158615611
2435681108
2970054625
983617919
2510271473
2563342877
1871741631
2517935207
376339798
3199005824
2772579789
2978784215
3978013489
2447185771
2138864896
1247174647
1967405207
2334408674
598370711
860376114
2646249449
1785911994
1185858725
309873124
3073030738
1587077029
2818287830
3954003905
3032158799
3117206196
2900087616
1572148244
2018604590
294243093
1023271597
2875628178
141886130
1124345547
2705243646
1720307793
2601046676
600392282
758106650
2907098233
870181983
2589346403
3711798844
2326696088
1490470865
2668690311
1772547399
3589653423
1529047183
2082793254
765723101
3386539894
4224393195
2948018350
1901304222
888448829
1599135836
3034848291
2874447189
3057321397
106639780
2185587006
1441420241
1949362670
3397665090
1767741739
3077187287
3633708989