2332936955
189486095
3967545335
752811501
3598153060
3958718624
1468050216
754085965
3070109426
952782079
2940602192
1049382478
1573628567
3857756394
639009305
2611671418
115720253
969508734
4231691610
116419533
250622923
2071227772
3379540905
5961778
426431476
1027631778
1431895767
1011404146
3116932414
2280431495
1060911338
2384520857
513694196
1194811775
1303110998
187387368
144647733
1964672504
3955594666
2507268566
4035102770
1110088902
3031057814
4141196807
2670571235
2119553884
1262117965
3036850282
751462173
1177565495
279872338
1494826388
845528665
18708576
4030359929
1569827476
65483436
2900708182
3359975051
1280918247
2793683973
1130615859
4132334218
3112985962
3320847281
1077857345
2872323390
2509699999
1545155906
3677081569
1783574620
1947045844
3305423643
4178846259
1797594064
3258228824
3113526008
4027139361
4257387569
4179089193
3133885478
381398911
3636989056
1872354232
2741890321
3066710245
2087775494
591728420
3438722083
3673623979
1235579759
2938262670
1839596737
3189223005
135881196
831829957
754734187
1132745695
4122218929
207483955
2148150802
801696659
3892238692
3414790222
1287596398
525366034
3009446775
