729497274
3600264373
483438112
233192282
3335293615
975484791
2052903826
190368706
3437548645
3448386250
3241969828
2066316565
3278213858
507123085
1247961428
3556665805
2037514514
2262210451
3535014910
3605045602
1876989406
2332876254
3776548104
3493738691
4292375921
1721330824
878915566
2215687310
3193529058
89541491
3873140002
2866188847
2560582441
641010528
1296474062
3794305994
2480035539
299029556
1851622209
861438099
3771804198
849905763
1044215558
106795445
1200976390
4078440944
2779867535
416733479
2362625436
1254877791
3868508021
870115211
1855506914
1698965010
1255921963
1947947421
1271233825
1888180561
1731522950
4245103559
494798368
3713636243
4088774504
3497235184
4284280826
644217233
1877865844
3194918097
2328473559
1657855761
1007865212
630249367
893964231
417405869
2288505687
1916635631
317522894
1913189420
