189037473
950473001
3214693770
1420126196
1612894639
1787292858
597962398
213988161
2412112536
2517617870
1049796723
2410702006
577492202
4192545351
678029960
1422354971
1976315583
3503904014
3560480607
1302181416
1572340284
4059367204
747017369
630126908
635488968
2059597338
3626195500
3364049687
1004288554
4117808217
16904460
2214989335
2782870476
2364440410
2343491063
337989072
272621675
3663914596
3738739243
53726921
3478669260
130226113
2527861159
4006831335
3140652468
430037791
2281326825
2986694144
1171046617
2525755884
3868366483
4124717205
3860293907
2250921178
3904929556
1270403702
1230296714
584208914
1685706805
1633757969
853775140
2662321951
1855736304
3552666940
2862696684
2513607312
1603630022
2530148225
2400671044
2212870660
2735211406
1139515419
1366242291
1305272095
886306265
213315319
2645029534
3738670494
3548474099
3474339963
877226028
3780351867
2259467971
1580544962
1892736323
587465785
3180126243
1508746238
3088359308
792810121
3775536348
1533368793
1916553275
2574888408
1920320287
3817484668
1868171839
3150448011
2363979651
2774847573
685794412
1601274829
2901723925
2647793915
2125550377
1200665222
112117133
1944319725