589972069
3036315580
2836096486
1949357393
1640650276
2239557837
1271167148
2597824245
2939870660
1031311751
3194618916
1724776747
1584671392
4242519088
2338028042
4205936694
2545433568
2372303793
2061549828
9926745
596115223
1725013986
53253824
1737873662
2661877999
1011355619
1695646416
607808254
4141531513
461374455
1273609609
2353457589
2951558249
2722123268
318346063
889705136
1054212667
3300303474
3416459495
3974062335
214038953
1083101148
3553338406
3022183922
4113043551
1167396686
109295486
2813355742
1726430049
4183677065
440791650
4152815324
457829431
2764128143
3249232730
2725763243
4264061214
3882827913
1004481530
2520732983
3679674029
1784402071
2434282336
164205842
676316768
3876449074
961172591
3105031014
900974999
2902953317
3650247433
2731584859
2666400708
2757795312
3975301358
1296051399
1151249113
258293073
2507098221
3020045090
3788640370
3679712528
2064492935
3093137601
2039944744
2901205604
1929745044
576623488
2810340526
760947677
215896119
1859817691
1634591362
2231151228
2755991856
284861043
3094214444
3713009748
4275480709
1018601959
159233381
2559397616
2266131457
612383119
1424858677
1165125554
3233732992
2360448781
4014919077
875644323
3962762102
1291641997
3784549873
1116578994
3264049479
1321127615
3793958621
3034080738
