2436048243
1319644861
939013169
3548681495
323783300
123161633
408042432
3140459353
1874671590
1343539398
1476117697
1850993049
2880830288
626202900
845176624
267756277
1291909564
3313841244
3695601538
1665058230
1683377843
3581624035
806092884
704734798
3857547663
1639619589
2555483425
437700852
610584708
4023532694
3040535802
4150670781
3513171600
4121509606
2811418268
2368932193
2317751548
2897763897
2687181248
2553552702
999336497
56501272
4199268044
1005873711
1990488979
103688583
2000148010
2235381775
1583691114
884987487
2714227975
736020531
1521658111
786680244
2637689737
2793349427
1887206541
829295254
1452981460
17416470
704018626
751380809
1015674128
4046431483
1276222766
4258081762
3729935098
663461822
2036893477
