380224037
63634841
2889708631
3904380937
1160844256
193229573
2999065141
2672986657
1491071376
1129834126
3234672971
987018372
1207195114
209365518
3181434907
525027583
2719360486
4116287503
3699749167
911723004
3032658332
1005690994
1081303810
1605903365
3029119536
1723001187
1351031743
415420503
4217520790
3494551790
4272050477
1026743005
3740626538
940943835
3636215147
494858452
551642039
4047198702
1340237277
3258791659
1549076652
1011526635
2412278288
402116972
2750522988
1021387572
3537915119
1643268186
273718685
2370680825
750142945
895822068
1376532371
2800017596
492595393
1080168091
2852354290
760619613
2437267582
338014842
2428481273
3740202473
3556729497
1591655594
763340706
3103717385
1790249991
3750222492
3874514351
3139631611
2842880584
388566630
4169158424
1772704148
1843811251
1577682917
4126075841
3826819177
2319803183
66001753
2180609078
3370945136
2702505917
3941637435
3716443112
3623045846
1065123573
3786131634
3722841917
366155498
510718976
1299700597
2322544504
2870197231
818364609
4131099884
1749250776
3082911466
1772289834
3907977010
1054891559
1263373689
927153467
4076894659
2045518718
2903525567
2292126952
3991729086
1847893121
674760011
566447346
1964679254
1675430608
3942967475
455382702
2687881639
1429553246
2068177339
2210287658
2003218431
1610336329
1825849365
2081628415
1941912686
3799750925
2365570989
1489113472
4213860860
4101989209
2100450652
2722079085
3822705193
867456018
3029456903
2705699131
1662064786
2373281351
3207137138
3800126009
2265552318
1616360395
1427992251
343962208
858622136
1454831365
2131938702
2623155955
2942887639
3340430182
3180958795
2967804955
3694526961
1030822208
3052126220
3322204032
2050899455
1844406009
3169792543
2022005367
3173567120
531642207
3509196705
3360025985
2473922753
350088394
3318785001
3453313192
4082482718
2239374814
1804435011
20788815
2016388942
3906474277
1302522723
2932282195
502324396
3644203203
3947157337
1015059573