712044303
2952716026
3916149123
381264825
321642626
1289032425
2723956526
1605718339
4101864062
1192351537
1554336894
3249684008
2269258685
3872634530
302856860
225788949
2352847165
962819122
1380142233
1048495727
887771580
3469302145
1162258987
1212995055
578327331
3966477486
3129891165
2093113204
738769965
3433277669
151549186
1266506151
935848002
2694543609
34723457
2034403797
976352971
4155575664
2512353298
719569065
431744955
1217754767
2154645608
3889710053
3711372823
1917104437
3456411405
3241610300
2048840006
2202797316
1658839224
3733878323
3878467836
886109423
2535634018
2405114100
2260052421
1580067221
45322025
695232271
1818033334
2004652158
3262106307
735385808
2479717766
584883088
1958577443
2194699871
1475098949
3977199693
252397432
2186203296
4199885484
2608657409
3427310710
2076145807
2498364043
4072919068
1911206601
3762655027
2899475558
1847987425
570792599
1374223472
3298734035
3884198966
2523980842
3283123941
3372941531
2717365992
1911659254
2193197604
643356018
841394610
2379331461
3491724033
3774565551
535381758
2720407817
307516996
3917652906
1010251046
3232446215
3910537109
2319304207
3279420229
2594652828
1591402951
1637229920
2801499722
3608936886
2636253705
2456314801
1594304047
3925126755
3315611723
515635485
2694003655
960791424
2492805641
2420158173
3334359735
3672826806
2182626157
150352375
