317152590
4104861710
2803192686
3612516408
3546898779
1424067343
2232406655
3643311388
2027341983
1143086242
72282656
2643223793
2599984001
2083424709
2462839457
401026442
755458042
4224063808
2549709582
3923464548
3555858778
1075550418
3998241075
3797646246
1480924533
4084936313
3898452660
2130905759
3794671319
3248039987
3167824826
745141024
1313629691
2724291375
4200431952
381682543
967560067
274807229
477453421
656562882
562027340
1378905028
2097801433
1434268954
1236185736
676169854
3315701965
4202170420
961338917
1797776892
1104399249
4050534510
4117944711
