2558209482
264878456
674126475
2141209580
1662811315
1394457554
3456036498
1257479777
4136668657
3923343879
2612002194
3461337834
961310793
4069131489
2049957829
3978110373
4009356131
4199374369
2945662152
480479086
2432223849
3557705137
2229864650
2605928305
390327976
123276601
2157881574
9099477
2523400987
130488018
2359797666
2408362316
1501697740
469061979
876021454
3928902976
267294766
912302098
2132269616
985666220
570839621
659677429
2207842403
1050770877
3715868073
3960893799
2158827946
78916558
1249826939
3993969563
2784935006
2609960876
3185120909
4018274890
145041169
4115790754
2332638057
2862246276
3825201765
3432584646
1531252135
4079974007
1730123168
628026589
2015808545
3400157159
3583175014
2425054545
3278164993
2564821269
3569447729
2604328719
2132306732
662364120
3862693772
782279314
4134030775
3875763166
1331299932
2549054311
3820177617
386733293
2934706228
674716031
3643211272
2197830452
4283944991
1926575074
418683761
784831814
1284509355
3596772487
1471517540
1067685488
3602953784
3668824362
1171585407
817129818
858229674
3113680170