3035398418
2345123832
2899957981
1669838039
1735565079
859117091
629212873
3259936943
2051826630
1127658282
410410919
2358393370
3001558299
318416087
3524499425
2143802820
1737777060
1730366571
2350349822
2978653121
3612301067
3588836574
1869503696
3411463138
1663357335
3982460650
2355322842
1265912047
3819332319
2422741954
3908107168
2738264826
2296764317
4161700735
3917760439
1354103449
316725630
456943870
3650098748
3961367273
3602862673
2035769947
2343343838
1159653739
2126048863
978052951
3072116920
3010741185
2325010062
2582239338
2262947236
3899437142
752638154
3013430674
1751228643
418967555
3361979537
340885296
44684823
2793340202
708651749
1367981698
4115877572
1760027082
3545101339
1841637264
2202723262
3899519285
2313525522
3263046359
