1605732792
1496096415
2770574542
2273255572
2376849138
2810911407
2510497687
3825391358
3793082689
2880143146
2747841923
3548813496
2713263606
3892569594
791866335
2379172689
3165857506
1261087961
3784079816
3026509305
3259084115
4181728876
3513213793
2455552362
2094055318
782495069
3569441189
553291028
234354079
2895794356
1082703154
3462985130
3983398555
4048448533
1999122026
343893936
2767686163
4265926894
507060431
3643627929
3285976009
2566313388
1689259996
3109649364
2067327470
4082314374
2959534840
2289532921
3237857627
1730763844
316276387
3021284679
4261596740
3064937708
1928023534
1842136
305812297
230582237
128041345
2981614054
666492630
2849587642
4294378086
435382563
2768655077
4218781586
3884392453
2525588879
3909477569
1557491105
1422577431
2838836580
3328473356
3937885683
2178914740
3338363371
2067783874
2370169539
3961502860
3617674826
1585087484
2988656509
1724814036
584502860
2961546822
1061490319
3494613104
4287840887
3366085130
3696908223
2392830791
3775985961
3941737730
82162348
1174691101
1706401862
1867613785
986808005
3550362901
1655731128
2456355888
2027227498
1384304002
2047118361
2298881232
407172775
1596511362
2956116745
806116855
168220080
4106499818
1874373448
52645810
2888189125
3215964274
2480642008
4286657773
3143781197
703922054
1914734346
1476169534
2839870311
3850416730
1655315615
486519457
3005012521
1615880991
1898101492
3704686162
357968906
3284164199
4057992660
3311774369
1229767838
882396370
1112098573
4016518382
728478518
2489850620
1466695071
1037115673
2405637280
2894089694
4003874540
821362843
984724591
3689221986
2410375264
3928869862
1273484016
1602225938
303713165
3093495893
1597992693
3809683337
1017500137
3278281013
764257274
1845079496
3574480392
2136923292
3961348104
1031421933
2787903409
1813046112
1043421544
4279489539
787407505
340459740
2047755307
210793646
2192027504
3457825919
3697426453
2430754356
2465915557
1791514052
1950084705
259656234
1569584754
3377195266
255886202
1141159304
1250285292
2253161145
630393536
3931462307
3063559885
883538916
1165663927
268414826
87949850
166840896
424715848
87534269
3337822874
738299956
2130285962
106548319
3028086922
2844517135
607052147
4097958639
1330980799
2891418623
4013906133
384837313
212479564
3831406848
3186091809
2583902618
31316500
3074184856
1835991621
1215762903
975302321
2645575066
2835828174
3574941515
1327566798
2166148061
1559332644
823759063
696252100
2215968972
807462872
620434000
411471082
211246176
2572759262
3937565468
1449318402
1769934463
3298792537
2707357315
500404931
1982646219
3200816688
2458861864
267952750
3042101435
1827302402
2983133493
664478759
2956954005
2618058020
77935753
2341048671
1868279545
748699835
3175969689
2781216842
3974085582
3658460248
1042675415
313932821
1766848720
1447723252
2781129656
2015934911
3926948850
331566979
3903680845
2298692079
1249244958
2270348079
283521759
3027530332
1406225350
2884716985
1806240900
3844400421
2760144849
2452740182
3329622345
1960145440
1689877525
1245520747
2337834717
3014813502
1004605058
488882221
4283283220
4038903000
1488198922
2437140939
2609889782
1792940189
2629646190
1712023840
275775254
1961374835
1926483195
4212218312
405606063
3339696489
1422475190
2170934839
2212068935