1014113224
2751677611
420405292
646842499
2093910121
3022904875
38990922
2752525909
342328012
1039777416
644629910
2073565122
2207700004
3000311759
3895950246
3591496834
1487667482
989748772
3397056477
968502558
3408199832
895998847
1951814923
362202633
3827056960
2454255652
848585052
2580485590
64096008
3971274922
3481293786
3639386990
784508247
2993258492
682438330
706917588
1185130021
2344575108
3072228497
2588450761
383909922
1969645009
892680236
1151503841
2414107375
1527871158
3353117929
3007037199
3204852287
3754369638
2573082510
1355929368
1812688006
57794781
2509400872
1303855950
2854923142
3380629016
776817835
1747305523
2868105541
3722137034
1918771026
1681020159
1312774245
3607054561
2985776588
712773140
2928446739
3683378756
3531095885
4249060394
655307103
2524328958
2746515635
1763801514
3286675555
1459160857
3358478563
2357714423
3739536964
2405676110
3319288396
469456541
2464425415
3867897404
466260444
4244849488
2442347153
3776138478
2713940455
3038388609
3352652580
698219490
1102745945
2675819402
2499187362
1346143498
1778869866
1398089994
2546335550
