234885054
978585936
4273523470
80154233
904654161
4182946350
4170468138
2746936633
2380846040
1273936204
3671829946
2045060514
2420371915
2871617425
3122489776
379013085
774288079
2068813319
969755770
3440169204
523249622
1571281497
4181191023
3947470331
930765748
1407149516
1907707512
3680495252
2243309886
3436468493
462404306
3738390273
1578904619
2018277661
4219618859
2874304224
464549207
847541865
1039685263
2683849107
2264168583
1543734131
2029460092
1634470861
483818507
1384958916
663242621
1286840587
4234376644
3954054688
2883243209
550486378
3947229857
3479862432
249089468
1243623461
2569300879
1713800671
2309042508
2213016203
3627133667
1468306222
3461818645
2631996680
3566744833
3471011440
2509340658
1509366057
3381429572
2729896071
2071942878
3833654869
3822464849
1686546134
3921101632
3593401879
467783564
817311176
1920983620
656738085
2112201452
2036094804
2639417520
3736007032
1095294654
2891913536
1498102508
581194881
1595371315
1941647420
649536673
2352516518
715301499
936441774
84320235
1742371926
475132830
981393294
1007288764
2213478247
2400793666
2663180170
888297824
2218319194
953916306
2368323464
1423529564
2657889406
2195649339
2149830773
1774766664
1303630435
697727327
3602997904
1703447987
125155925
1828992910
2429445552
574098092
3974048756
3609554788
1153321176
2057777364
2104186981
4273978329
3709074161
195534721
68633251
42166450
3245293128
907241664
4045904041
3495522528
3934376303
1637324802
4274043197
221195111
2112703405
2123075328
2552810905
3850438874
2736453612
2662286372
783444221
2837775590
3360098162
1578341911
1704787421
1527086477
2033149525
648468389
762415519
841138896
3020364004
2902911453
3375986699
1375902066
464707998
2889199012
2177513837
346683319
1976381014
1141618915
200584280
2716613181
376881462
1857865344
3108243721
2574985504
3720629526
3128898908
3162303981
2900648752
4016584360
1158160671
3860413057
3112696724
2203483874
1109249386
3535516615
1773544955
1648681542
4139571999
3691859021
3482642572
780339810
2458036612