43601779
3317401950
60427541
2396465856
642694669
2777144056
2459419513
2461674949
2258443525
12952861
59760310
458637613
828525736
327896824
951410233
316926491
2223499350
3565325008
3464776146
2903184412
354507305
3908852446
1489477896
3806288047
548685541
3220600993
1169414819
3204462727
2514527841
1817266873
1440808746
2029176269
1624001847
2498105951
3272397739
1036647182
2391095957
2024020169
531910188
1421496818
3895374586
960081649
4097033183
1004930962
2360187611
3917569599
3802411032
3345746183
975229574
1485867217
956155116
160461415
3799551698
238075067
4040782775
2228529264
2098127820
1117523338
2966864628
468960247
677585556
2739941052
590427835
3484952785
1091864644
1489832729
3594053558
2983874449
1969933577
3892943769
3800695631
1253759573
1369997651
2191654005
740518083
3789985704
119166929
4122264177
3324913923
3113918887
4216618147
1991001211
2755495708
3990262058
157591439
671549995
3121959594
992056023
58908484
841151298
790954492
1673321791
3331101359
1290961600
2045260290
699127348
523219841
459352762
1340867251
369091633
4024699633
576046879
2078351872
1003705588
4256963948
4087524259
2665542080
4262150353
3185536997
3864229263
3095715893
1367212470
3825648923
1977276191
1617953033
933701723
3908006312
3416452185
1723039426
673048076
3666630449
271977522
2423636629
184251235
2644953589
800455481
2109190870
753606852
3859317597
1490776765
1345745152
1108244063
2660657494
3594084105
2789870883
450730407
1601448634
839314762
1774056041
3279426924
1682370433
2171286028
1244212330
2613225017
4000577857
1110260972
3333499660
962764035
2358752921
2507538319
3294678661
2571339461
1149297747
3355107908
3056101481
431674518
1508893855
2382628718
908900848
2545069840
3435249288
1666247034
3470475281
1147856984
2961679655
96093526
2741684792
1709971620
2875475474
2175975678
692162161
3009588992
2762007548
2349871360
265463750
284871130
3540395495
3592592351
7780814
3101340657
342737140
1228208424
3213643888
465673707
1004384997
1847989718
2343181611
864145783
3067703037
1254425154
496222326
3512240677
3430305321
2486296250
2338531731
2819340401
3581365576
3957253982
4006463436
1531403506
4083874379
1399908804
1721908721
4035458477
1276086428
3375483209
2440849701
3308136459
778815110
1875388998
3009483253
2374608272
3426372096
307990723
1693837877
1378156023
660904456
4160560144
3644945459
1852836531
3548710347
1715660850
3699536714
1916459758
140799427
1713953457
295848256
2319344373
3725512141
4280305064
277192305
2994218629
1822008786
2463404648
3872722051
326028360
2519055927
4090734779
3419776342
4279195703
2486855952
311990690
1002311677
1711736367
3928322856
3963110301
1816906326
1570823873
1806990264
731143798
425516163
4198014844
415856570
1735938285
3638099064
318458342
102684782
314781778
3313653660
4140583132
2721078262
1731895126
682460194
2597415983
4069188859
3365220445
3487132993
430179804
2717129854
552457615
778892357
1050757992
1010912871
1763124601
466157934
428618012
735973240
3789029858
876163655
2947341070
942853889
1747254938
165556530
1398099478
2192044141
944879551
1768736504
1593455586
1239388437
3995764735
853582734
2852311323
1589812494
1874773201
1466210345
1260669954
3132987846
2093228592
2444208048
928083508
1655385544
3714593292
3238527701
1718738274
3569892078
2144971421
2252446629
4148502652
1942044357
1950805737
290965733
1311198041
3682223964
4033205607
2616985412
1957786563
2781960289
3088983472
2822987402
2160546776
3768422786
439107182
3695888362
488147410
1628550043
2615185692
1189600088
1713303505
604291797
3332253981
3840607102
4148906610
514621332
643415828
1383594039
980093151
3459229378
881203535
2663130353
13631384
1522132408
1576492899
2644466189
3598463406
2144895368
4078434405
2520286828
3676561804
3034284033
2100077418
210604623
1971280481
1588956141
1710119619
3841010628
2048584927
4232751158
2913013270
1988230737
3746554751
334977469
1258414347
4010616032
647191703
638069107
1194998662
3240415697
1622464130
2133986497
1663090044
557654826
3894902557
2792696930
2436815485
3858219071
986793475
1770112819
731450184
1532418041
2484539251
1982437906
1167238131
3980204319
3996951000
1480273248
1386948605
894859351
359295260
824414178
3937887582
2249081856
2784663495
2702517323
2717049980
126105710
2977647775
2083649190
3986516509
777550318
747423635
4137253384
3519754226
3271542960
3246325064
2840551763
804370937
69257381
4112186715
2108792320
3231172841
1341895586
621560696
3330182236
1385526497
1229396836
2096776517
2047774649
1005968451
3640980720
1825398536
1121254919
331888447
315789635
1144451315
950509170
1770980301
2778492988
3242834258
335019132
1767359491
2711843233
753916541
2114970418
4102442026
504828210
523381355
1985084184
1532992157
2486582201
1083730423
4251608067
81607267
3969538771
2505462550
1675567530
3909430440
4273658862
2426481591
2044540635
653447602
3150666674
2805552099
3696191841
1042937124
447590626
2332916162
4022221678
2448466504
3709469755
2402340612
2721972539
2353363913
3693916692
1676655957
3571139526
1291092354
836594537
2985576923
3676520066
2008354215
2311896080
1714986205
4122154960
4026076140
2296786384
3174699048
2677030043
1750569068
1920656019
251486113
1201912163
3071991544
3655670374
3671714604
607441492
3543876136
1093028538
41703635
1777557796
497283041
1535649588
230937821
103543986
4207054563
870945375
639331475
1775110631
2973933183
3962299949
2989235098
1285179897
1358118864
3949291887
1441006284
4096956697
4117813919
2122635035
3533360970
903491473
8200332
2864270706
2397581929
1570245158
2940026767
3052930632
386038191
3537247373
3926105296
3473747077
39706170
1162916033
3926576293
3784288687
2462552785
19351261
2970322208
1682839936
4000575054
1349477596
4089428969
3663786907
191648231
1354921205
633695878
4069119872
178961001
3723876082
1846834107
1254627350
3782827106
3542059053
831567051
1609048401
2188674595
4131568221
1573426720
160659924
629623583
2527874152
1528253138
1043800719
1644134764
4028382741
907284495
486315193
3971057885
1206363335
866437486
3785007068
3375951156
2438922925
2284232831
4253965041
596637551
1256535232
2868916325
1781934249
710498365
544265087
3021816007
329293195
1046730339
3699973926
3671916617
85492154
1010517703
769411332
3633842512
2662175457
570688861
2172502296
1246543961
840755943
65958331
4009023383
1722256227
2284696944
118350059
3495946894
2417975381
2932669524
647711541
1391251072
4210409690
3302254696
1450394278
2237313522
1303585036
4028601168
2581265171
3623261516
3170442132
4261677364
4093332464
2206686760
2195887269
3977222727
2634955818
3168552469
3495647090
3984058504
3957182964
331803361
3146385667
690870677
436761270
698713248
1835719697
4134988501
2264617825
1051570146
2499541382