3142767489
3927890006
1402083487
2416125911
3290839691
3883312109
1400439216
176476103
3020987621
3378180904
4101633177
30685928
607472664
1150624766
728848755
1374197057
2064316644
3458529551
2919016821
3075062863
1597327776
1818832787
100819507
3021080577
1787883376
1096592302
3321921889
770954963
261990728
475269916
3215295439
2443773341
703496646
4171833231
4293506676
1185208791
4196259448
3968343047
2518639976
4001597682
1506221967
2557889948
3363336256
2198961007
3203515725
3832273320
2641560208
3271167967
1318985073
3845600217
2651513679
1717874889
2942972199
3819242468
2969364734
1940574130
3520496954
3967578903
1685607558
2664556503
911246108
2367623609
3082557308
1953332802
470434530
4052723924
3230206776
3385267459
3633951045
4066600277
2333546770
3013768495
1499860144
1772056187
1700589421
1713781787
2976486499
1903283764
624411061
1476748361
777301439
2349092100
3381487865
2095873352
1602066212
3704651358
166344828
383402514
