774868495
3102664024
3041683406
2716039363
818373791
1589560109
945011329
3117752488
1606602273
3482602973
925392459
2064612885
2312605475
2495745807
3564920426
750207536
3011565206
1175035609
1827102344
4012719132
4073499666
50569733
2401837995
2944382794
2436340740
1469021327
4043186275
1930948682
3675925944
3162608690
2187227467
3386570395
1610196560
537872371
3502755574
2881927426
354544120
1009466340
1965479822
2101168716
3425763006
2651355184
4132702014
3005917792
3705883912
653238274
3215714362
1808844586
860930562
2372144551
1962519038
3193024505
4044388808
3766561377
3383290457
2858632967
3135703871
3441540497
1009137403
2794944570
280811832
3634090091
1094464232
4194332142
3177328009
1225688121
1249428191
4180762337
2638690276
4008688587
2501904822
322428
4070881524
1645629199
471972820
1829836873
2281831356
138207847
2447608882
2896650141
2596873164
3815479465
1308286020
2944063690
380413793
1194700026
2969594764
1412837835
3978882489
3475736528
3329708956
661945136
2969051611
1522236212
2858283256
