204150770
435303441
1085374963
451445687
3061708111
4213464315
2444862517
595049109
3870776818
3986551616
1905328130
2513304364
2854560916
3483578050
468700493
2660127576
3111814948
3286424340
2318117624
3602249010
1059884973
111722675
2856155489
2336036052
1221955825
484951014
918787611
2055043306
640847609
3921228143
2094462841
1697404688
66679177
1358790941
348242746
2286916682
4183061993
3279971733
968765088
4042190913
3596318452
3428783208
1774818174
890099709
1407468675
2477985001
658010745
606715668
2706634555
1622299464
1571925638
4109542382
1816962945
2016441875
1865873729
3071275916
529068886
731824862
765019075
612935842
402670083
1007929195
1248412396
3649535607
3948710225
1286028752
2331697674
275153707
2481694803
1169669522
1053032875
3122163549
1711742356
1938645936
3070283526
3482921399
580831727
2285257181
3051852854
119770245
1919347261
3426656038
2897488058
1568863788
1093312303
4081550296
3928382459
1255043617
372594637
1329458289
2151170487
4177495031
503995317
703882264
2801200296
1376669719
3936162785
4268574215
1585414115
1681414554
3700782691
1452690180
2959538787
4037181661
1174772860
4143477117
2114677005
2800653211
701444264
3223105453
4150915598
1071096521
3317959418
3536109486
1172107289
2796021148
3873039318
222396440
2912967820
2900777414
902540945
224560668
946165205
493856712
1761582952
1581391624
3463851656
3120053516
2614821392
1698492384
3803276741
3263923097
1649352017
725044334
997602658
2927904150
1288909850
3105879347
2695400820
647092334
2770132671
2289770559
3164857374
3384280446
1918821620
2948422709
424955353
3310028276
2262435256
2376992697
2855572151
2989037625
605841701
3031903483
85816418
4173806461
1763077979
2576159666
2946591106
1617156571
2935412209
1297896590
3015640942
910645679
2500665328
2975767412
757059348
4053410868
3174329073
3779055701
1090469241
45847120
3727128799
3870443305
3831972443
2130837166
4174840405
314745053
839284171
2187536434
3078528185
2507013938
2069052022
3354789080
4267093128
3475748483
1477108224
219739056
1688994297
1087568318
1871228886
4238730881
1842816460
3102749693
2000219525
360970554
657488693
2156177566
2208256915
3863739508
755830065
3986813793
512295641
1320925817
4077311584
3011018542
119885330
394259552
2344373048
3196638724
3094108399
1725440365
3937379863
523336648
278757369
4145586909
1018938657
3427078329
4190601334
3777882047
4094340847
2388601108
1716303162
237887897
401641225
657989542
3241855715
4099027332
643539733
1655306233
2315534432
2442607635
2451564893
169636332
1102734209
499857409
2237403383
112710099
2128721423
3211082337
2936110986
3228934918
2165941527
1731441835
1473357115
2505665226
422029538