47791446
1698825781
143876892
3129505777
1032601859
1348603921
1375753420
2596005475
1538847547
1238704530
217891067
3048554768
2850451195
2218287437
3539634318
2268513797
1525263759
4102152192
4196290940
1423508045
122496203
1081726456
2124087715
427242913
1176882101
2502160123
245921021
622231092
145217618
3355242555
1297028108
3856221652
1726927718
1454882123
3400182065
315460447
2558363169
557507980
3466722551
1386939195
3910431471
3850365163
2163064777
2356248778
3384130142
3523376673
1425675101
1060298836
1960368796
1671847016
1945411428
467629313
3577452420
331534855
1249063726
1479543624
4017622704
2826383966
1322565368
110576048
758997473
4000020921
871435049
3610422506
1777021130
1501463725
4172022337
2518302941
1995323537
160097236
4174310634
3413271329
1176598258
1137402417
411587086
861992229
2542146671
2131493924
2853601804
3668567965
1712734583
3464371932
1301925719
4013352210
3918606523
1703306721
1113356655
4235475528
2890712102
236976166
2760392098
3485388803
2964231188
3023249149
1470908146
258273526
2358873651
3207098344
46948086
3708339444
3996177191
1198408351
262538997
2324066529
1371126886
768364075
150197764
69611244
5951153
2668756399
259703214
612343814
2784904088
2415611431
4168273597
3960980921
3689654050
1891996523
3237365224
3170037069
3410012289
1600435047
2148564
277890429
623085462
2250560329
2178802980
1260427074
2316800329
1879362872
1799219280
1776208196
1741572188
342375386
1981183060
3759644699
2961356671
1625440913
1205330228
2749497637
2788394666
1291690550
2756722961
527548330
884425921
1422019458
2825421042
927665300
1593282174
358127587
335845923
2974507635
2495528326
2536154636
1634775666
3762376358
189285374
4252231468
2014765834
2298774975
3567949776
4106047348
778351597
3218522408
1108225786
1785774689
3639206452
2261167971
2062848551
2541669656
3717119552
200596734
1389128768
2920518243
756992170
3573912737
470803647
4291448702
1565484499
2400963207
3555220192
2608894127
2708071818
1748195891
1063809537
1288557177
2760121490
175363609
2299544991
1266008664
1379924824
3991700392
939581690
2124928900
497135143
3192068497
1879467232
4247380327
433660216
1168818444
207376633
2521880377
1147031939
3467882834
306077028
1374834842
3629039741
956022471
673724851
741733756
1712821445
738637397
2539611167
1840150804
2294748360
1826833824
2296311629
3985397948
332751367
1659936753