3426784632
1955922152
2745433309
3415980609
3809853165
2955443452
1017226294
451646201
2411946176
2190564941
2987745937
4141882979
4103143037
2321439445
2270681877
1532777580
1561588297
952329460
2518814893
4175368655
3281349552
664938060
3297267343
1124962576
746666212
2117808254
4024015750
3427207836
3990187568
1021160299
48032850
3288568047
1497696102
1916563630
540378957
2118745037
2017011523
3646178196
1584281457
85394876
3817043712
1555428816
3456215766
3382216729
1586236064
645788181
1877227861
2770959624
3239928784
2262110958
1512975543
2310807048
2029896135
2179656227
1183967150
2546735785
349696895
3304596122
3448251448
405270851
983364078
2435936996
3702700576
3466882437
2966031234
1995433708
1238570375
433473848
778450861
4052659908
2382541787
1574266449
3558655380
2395997461
2148082862
4058714485
3750199021
3858366413
2837039982
3308400084
3793280145
1562926126
72281582
135392807
1538720368
2090625867
189513986
3418301771
3769053344
3640961486
3236994710
2426271033
281140757
706182343
4136549675
1105424256
4270069129
3775635081
1750244137
1054780601
3321864920
1520966489
3838743176
1243078538
2796220937
3582712375
1926152784
2426669325
348039980
