3114922596
188603260
3470360386
765580406
1562605424
4225444646
303931668
4172466858
2524631680
3951637092
1756240069
196041519
6314357
3822096289
2100756729
2819189312
1032882047
2421775184
2188870635
863360516
1300879747
324685284
4121827776
1250516903
3466466758
1753967916
1814135946
2364268767
1610544102
1267941498
3878169224
1355637390
1212853414
3139241112
3489033977
2491228139
2656771602
3756992853
512144906
3953174944
2582413610
2581453859
311187605
3809039089
3292812480
270738202
312788638
563533209
1900686034
2617771842
3765040951
1805839908
1732158494
3333327564
2602711556
207074511
133026013
1745126847
2679702533
3916572075
3363401936
2605678235
662682322
3522708328
837170809
3614290177
3648745363
2710894212
996868535
3476246359
2389938022
1927410719
1921216798
3869915122
1456227506
2670052824
17607369
4284398460
2968696970
823952413
259495212
3050925865
419137571
11290211
3037894237
2217749286
2144183408
2569628938
101944839
64636191
1506776947
1660608268
846546927
2913596124
1861144354
3145868198
913533471
3884546189
1195453460
492721781
1605456302
2523116802
2063262785
3781604479
2412509318
3395829482
2273045785
352247494
1557877684
116593935
3211051384
2231022868
1254533233