3448945572
311170211
1520325819
1128074840
1960318547
377705592
2573593326
2883012535
2044046592
1984960704
144668396
4103167619
4261679232
46263957
3138080245
2524189189
2126538068
3822633864
1544175278
1010472206
257852226
4026420209
1922509604
3802489848
4165551294
2779645393
2542631475
1828779909
3785797701
3157791338
4021727282
2407084529
3235707660
366728282
465861617
929611217
1898170391
2856493590
830655948
2898559658
31284688
1783252752
1495662611
351073048
233799190
2058341254
2976351581
794646217
2099587810
778343587
2001811970
3735903899
1893077345
1621386072
1431734033
1923571740
3523211743
3078754740
37404590
456750918
1051884550
3648580014
1435599554
1088103402
1273444841
2559853558
1886820232
936607782
1732311980
808888496
1392532076
3416926812
146659560
4116622969
847018091
3193266626
2407089338
2204856433
4090355147
3890300079
334596768
2902276558
2823166248
2936695946
2284867439
2987181238
1826826379
558168048
578887429
1523808978
889206086
930724521
2200277479
2647274853
3422679649
546234440
2559565602
3997510186
3626887361
3998096570
968225475
170258879
2856065632
3328735889
2937869895
3208930217
1613516120
1207978117
606469636
1353031795
400343647
3955157987
3930950383
3469922708
256244458
1651322052
2744363590
1956118317
1378570059
3704126729
2110588955
3592845945
2299171556
395179523
2747261612
3299511481
2980367902
429492824
1176993132
3519389767
1284275703
334053229
4002350746
2717342309
1024755049
3140120431
3462755580
2914130943
2649704866
2437273293
251203470
2509855049
4283565485
1861818487
2896809176
4103277601
4175592799
4220447627
1206519904
1937949792
180503910
2451931157
4055824124
1855819536
2550376449
2706784432
4132265189
3068341666
678092235
650004485
871119058
94826198
214240817
3481130135
3605166914
549904069
1720179250
804078670
2069188373
3233180123
1195328272
2284229038
995780781
3920767434
2765493546