1766429461
3740839281
664202804
256008056
2518100257
1140544974
4053904872
1021718739
3894233219
1934268773
2241392813
864548816
180109250
648348681
3019666087
926773076
1877952039
2199039668
1914796559
2225899656
1154272858
3135984278
4042276127
1010109797
2928825794
476718246
3332084507
562635802
2551789228
3706495390
3946616854
1839124648
1043141796
227367411
96131014
3463027367
2021875796
589320135
2756623778
3751542177
4116319006
949205128
1732596054
1446734211
1390175972
2308108117
3870089594
3798705682
3710740427
2360799070
1738873642
4089115510
2352453084
1180461665
3720215385
282244930
299796137
1117798237
534012596
3846090083
1293429054
1470460857
2018274944
132206387
101705830
2457807422
1638529356
356672969
3702132234
3690651835
1443929196
3926527090
1748884315
2886652745
836799005
3682450100
206485297
3467365416
2831792052
1378896470
842895758
612437633
1402407895
3975416580
2645415190
4081723554
15726858
1181944083
3506028522
2639194073
2980495833
4231754524
660968312
2327553806
188446921
