3006273045
2132336008
79350668
2351381736
1934818715
2555944956
2401361170
3182441654
4011976744
1120205087
1763329563
3782084270
653179094
4064759517
3266664265
3232452162
1781790435
48013405
1072767922
343672019
2423717782
3207600057
1663798096
2986463838
3644743679
1840007770
561491150
1426033500
2300219374
2902915089
1006593265
1698935517
436529142
1230545148
3447718059
575728532
2304581446
3168925117
3006080479
569105569
891606611
3893661805
2352822612
2215387073
901949683
4016498848
2668657768
2065565652
1991309941
2002360544
1494892370
3175369067
1637712308
