4209509702
2754657116
2222554718
2064557636
1838388633
1473918430
2917961149
4286993197
1941662396
3278994887
2600975528
1755069720
1400674566
1296006996
914122912
347718817
609844128
2249978159
910695963
512833420
1821303523
939967025
1326567555
356636242
4049750613
332691557
2400141310
4246228746
2514647908
3791529401
322229051
489517350
1112628024
1453297392
2089886357
3551484854
1588085876
844619710
3825696341
2345107790
1137900884
366092829
1734901368
354400106
2963249303
182329792
3639279880
1908510654
592398521
973231173
2145967014
4025806185
531370259
