2246046693
2916552165
1510489015
3380794755
3960082747
3672979862
3018552398
2356449644
3842336714
3308697627
2778487596
946245907
2499578566
70266160
468382455
114777799
2752914484
2396841633
734294210
2959948849
206739057
3480336819
2950676737
1240683313
1976894402
199633474
3053121886
79946783
736388825
1877462270
1533822123
1659053007
1259196059
3693965850
2534592670
2495778916
4158660818
2507871228
1903952013
1716402996
3496776184
2842366956
3122219718
3269714419
3365158265
3998946012
1459038834
1421924617
359849997
519843088
2721731415
1552669678
3580694514
2645447952
1617431364
4020354826
2585488142
3526725198
2844237416
198390561
1149263867
2764096286
2232840005
726188154
4051513633
1250866658
1359526861
499728261
225123690
3427358627
1491477616
356084144
2101416477
3352094946
1536072874
1739379999
1629082317
192559033
2504845683
3644910405
1499306716
1440036690
751012726
4221190810
1762888010
3402437167
2909542960
3265716891
1897835575
2553905159
1178714501
890978201
3075310725
1287651576
891501270
987778548
3405667484
1167028618
3716373489
2360863975
2602115507
4237317881
2116463581
1805303529
2521864770
2217336896
2216942859
1868213769
3813431481
2237963492
1348765440
3361712830
3536797370
227002560
312537288
1055508625
3496746490
3008862196
4148586094
3661367059
1183713019
3312546
879952480
3191083864
3926781819
1359071834
142894055
4157328170
2533111543
3921838371
1263067119
1449551233
3939153530
867172765
2556633372
469096333
523868575
70532758
4168481286
2629195758
764101559
3588604496
2605273468
2139664163
2833680703
3260225401
2420093712
4146049507
807638334
2290516070
1566558720
2709810508
3281605262
89289837
2748348651
3237538045
718148891
1440359248
1410043413
4122647561
38847071
3383320069
1952846365
390025974
513295114
3784808309
2011423019
39860497
2500041964