1611892608
2387294421
776851031
899469384
1721428905
2560897994
3093834755
2762764720
1498053247
2205591854
1278018401
3205486500
711238093
918595395
3452302464
4103633163
3071570452
1828868140
2805052449
3591298712
3522350976
3125469586
4131964771
3796938460
1378491869
1290381405
1748436767
3442965751
1897284110
2125755907
558900187
2143381273
2072677694
1530929366
3085873983
2186136140
554283203
460884425
3965074700
1750366869
3508018372
2733047315
2368005156
2751237081
469971525
3115310566
451377240
1163772057
1632101370
2075803974
3194976057
3312927245
704939237
3714717175
4080237773
1165414819
3033425851
752791946
843632704
2796916475
576645037
33327617
3608708901
3369402779
1032407976
4206439593
2138728893
4166177910
2179684729
941546377
2481451990
940102459
3592701824
2516017548
3711769449
2802471255
3303313305
1571108152
1652728897
3494774811
1414401326
2021221055
1287291604
2742455101
3901036658
2408585961
739041873
2706417769
486676332
2487515426
4225588812
2045189679
690037017
2385956942
4221849253
235119122
2283489892
3590904447
3177248309
990500965
3774018056
2572851848
873554080
1379824865
3967198833
137700998
2890929149
3486579684
288970454
1237274998
1293019348
4185583760
1245030624
1033365957
3766434056
3870246234
1791022042
2123510916
2570875017
1971856014
805332628
1291174756
1149547776
871450579
2673211318
1291834011
774301363
989997055
811895389
546286861
3848414075
3834388180
1965149847
1095511332
3035352920
340206841
3199109249
1521745642
671874020
511500504
941454876
3943846186
2151713782
497878602
132165526
2281844747
585115376
104051644
3172702143
3763344448
2131350624
3026191051
190264646
2354588151
1521688221
2203556392
2896151939
2169313340
3059750847
224996489
2952357073
2522262569
1505306085
57542703
3947840001
3980713896
4056506058
1292279491
3268592426
11471279
4013796324
1759493700
534826011
1425866916
2305027239
3995745522
3086361687
2717634550
2841259550
1043278177
3661143672
1346638957
3227989211
4183592893
2461184767
918547348
3705023602
107252150
1005805262
922256107
4235177211
2706797759
2105399304
462696161
2735642572
4044294781
293642672
2856139595
1698824601
266898628
1662319403
2118562702
4290337785
1979403356
3525835720
2740023879
889108869
3709520727
866801924
2255661734
2477440230
1958758035
1496365601
597032493
1904610135
103295123
861862226
93562357
3774996092
598499394
74471905
1944408793
3637147368
607223853
1059816484
4223463176
1008064444
3078741149
1369242305
3888790364
3163991264
177847646
3632772934
3871256046
2954460178
1074339552
2033597014
4071898859
3947402744
3340946109
554546398
4290679189
2941845212
2606506204
1355905547
2624645342
2485874773
3859296687
2020658902
3436107451
4200355004
1095186520
2260260416
3761943404
3681794069
316261404
3763304073
2953617923
1807117552
601103976
667316716
1170471254
491862691
2399127539
2157092087
2460105951
1255539797
392837586
2592277611
662999456
2604051446
1189743458
3285138155
1108483620
4104840678
1457802395
354799689
2345961882
865029491
2665964539
3945191046
3939421860
3665311356
3919082608
3803998679
2450476358
808439840
3055641303
349747634
1432456228
3887590415
119707786
2543992501
1317911609
1940682252
2239323354
2513815341
715060366
4245799125
747655525
2423340896
2494500659
521405494
120279076
4175855615
3454485446
259853300
1219424099
1450250045
2612974525
2847236891
1500269815
2591291528
2407744915
1468859322
479423312
574339064
3660847570
3527579189
3819081806
613373162
1687696712
2196523798
2354861296
2028685613
3162613111
2624839317
2682974362
1986383461
2436688291
180494629
262362544
1961223692
2636997831
3476481886
1604091729
2130988095
4252322471
1010969207
3243851474
3541472046
1550806976
2074149941
37611802
2142356938
1785903595
2081287882
1144914920
3309806750
3493905745
4226296661
1045296183
3003886505
2373541778
2723927312
1160583013
700611885
4083102805
3543518860
2508952986
72205285
2188824521
2598016110
455582272
291156674
2764205435
2362061259
1352101565
1340545636
4121217743
3098532961
2761956429
2626923696
2197418401
2265485289
2939729045
2503912841
3340684311
2528828582
1427359089
3827231593
4044889561
2433833258
1400722799
2493041921
1297493963
2592298312
195192112
971451539
2289725255
3476640145
3731831669
4021995724
1546735560
4244940560
1270536463
2554602736
1647579302
431407177
3417331543
828360133
3858296995
63644252
3731767080
3104560704
2128067756
271533422
2791722266
1768699942
3232863721
1476064397
175517326
4205843912
4031139755
2380115578
3115770513
2125579947
3397698492
3389369907
1667037469
481472857
3086790006
1815552059
2220631376
2974848771
2591668930
3013274266
1275634687
1796104227
4133332074
2481328629
3050088477
2358131296
3611866797
815348646
712535849
43909154
3431740932
3662885252
4155046020
1031705699
1798169880
425410249
997365864
2322051771
1129748046
2639083211
996453221
3438329988
3757289458
2049389438
860051471
1111165688
2280820995
1483583090
326755903
1031554680
1769280077
1561398549
3829359045
3409792715
3686787420
2595678531
65130431
763222444
1647281204
3224789367
3442973935
1544992711
3835617493
3451559698
2867667723
4119514925
2486059000
4206736532
2075957214
1919713010
770698485
636806782
1118175898
3623289324
675735638
1903711104
3660559179
1140008226
2156793436
1080021549
195810708
4112314095
1739075409
4283058101
4266378318
2657659927
1949393912
2321185792
3233904771
1730505658
3637546468
1901292593
3334935143
4089373631
464795041
830978084
2427038018
1162906130
111937114
1099696087
3840337523
3962269589
2559845357
1204360131
3086165922
3570456618
2799995570
3245114639
4077405779
4091104104
907314601
2684681978
694902873
2829112507
1561660542
1913631077
3806793931
1953079993
1518416206