3583744400
2325254332
457986014
3105129394
2061701269
1492964000
884655510
2555008327
2347963095
1029062493
1467425547
3488644352
2987616630
216132437
327544779
2566453425
1723963152
3568193675
485528028
3078337206
1407287386
3968596524
192310709
2931909819
2977855865
1685306839
398557514
3811566041
3876992566
3994585009
2813036720
3044798925
2428051955
2803797814
460057250
3845958075
3665805563
2880997018
3558689371
1904226118
176042534
938390805
3501364502
1317930052
1056905847
1375566546
1705930032
518146204
810819001
3856759422
627156581
2977715856
748739505
733026278
3243918374
1899497936
3630925549
1920227068
