1024740557
827208913
2005972280
2583860527
635492978
3765817083
1123391726
2744266601
3443902117
2751998882
841771611
625142796
150197794
2157192798
948230323
126596314
1039128905
1344516495
2289593470
2399919727
2711534386
901945019
1566578026
146298738
1749200396
3459361136
2820169713
1250536550
2936383737
3682869253
3472502296
1422665158
886686000
1319312017
3815497001
3744231254
2645664939
1954129986
2130050420
3035524897
1237925780
1765761709
253271371
2889966577
305423355
2259399365
692797850
1080846326
2220917807
3309485990
3265243322
1867936042
3302853977
3414869086
492341488
3572053430
526198858
3514830564
4004958947
363459274
2860906834
1436547321
1602425616
2258920793
2030582522
4044368658
2417276746
3759188419
3336127965
4142723583
3077013157
1541889160
3682726783
1320809426
659842157
191003139
3875554416
1024416623
3702386180
735832028
1676669713
703871759
2628954704
1964885001
2717193116
970213206
2192318052
3214991048
3460691174
1885928007
3554098622
1758332058
2713358453
2444681005
3367507617
3489061391
261340650
1699958871
3339846347
2329489026
1364928286
3410666015
13962192
1491186387
3593200213
1799381246
2134447104
2905403326
1787380062
956414626
2971767965
27895186
1011898184
3798987874
2222130935
3301501661
3948360157
4291494609
975500378
664111274
4063777428
4249570986
3778300690
233271666
3009842049
1749888686
1978635805
3222847691
4199443838
1152112744
1725740511
2732873825
1413914321
1509718770
718092704
3017659108
3772136679
1758440197
1398996523
4241387724
3732709468
2166012090
3586296337
2709348732
2594084541
1362609100
319026845
2663032997
1392552104
3011642537
3119158096
558689446
3618555265
546412734
787059582
758851184
405708857
842522862
59602765
2761007107
2014703090
3889174032
131047542
691840873
3537943087
2629435806
358153644
3790600653
3017686009
1629087148
2001587552
1797955267
3144259219
3553359194
863223250
4196927411
2011640102
2641980919
486399052
1670248461
1313881643
1284277869
3531319279
3799459665
3090377934
75134925
1245761911