4003870183
3946819900
3564263928
2820679772
110171472
313352548
2127030884
575905859
31452338
160948031
549179757
114755940
3354800343
3397157778
3307870597
1752686692
2257689924
3839603059
847478860
279863098
3516921058
4143511490
4121875815
2089705016
1471892799
2100710189
3883632560
3651104687
1914991441
3516094603
2702807187
892006524
1496468353
2756605029
2976998369
1846368047
1194054676
2587032461
198389993
49361469
39038673
537565906
1730896672
3731553948
1886965108
1542186610
2784052113
209295845
3663849169
3530061487
654534033
2045982309
3134722153
1572719234
3884010085
1844231393
4129761017
4091705283
3712393892
519350577
4037698102
4126279628
3842975149
3819563428
3684719314
1831556083
77511807
1034860405
589767474
3873538979
2583093905
88552388
472826617
3177003591
1827047835
3574378933
4008903001
1190576866
1011236532
2666780156
1516615829
803138249
2924414754
2679197083
1387261046
3517263349
