1097593008
1198311818
911595022
421227885
2446026687
434825420
4150289616
816160706
1687826130
678770513
951166974
1658452043
1897541050
1959627288
3830327463
1922359508
1973998817
193661161
248040570
2141892575
2769002728
3467104078
501172370
2286397857
1373094437
3034523263
1016582517
4199365354
3922511594
718880036
3389584026
2440496458
1461601428
1105179356
3961676363
4144370774
2301321280
2506317522
3208640282
2552681771
2617819198
2166376255
2563657705
2529267421
4292126214
2835468548
4078191989
785467884
3942508716
136734776
1729868409
1033534942
916312150
3629594698
2619492276
384824576
725757006
949828665
4083220397
1853099115
3090764030
1187743434
429147568
1006436848
3649274769
530265144
2583191908
3265659484
1988502666
2540135041
572921349
508752952
2258960282
2775233785
2329597799
783671168
2397229555
2344737831
928887574
838207798
1783586197
2965830348
1249168410
1217033744
1963908668
1089446176
2224792703
2580432344
3136596425
3020873898
1600661744
2963669852
252983215
3561619271
3612556036
890944278
245440452
1297342067
