2819417188
4243667140
1735961283
225996658
2625323781
915245959
1708410228
861969005
3787466169
3558344850
1793174697
2551235475
2278876416
3853288037
1567476567
2909995534
2531349519
1690067077
528423910
3104422711
242734434
891238727
3239948506
3175908054
1640724632
63323788
2232034059
1919748923
2569609548
1670793960
3160699776
383260980
1380752789
292006455
3493712335
701253006
1869251142
2347465485
633083072
2289246736
2918414652
933944870
2475755114
2236041447
2419537269
33649006
3788592901
4077945485
737388167
948759828
3104763029
610668033
3885856642
2572030589
1316521132
3726661618
3404373906
799355790
2004509650
2155139284
3537924468
707152969
2813522445
937353482
2664295863
2521307020
3882682468
2790075266
3522640846
1419573611
4094234186
956946801
117675378
3706196564
3015265236
1492815161
2292767810
1550375691
3982207348
794816577
1737030285
2610614797
1491478034
288066882
888216272
3552474226
2928464189
151431212
3578617984
4181446543
2503424734
