302454661
751379326
1147907188
1943375833
1729615474
1293344914
1116631624
2410397547
433095631
2907776516
2071986620
2974043082
236156917
985067470
2967124216
3792075956
1597704047
1691251732
1955130196
409762036
4212477093
357627864
3956877399
1637149976
1397806976
352213298
2939904491
84230460
1537019455
1690706408
755308884
4159107969
4182543243
1528094936
3195392798
3945054031
3212582330
2226928306
2898530807
592277215
2758160886
2622259773
3450011455
3460744718
2581352288
3926684540
3713430343
412289230
2625067124
2716667226
3324176330
1083779489
406256280
1220464127
3758299638
3543354662
3273962351
237408647
177854050
1772980023
4232187060
2820539100
349521372
3546010853
110442654
3485847262
3190087757
1695255696
2635467499
1167996854
3867634138
660517851
2533161541
3115144103
3416801958
2442311293
3291059490
1798366573
487612741
3051775308
238316061
255247640
2599157449
1490669836
25683617
2742377283
3263938119
4143720394
2823094043
3127645939
2339526983
1874694875
2827900337
252757493
2762880412
170306240
818393734
2397022781
2674524086
4206289803
2676663333
420161900
2674813790
834398447
3350939350
1202340803
2877944700
2029794278
1198037812
3755416143
2823477365
1464355366
171649365
3890640897
1661964604
2531871083
1433006906
3106861796
4023456618
2862673078
2533954020
1632985750
305137765
317856336
4121458477
