2920453673
3439354703
2595429368
3392409078
634642921
1440158067
2304603126
894351621
4154851535
3363979554
1579018692
4257722355
1784278059
4060796415
2329582173
1471682164
2794014914
1590348159
1907586401
2247771492
3532232770
3348273826
1974522737
3853740610
3308558019
600759312
2139288952
1794762877
2964177673
361191718
784518258
3075506050
4194505343
2600423114
3039514182
1885884110
2063585104
3730494071
3323194447
1212643264
2671944127
2615930483
3107052332
2231048111
3580530909
1838852376
3145167149
2384501160
1927322782
2723669409
3304551694
2636067965
2189731306
1630869876
1204678768
3349750242
4026036308
4006438126
4223779217
1386849169
3887957186
1252069205
767154313
1215528983
3885974216
2311032586
504608440
179740000
1634777742
624417915
414943744
524258360
3870101456
3288388507
98068798
2036935207
2786192079
2484874844
563615168
3515411631
638163335
517095379
3428704820
491022714
581387686
359643958
907750368
691699945
1788154266
2648091664
1934421696
2896710401
73341891
182623806
91265700
3246912554
1887366601
3819115835
3391640982
1219209249
1712210844
2853324938
287179904
2540318399
3673846388
1206744469
965912795
2999531603
592672728
2148941892
1638525728
623651175
3630911563
4289353836
1872153373
486395564
2898296
1470463946
2411456269
3099555235
3813200365
