378371016
3470469468
2768984345
2017568903
1440808059
4230984395
1224606154
487786533
2123396134
2438950215
1534590297
2259743679
105471090
734701264
1612402914
593142109
2336771532
3446036698
328649253
2437966986
463032941
3584468783
2796661061
842944492
828802071
3290012801
1555037879
2682079038
397670847
3198813198
3605494313
1189390066
2854797274
2448610661
2293617845
23989655
3321072728
1304926268
1668101588
4264822802
3021270167
1390716262
1687250156
1167594341
2810511467
2732799949
3196073312
2979368792
2759403809
3676451146
1132753515
2830031920
444465452
827599988
