4007862756
3086885856
1148069832
119195690
3784232577
3291942770
470967466
3420353099
3584868425
1242511684
1136209464
4075816542
2803800759
814112201
2359437345
447262119
1139150416
1867961653
3489153744
831877492
1483486623
929002853
2248318847
448182337
2445650267
25630879
488917901
1891953981
3892332294
1691139338
2134437860
3077782670
4233688700
3625296252
2219434868
2807308145
1933355411
3478582942
1738007320
371840781
2871265688
1541434145
3214356912
1894271800
3125951528
2479536015
656895805
3341157806
1927374346
4029299123
3672515263
2981194023
1403366903
3051893959
1369322944
1584220123
217903602
2924985192
2969595858
3291099853
2004353012
1514134548
3380094539
3562732607
3615024561
3238280663
2621130505
1846242778
895744163
3577966189
3694878501
65804516
453343443
548918124
1957381594
3648595328
2353562386
4223337248
3716723045
1494212623
3302411840
3011597662
2586690834
1525562455
1437018993
2228116771
382167173
3690968410
1968049335
477912378
2020598121
2149927521
3808208961
15515171
2780371965
1137281685
2032963433
1704204984
2663519488
2655622799
2468587048
3075139675
1685521762
4294109616
2118992336
2814324545
76818930
965774322
2646593720
3534535900
3740077007
1470040221
3850916148
1175578365
3566407436
1096656217
2933625001
1566616061
307723675
3585700373
3096979834
1167781449
3647990738
2524612126
1846679733
876137167
2122361530
191701065
3289897219
2740145775
397167135
2007283205
3815194360
3406498910
1531234280
3054603500
3727253650
2964307857
1866947854
2711886858
3726305310
3371332966
2961001476
3997152753
2981060488
234318142
2077709225
4201076954
1614717447
3989664373
3820831436
2219110139
3939274116
1780953562
2971663440
3374754855
858197547
1322230405
858214356
3479868960
170104825
3252755056
2884571027
3587922672
1278154302
1502605506
1953238331
1446233960
26433503
820358803
586998477