2519641098
672954542
218458500
347268468
2682833759
595149520
409719123
1287344888
170815806
2090348616
1848082941
3464234695
3918303771
1341447802
1298969120
901053671
2592260416
520260621
900531012
2803320008
58744330
161879826
3528183275
4191766797
1783157668
3352860537
470296293
2535774005
892749645
3582334789
2218748030
2420379043
88730859
3278429290
1863880605
156561155
1532307401
1140943802
3315376942
3187127690
720035077
3205644448
1749767133
317608353
2238662045
1203265044
3203453315
1364536794
4160710229
3627918547
4092305300
3136415714
1921410288
2851817642
1986847434
1279991952
2684839334
3617988336
3771910393
1054351109
1483415641
3365154626
3251043493
2547328362
2975964701
3258287022
738202342
4081920112
1473549408
2129348867
2984864925
129811680
2216504433
698128548
2016787432
1600460311
3265825813
914639375
2783365014
2543995813
4226261084
3210882792
1394400466
351705199
975698519
2471626528
404760551
2144320585
563582019
224866180
2517052119
4186848851
1244439434
3365026902
3250476040
1871561216
2579968789
1600071784
1668351877
2603127537
3812396648
886355637
1577301012
3193577965
2689300135
3642786739
3821756547
2870765942
1252992065
4055611257
1986783835
3602592561
4155358504
2247349071
2539541368
1895256117
2061851032
2722368752
2832032873
1042593724
3033281146
1666858265
4201997912
3340127734
2894730509
1706252935
3176502224
1609118481
152609966
3806894314
3935877996
394008347
2613395918
544565295
2080579308
2302470476
3330220130
1543952434
3173929775
2125955099
1818358798
3631494823
3021961848
30178205
2203150775
2357810987
2188996187
1709885946
38194410
2977719892
616232275
1999798726
2088034700
730091747
746288938