865012345
68015174
3874115458
1536367766
4133676511
2556583313
1875137778
3332099746
1750562481
2885434163
1357398908
2174884168
1676237910
542144942
1809655813
2078729881
810157195
915746564
2728990982
1134292295
245811814
1767992215
1130545904
3083927297
3531646034
3811232626
2836871984
3289848011
1784713515
1298927692
3380177749
4229719174
2110788152
164237382
2727815527
3580453362
2012348649
3894256818
3390356512
3962836951
1432909929
259905030
2152254849
1687578920
572412508
987541538
547575157
4067396996
752949354
3295511066
1715849751
183935160
1061539374
2484328958
1132257978
2649022119
2727500281
3551669286
942032495
2421041096
3612853222
2678803621
2073851680
3426239871
1777877171
665938131
880145839
1133958207
2886365486
908219643
3607931155
2010161216
1590896885
49892794
3530309730
1746419829
638361601
3146837138
1818325878
1498417388
53428983
2786154643
3372562077
1984785848
718507266
880639356
2548930135
328830147
369311581
214947198
1305632636
1975954171
2530726457
3938326731
3477413974
4156638975
972953031
1213798248
3275427537
136406599
2172576495
2398829228
2947989842
2408543968
2118807064
2612063387
594317884
95435512
1445305227
317076063
2163989297
4024121206
1138640822
1166721382
3024372255
3645910792
2579155628
2350952752
1786772863
3741064545
2240921552
944560256
1914802366
2161258399
3288733564
1500666191
829195222
3865278759
38494085
1903786724
526488635
1996849916
3464538858
3592781078
3354768545
3167322927
2652373029
3445942080
1948539199
2523165011
973686382
2062300711
1304978047
970173442
2453160802
3919774260
3551614548
3802136314
3611295858
20892073
1238610673
4149012259
1297807766
3732359375
147366133
401025987
1781076012
904024824
4094804746
2332626235
2155782740
1860084725
527531191
3320991305
3310440060
2220099872
1082732145
2916458039
963371188
2294372045
1505392532
3420542204
653802085
309485826
1157164647
3899709082
2008143072
3198218580
3857866063
16701965
1125220892
440227314
673673515
537141259
684345553
3945289772
3061412347
157070123
3792513957
255859330
982577626
3142731438
147712976
1537083963
941564018
3041490395
1203551318
157831478
1898366527
810422484
725826340
4224342596
3092773828
896588083
4212606057
2964659399
2151565444
3282468807
523041956
3923740645
1657720129
3275262223
1170279090
2317594480
59617357
2497580816
3428534224
1285410936
2179236288
2994756804
3215014543
1776767455
2935627456
582385331
815127200