3157778634
3298283999
2016107901
2811647698
2531646581
778083171
2356489409
2106495741
531324935
1610909193
2738902059
308817126
2623775587
920872566
3599396388
2039246274
2381175537
595105385
2975130184
24382999
1257819434
550821818
1039634212
1432888712
674186965
982751599
3469241759
3175755997
3515083765
2918560523
2989407326
2555621240
3378433359
3590305276
394297169
4069808768
1421686598
1971774176
2857418796
1421751325
2628350815
3894457767
230749947
117544242
3187886081
347464591
559369615
3267886169
2024842433
548626658
1243940126
1791827721
3946118131
2481556741
2573925653
1482027785
2358991893
2301439804
1948333316
2902250685
2217278574
327479919
80695415
3097714943
3295928802
3556052659
3571100983
105782160
3290284040
1898665731
584121566
780780934
1654913371
1029897567
3368917867
3058437505
1385039292
3925071675
2277432383
227392019
2597086406
1264564840
641099181
3728324324
