4138607052
2541976804
208223228
2485617309
101234751
1715778210
3133497095
1147586374
1320388086
1698244395
3325655722
4152785199
3161080009
4187981460
3054114313
4287572268
2515443361
2931692293
1875829636
1421864812
3502988648
3503307066
2345879045
601636849
974890321
3777124826
3528197238
2375138155
1990770875
1666754052
1345126874
123604172
1930885041
3409209093
917132839
1824259374
3687605030
3157577127
1221363180
492940780
1718891088
3000050270
1627097213
1008615560
2103527660
2783519775
573972629
2780433462
1632648347
3426510614
1700363388
185640880
3650296735
3300215482
1925398249
3308014190
202390121
1887112566
741804753
2196618983
3347959430
2108842487
4150816556
112484495
