507132078
1311764591
1209999139
2393299512
638713297
3011047331
1899602650
2306446895
3303929350
3208989437
3764526787
3566188708
2310471379
576933122
972451636
222574224
3549947567
2579292380
694711163
4091643970
703989637
2011774519
1475754680
2200871471
3393945550
1403805040
1628955142
780770515
2796460572
521129801
1847144998
1654710843
1169450881
2384140082
948638334
2443082091
868831838
2723171278
30076717
1742052273
2828766747
1968774728
454259481
3622495817
478246092
959810966
2960850823
2095801848
836370176
2225528820
1125230688
3707088205
801130335
3002490268
3864161124
552105839
44629448
3393837773
2499838163
907198641
3743602189
2245910408
