1712193400
4277818924
3232479984
3400883440
3590747348
2207498526
2380851068
3962534071
1128653769
3420943753
1226990160
800077898
354592087
4240076406
269142991
739259053
2758295729
20541259
357969153
3230779896
3736447279
2324345168
3577132794
928548796
2675461088
3611089383
2686798790
2682449384
3027610144
3061915344
2800583097
3241884610
2011488809
3690559070
923891812
2544450792
2397350729
2307757253
3739656369
2178040905
1056706987
1210597616
1240994460
1619350058
1071169440
3525229343
1109773328
3681415329
1098737878
3184175568
3099479276
3138614966
2488085335
2317493977
5840834
2486891935
3229568618
2194275798
1102130705
861189314
689213287
29896695
1256557063
2011370350
1684090193
2730057005
2095722493
3895955499
4070990924
3462070864
2589387999
4027442305
1050591991
399378781
28150184
2791236953
640744592
3494715395
2948389620
1001145532
1818337233
436134505
1501660154
1565619131
1414216500
160558214
2856350546
2667930115
2987761904
678966790
1737041939
2677238116
2403812671
2486258570
1012030549
4126147436
3156044920
3665422663
2359347540
910089396
1790943405
3906699592
1161192916
1000445825
2444225470
3466178094
909324377
1953235961
2484624319
