2877750450
3965115913
953485765
121435174
1199465829
1631626789
4030949326
2216000693
2633253125
905691603
3761648298
2884905803
1337804092
839312381
4220747159
4138560193
1085817185
4236516631
2717426819
1632801894
1825563997
452065816
2901748691
2762301640
198956462
3218603358
1409242764
3029898901
3025043971
2559451840
101058573
2412297010
3720926613
3460340749
3352873202
3905676667
22480169
2491676715
3328392988
42814742
564912437
2022545728
1530219401
142679493
1883420855
469102529
4184406335
3602625562
1091166786
1963319057
1628624809
1285073360
710799252
3785581369
2018183787
3559746531
294985184
3315519890
1013299021
2918828483
1130440657
3905893369
3538572585
3478464928
1049609153
1031495098
3912249902
453312144
3886746840
3256802078
4283373301
3279579079
3603419698
26462435
