1159969533
1357533322
485704421
3022475231
4225630419
1450268858
2709559979
3771506834
891693653
1246000893
2973828436
3616063440
2515849820
2422067903
2871502570
2573805538
675981783
2389644271
1354824592
647882168
4212259071
1038796351
2078456118
3338770854
2038692332
748768207
2493581428
3036854037
2171213882
362160272
178200152
3191100723
1075378520
2164592612
3008838418
2176728770
3000657727
3033082059
784423708
1676833810
670510885
1697798729
1992217150
1376569929
2285423688
2718274087
4031314341
2395357670
2281894842
244335237
1191959319
3081805392
531537220
3065641388
2828276120
2686397184
2429097133
281693263
243869168
772757140
