1663711659
3691873267
1809002488
569348642
2435260697
4135397489
2018247834
1515391778
3628580624
3015297422
1970559270
3465361246
722664751
283427336
4259701521
2196307752
4204403775
518288841
3204170493
3589207364
987811056
1340283190
1772514215
1147321665
1672537585
781408330
452129103
2261837847
1213086100
2136637668
3247943058
4245819207
4012942656
3199470913
1125135726
1233601822
2733615163
3846716641
1080431750
249857869
2001676873
2735930632
1702766975
1380553167
2906817562
1391451991
2425966947
2010064958
3976986461
967820860
1124761446
2639763286
3106174843
104829894
1253554090
1057508994
1289652623
1693075431
2770287639
1118810179
2398465485
148968490
1203251188
353274690
2693338085
399052798
1345200185
3284933586
910416563
1416813949
3698653145
3906265862
367517553
3398686153
2403918643
3050593543
4159531632
395571162
1610757198
2595332166
1360335066
1504969086
476291944
639189282
4160427489
2125271436
4086458576
1002054406
443526096
724813640
1878582825
1797357494
783920119
205788064
4181674994
1600210110
1889220495
32793894
1510684823
3022865303
1484030032
3889268743
2516246241
885863728
52754183
3800374127
2675059583
1368439400
3681049808
2361246074
165904853
1572289825
2348455213
2168570168
696254874
2986550582
904139707
807840448
138423934
3539649988
1212838924
903423868
2570943413
2766885153
1391726820
4013099565
507049513
2577122259
366681050
3897523723
2069641657
3007293024
791834519
1343706143
3372072027
1316882321
3957601477
3531364392
3967510588
1042872535
4054567309
3679063416
456664793
799924037
3350841602
626633192
216750361
2551402748
2739331251
2033293659
2842765078
1121551602
4080165435
3380168151
441097642
3342156773
1487730404
1329084400
2421171941
2009177615
609031685
4127443399
2894851796
1082401961
4203556502
172972487
3832726921
107477954
2292703606
2086762643
3198308798
3917518906
1107798465
2933184797
2568100117
975995187
1119740774
535933521
3177039133
309096616
1583057259
2408093038
4111207228
2577316513
41713092
2056145395
2475783744
1123898886
1985185737
4223240252
2918350462
798012177
1908126099
182436805
107587672
1357057057
3466197936
4236400470
874303521
1491306925
1139594175
4200639935
3483910000
2893230326
4230811235