138293730
233119203
342015687
2050030179
1957155891
1417806334
3386553328
2047124119
3023932931
3833095722
3572265619
4227123802
2305260405
932380359
220761067
872819730
3675057608
2529634404
2708516304
457415657
1843483832
1311780075
4278161608
3146476945
626820717
2855276738
1784664796
2258597854
3593291501
2626475209
1463688240
3903960045
399530442
2197422157
3918608270
890193830
2408224081
1761434251
2780978259
2222111687
697639059
3684591389
476176090
1833111112
422361087
2480499087
3450814361
788916918
1959178470
3328183906
1946599782
338104885
1138559270
1568689389
4216721554
3445526945
568239234
1250513899
2507390313
3346205635
1817688660
3970961041
4209536402
2998296100
1378565722
3251118771
3820672435
1164474378
3027155365
2028655918
3203475740
3976030141
1981320753
2304866972
3523853710
2472535741
3056546186
3594913959
2060841574
3578865589
4260390201
611864486
1411349151
1894921288
3146163715
3999900431
438596773
2542603480
3762411783
1754936266
1604910713
741635545
3080355924
1051750940
2307979133
3818318648
920817166
4129392664
508749892
2089080486
