3121483434
2702247282
1665649140
3113282550
1614141068
1407768472
3661667415
1351393337
1154043039
2745831330
3924191640
3371628965
144006387
3263972694
336561790
1881645837
1729270353
1525389428
739207157
4212775160
4201744997
2046902758
3148832528
3371539433
396383891
3693349934
456956796
2895433416
3412248344
3778742346
3336600481
2321324281
3882469669
3825233575
4075799415
2345408326
3848768464
2383268983
3871761082
273123580
275482882
1143214920
2296145142
4076689961
1492130949
986113413
982622566
1323349601
3455460795
844203492
1606485917
97740559
376072745
2541833806
3896887060
4029699474
944606664
560710493
190742501
3201237634
1904935932
3864324378
2967005016
3952063023
3319876545
3652835426
3248467979
4048129792
2416335062
4154679180
3262159510
422956886
2445706810
2247640360
221784624
2813425267
2914129291
1500855502
2661257444
2635607272
3806319094
3721292360
2837107277
3661398443
830673414
2663639422
544141857
2639326390
1785486194
2760411311
4018074518
702809735
4193462128
4243215978
3099482992
60996962
2886654479
1516562717
2918026319
3779240334
4230669072
2755172955
45482564
4222096731
877099484
1675525261
876061322
597710741
3679913956
3275570326
2115233745
1002193217
2163462476
3577142367
2471151841
1884728094
3364947583
1353736318
3252007209
2818248978
957347106
1652442060
3095130053
2344767500
3479149299
1731092812
2554503908
323738165
2073853109
3131936106
48319066
1312123487
1171431504
3252073824
994976809
3050434089
3305913137
1382106010
3020105807
2269386522
3120666267
2842417804
86081225
929089178
2353761531
3623641240
3956964866
2539601498
1089824147
1887612142
1082868712
2134942334
3015108519
2106220195
3414529108
2333090147
944010927
2398226104
3570391601
2789373714
2578237896
3616813813
2101341479
2045997836
2714194693
1409533069
3752110523