662541057
3470931951
2370007731
1032869697
3024087886
1734937607
2991866978
3779801501
1454062710
987977896
1162673448
203652903
1111547580
168540332
1478606203
494001567
184677961
1585376112
1332184545
124900635
731090517
402068387
560882700
1012646531
191601434
395136812
1387486792
381755843
2418259902
3456860978
1414317644
3496003954
892134131
891609787
1053034622
1373363109
3193615656
1534247220
442963898
1397739520
1124703684
3367439957
3928587801
4061344747
4103015555
3257119312
3945083750
2593819887
3194463765
3117135057
2291408319
1286831478
3082370414
325304887
110122574
1569222902
1739583730
2389529600
2959460495
3285705379
1237298916
571976620
2536889886
3844593414
4237819862
2040118345
2774436627
2748794132
1200405266
3334575369
1900230399
3614144799
2732136646
1455165323
984992975
4141598153
3590474797
1772658363
2646839957
584284913
1053286232
1576777
3082137440
3057296981
3887977506
3721034881
1462095550
2268960923
3982117121
84298536
336682087
3999817946
3555601697
3635786102
1543967209
4182429629
192717731
1636112743
3032234434
1383625991
1610423558
288148519
4156054571
447072524
622231206
3579744613
293287534
4006145117
2300547292
164994857
4139899360
17715946
31234479
527696724
138874598
1347348392
1925387841
2536186777
3695676257
3578384105
1472570315
2315692989
3632641065
1195008151
3499050437
1324943701
3850906612
479683077
976635461
444742778
2532164828
3973884136
3473463069
126564006
2058074226
3770323099
42868162
2251162239
3536615226
576139496
3886645008
2918270780
427738702
1769409441
2237829266
2213166028
524208011
3217222271
3059469454
1555843010
2740339121
497862991
664501473
3841184383
2658584149
4030160624
3099698273
4089680543
1089240467
3091943914
3103009427
2599754110
1421334724
3343273507
1595183509
841285931
3358293829
1866112506
1860720338
2413594534
3020527967
1397072020
2614782511
3070091483
4047642416
402055163
2279921040
846447506
2703394319
2013108734
588423433
1845665344
578961357
4221166530
548105155
3295770935
399939030
1673940813
2949018082
2563265344
1952053964
3127204338
1020204423
2485356987
2110992249
3791686014
949496342
541783577
3389163597
4072467882
1807779782
3957514321
953485770
2523465774
414233981
308921546
900633085
1741543522
4003744000
3419684863
2900787436
2889835507
2079714207
351283111
3420605585
3037127081
3421197989
1323491290
518844199
4103129151