4119434967
3278600803
1340286895
2276662849
344298994
3132749144
603543456
2588453799
4023219510
1227639602
409356982
1578770216
422874707
3366105881
3260219984
3514184434
2125976732
866690140
1157036251
4064234445
3317211905
971211129
2447629002
3965008499
1159852977
3967823108
2911743229
3302026850
1234052993
988762883
4144934590
2830469128
3191144650
2543138292
1298006993
133703597
710723205
4190737495
1337048928
1582428197
1366513342
3207067930
3936650676
3622984404
3686586149
2816792904
77052160
2774468780
2428073241
1936841475
3973402282
3522697175
2462066832
952074948
3026607201
576606052
3828100017
3510766363
3947852160
611599843
3688951727
2300155883
2944150190
204042857
2627389248
1938690088
3650533421
1934430732
3991005184
1699419742
308598235
3832116861
3403569212
1972209863
3478371933
975846880
3476952633
1055504667
98688688
1284559857
3713283928
3632880512
3829415626
1632204125
2500899008
1412397400
465843495
4137882366
2329068862
1321668506
1453604218
1074026537
1831031110
2975305446
838232260
2630064335
4155999775
3460812571
1940945334
2623183893
3490786868
4116405560
1626541226
3025380233
3214746049
1635359827
2326388455
3370893238
1379037417
796360755
2499104426
4039657930
1529748291
3965568229
2345936207
1893541432
941819661
3618767072
3359340075
2788823026
2017898020
4015219900
2877722393
2045374201
2841021309
3271587922
2339093079
2501753314
3206397616
2931284883
1497829721
1980871258
3152105773
1375737065
1639174123
3952116529
1461818237
1221385797
3740731124
3509812035
504247235
4075021348
3855801351
1858475403
1792205291
4064710036
2640529936
3990570312
2948072450
3278839377
921878242
2822093405
1327987729
1227332187
2776180360
1580772211
3747128552
1911077400
2714082167
3314878387
576096653
2197946574
516969996
3439307323
1283340444
103398240
973178835
746756433
729459305
1949592141
1050774736
1011050927
3241332780
2256984361
2412033376
2928793493
4021521940
3929692296
2933781180
3812269989
2068359353
610055162
408968806
4089445227
2768263745
2645789681
1789280550
3827707661
4055058377
2920310030
1473066318
3616990101
3645631366
3386119361
2642751247
1901477924
4021082387
3035340976
3925469323
540988981
660269387
3000122688
732785001
2642774402
918134285
323053438
3528429224
1225561649
805267076
1717087523
1512692893
522798038
1621178535
1934798775
4256115104
504102881
654821370
4205784324
1756235345
1480178218
2991998511
3485508710
2384920347
1405462200
2035343579
2223904173
2796582065
4256860979
769113168
2431345051