3035195337
3855297885
1423350594
1686180996
3838492236
4046752919
4110168430
1395987462
665856046
4278844667
179948260
2538007782
3853436788
2422702668
3956403680
3941653163
784981702
4274336353
3822806979
2766162544
2748916266
2818868948
2462992112
758102481
849391094
579689538
3675232777
171931175
3636745049
3845082093
643936859
4083255225
38456806
3152519518
421282970
3175092733
2839091321
671609460
2338382970
2677673329
1410663150
375766715
3430435020
2338061479
2238476125
4201033688
2498219903
1419032773
2534256626
1306934843
3797358562
616712794
1915961163
340255605
1901770204
1090235734
118221502
3109744362
668341590
266336182
2262522624
4079236237
3035712180
1948327469
2030911150
3921527628
2927233878
1989532928
1655511113
1408296354
3571200476
507659460
1416988804
2946940679
1330127876
4224048729
2430357594
657436600
1064185945
4205000504
3035788893
1511264284
4102505128
1101439280
3743716635
2256690852
1681742758
3714671318
1414732197
265050396
3458171280
2540460077
1865719172
2752298325
