3636446237
236553969
3911149007
558443829
516960075
994591022
1394526998
1147528127
2926419099
2154497027
1099714498
3207920704
3674332050
856501577
2166845956
2169712078
2791186845
2972203290
4142051993
660376007
2180605445
112906081
233328619
328079238
1282811868
4008098696
4040969782
3847264575
2695029992
157672794
2299778267
535233771
1422765609
1525922754
1642130678
2647964163
2679960107
2145820760
946596804
801687114
2690724264
267025013
1458649475
2435576950
3270999983
412996389
3064593670
2093045544
3162861341
1976689952
2330116787
987445598
1193373647
1634518331
1041169676
2939327340
2878516680
3392726259
3282526219
2924349639
2392030017
2592696107
2047345783
2423293427
3489174695
1974822394
4077054289
1270810057
836369854
3779267557
834862609
1186556038
2346687651
3843748213
1870189394
3794708355
627121558
2384513588
819346140
2075085492
2426737446
1477454485
378894726
3569985163
3728532192
2162466484
48327011
4007248893
2713776239
1079702337
1993153081
2549919402
3400604130
744766012
3884612397
942896944
2250924453
2899033913
3348654164
4293436485
2455428052
1534773819
2730774430
3720390913
3871893901
1565870133
4095146610
3112925590
615006899
2103745214
2279652637
2310475449
3994099583
4106027027
1558261204
438266370
2070704169
3428587065
1339590493
3840094697
1025604333
4256977953
1447525154
2701724717
1851805044
1318516623
796872589
3901020938
4068974678
2282271289
4211497186
112125653
2601086769
1815518268
1768364737
3329281216
2344883144
332551547
874191282
964864240
1284895685
2183422119
2406241468
1372524144
798280664
4007258968
2069393377
2626329290
3961870890
2567420194
2667491438
640949739
1928341689
220654143
345045967
3757850081
1585827697
981991390
1243628654
467482329
1962027702
53412618
2929778172
3429411556
2850834857
3967915861
1453119094
1622803945
1268935462
3999011619
15250962
201878407
2545654389
3037204925
2649610233
2958353117
379309666
4280977341
559088991
668978811
3213092125
3153134927
103476361
3091214897
2000042589
1186212377
3958575790
909070303
2377101550
848465222
1082591725
2593768732
604308887
3569552695
3478240500
2483556093
2079586177
3119260568
444075571
3643674161
2543465380
4036045138
2790100180
4061030740
3169524934
2743324939
3025619498
565984059
390120817
3265487036
4084048901
3149764638
1314131028
4027141981
2352549441
893533267
256606343
1380647399
3716967041
3633996401
2468663428
3749726142
3246216525
2094803129
208257263
1792010913
123313086
606102483
675797442
4225887009
2882662907
1974603384
3291945132
2568813780
325541791
656323720
4200500424
2443669431
1898704067
3684542078
1506832813
652510170
3092424967
1426720465
1237811385
56384541
635028574
454099513
3421193979
3825514987
815682766
749362577
1657684488
115685142
2812143469
4217102865
4002177264
2589931278
1096349252
3109847045
1763946623
1856785414
1596983797
1089278691
2704643467
3878994769
2332656056
4056070542
821356752
3360749271
2380234103
4038513112
1619021438
1737534113
2370120043
3070285464
525210860
3490337901
3465657968
2955647069
2509968147
2319419377
2306440578
4139435721
353649582
1114901636
762530021
3165982045
1063459774
3577159787
2573465903
3880110034
1344990466
729256356
1354347897
2692236235
1009824208
3015683267
1509117176
3230926570
3674853097
3959079625
1082628591
390372463
3816493267
3179896143
3197906563
2737396117
245048120
40160031
757328950
2953410754
2208196598
595183750
2436851620
3067819202
3145568355
2678471338
3882088214
834823911
3236916148
2286616486
1795307229
1045494096
4173235036
2234381463
2493282622
3852174887
2162204031
644453117
1414600079
1035921561
467156558
580775383
1929113393
1244982673
690421318
2259972796
956184324
350668713
4261361902
3168899703
1170221286
1412962345