38385303
1244214761
1344433402
2986465777
3096867257
3660484002
3389720246
1382619479
3378965954
3419353507
172145516
1896003729
2499282419
4121400505
3748714829
2162466194
406641911
3856347653
1747653689
753620745
1608131875
2271608625
106695944
3585572167
4084608922
3456118894
864535723
720264857
3582417940
270545438
77057583
2164966287
3817063493
2805359441
3927780867
1140761904
946683377
301378951
100830007
2407885246
460408775
736918076
2621554598
3131815173
93941500
4079122532
1202368050
3765396912
2993937967
1412506791
1524586947
2072327361
2609905960
396529463
1370231227
3913461782
1438225293
1611540445
2483065850
249627288
462956015
3883325454
4276814247
1961245933
1482063694
889667701
713341127
1057422255
1906155
499033563
1566045559
2705097414
4085049624
1363382413
1092284061
1806094421
3780564060
4075826661
3675969186
3632275163
3534073940
1624431119
2622611821
1127912632
3787178300
2168093181
1126526094
1522382618
883071695
1768254439
3757936361
748862933
4050348209
604388752
2390231927
2069965471
21968799
3747810213
3254148314
3590492011
2225190803
1866455179
769482643
1973473098
2893411265
