2611401102
455906221
318694101
1203659306
2889324479
2089283377
3215475083
1851557878
431306137
2290453634
436218736
2794062250
2207611967
1603513501
4150612524
774686312
2198226035
1606305446
1737395247
4039546316
2503556185
469909951
2598571137
709219575
2628648409
4213738434
3134714821
2603602723
449324158
45289492
220026908
2655637441
2405876273
3702645173
2429970770
2286145714
1082585910
1332771478
2493904225
1831944132
1252103651
735193724
2384473096
3498061443
374026907
3837969521
1842684246
2845480927
2743666856
2791360980
2451429736
3611348785
167048680
2029561915
2449002408
3940839691
895202425
2313036066
1208075283
388923691
3135275850
2907160459
2327063587
984723755
1221022156
3329330145
522676975
2568412834
3187503029
3753310027
2396509087
3066958211
3368703691
2168312512
3524665941
1352016075
2315519397
2255528947
3250994755
2240933730
854839427
3613363888
2577842023
3436937315
1396467425
4107650899
445298316
3025072863
2174751440
2406684166
2656832993
1170145153
2750639655
2308900521
3119911769
4030144546
1651358092
2875343410
315472740
2199589930
3833209519
385196405
24482710
503807864
679769706
2027619952
2015737681
2933961314
114536575
2065897698
1989734508
2152890053
2015503331
991849593
2951709732
565724267
3461067751
633666631
2777985307
1851250845
2899363287
2124861867
3668441326
1057411678
3176123740
1384022992
2076034761