38385303
1244214761
246505278
2943186320
1344433402
3790990740
3767200572
2986465777
720431619
782206275
4216375209
3372228804
1217694509
2710683160
1118972635
2605129096
3614413702
1818327876
2117892379
1299064366
1980764666
3068894878
2542793634
3096867257
273684435
2745385720
541925480
3660484002
575620158
757474049
3389720246
2275701426
3682061716
1382619479
700429647
1171837590
2021864729
471375219
3378965954
1503941874
1923401373
4108380584
3419353507
172145516
2454415886
1896003729
3926589350
2499282419
2059192739
2056736014
4163037227
4121400505
3748714829
4218555403
2386381108
2162466194
406641911
220561800
2239626198
2145930403
3009662234
3856347653
454080296
1537809133
1747653689
753620745
3023151323
1608131875
2271608625
3660673678
895373585
2775674407
4168957915
2158149028
767991612
1133663279
2382627238
101833374
4005010657
1404993892
2484612750
2602689918
3845305120
3517161927
106695944
3311180195
1683245027
3585572167
2161185638
2991710499
4037428414
1546147026
2087896653
1462026179
3398720357
3025456827
31196860
541905773
3961295098
3466943899
4084608922
1176721123
333529662
3414711451
3456118894
2329201633
864535723
996856652
4008916098
4279698965
3589866224
720264857
3021017318
3582417940
6860862
3853458736
270545438
77057583
1081681807
2164966287
2182866150
1808004051
1744172713
1434189803
1735429024
2595371785
3817063493
2097762851
2805359441
3160445553
1284140282
2428214177
3077657833
3927780867
1050660173
1140761904
2551773002
4244749751
946683377
301378951
3215814633
2105286989
100830007
2407885246
1764255398
2896325256
300545166
3211389980
460408775
638458432
736918076
3650411669
3026583553
2676347888
2621554598
3131815173
4136696122
93941500
3103953139
236913188
2784157071
946887958
1549462916
907687358
409221198
21569286
257192332
3173633643
697732387
3677776661
3316596471
4079122532
1778306599
3666684077
3040061021
4161026640
1202368050
1890087655
1785694294
2676002057
3765396912
3444946191
2993937967
1705513938
1412506791
2917928980
3475948140
1297493002
958296373
2664544082
1524586947
2960514577
946631651
3515010311
1742950337
2106003289
3863554935
2370908558
637672062
645165425
3479284631
2366244343
2072327361
1932931909
3292342504
3781855419
2609905960
2994522086
2367506410
396529463
3607715484
1370231227
3913461782
4086026105
1328463555
1094505102
1438225293
340558308
1611540445
998249739
331851805
168061401
3717129058
2483065850
3024825618
3967813419
2150712049
844528738
1509301198
249627288
949278870
462956015
434299732
3883325454
2179417435
2018243608
4276814247
3951877327
3896246268
2190321202
1961245933
1768190102
2902323682
1482063694
889667701
2657216941
3698762268
2209846786
164949385
713341127
920293494
1057422255
4225718945
1906155
499033563
1333106268
474049248
637486366
116122753
3549750005
1566045559
2705097414
549421501
4085049624
37597394
1363382413
1124158027
2849619723
1092284061
795610561
708937553
1154870022
3291661260
439918438
497455851
3590308478
2884071640
4101211194
1806094421
3780564060
2887453447
4075826661
3675969186
3024213770
132167215
3632275163
3101530669
3534073940
3079629720
1624431119
1678028872
2622611821
726823782
532190088
460123537
1127912632
574049944
3868455893
540409806
1528413233
2875076299
2609722271
1669241119
3787178300
2168093181
1126526094
1442078710
4017246065
4196052590
1183728765
1069276791
528390420
1188635094
2383177169
1522382618
883071695
301928792
1042938932
1063454019
2645669787
3064502523
998096361
1625337186
1768254439
4008092962
1335540239
2861666205
524015505
1914438349
3757936361
2592000825
2919291924
2863649766
2436221763
748862933
810403140
4050348209
604388752
904188228
2776489214
2390231927
2069965471
2485106716
1833171459
4004864144
905478106
21968799
1348314232
3747810213
3254148314
3590492011
2225190803
1866455179
769482643
2209452494
4161212961
1973473098
54785197
2893411265