3815147076
2181105721
1127875803
4126407855
3466469849
3428498313
2088137224
691282557
1252585067
3738955761
518758337
3172124650
3963925996
2173120342
1964996472
3371738428
1145068760
3786811338
4235381407
3371148952
2788166133
2355278187
3164809777
1614898260
2185419617
3709631494
488930924
936453853
1170534355
471595506
2803321829
407290818
4042236535
1050274274
3279354635
3230247182
1024793307
4057789915
626308961
3844074357
516189171
1127078893
2194332197
709162924
1427736239
1883128390
2675163673
3246749529
250093680
3720447347
4171541470
2562770811
1445608825
3947019635
3955649424
113607331
1033835619
2591608411
3086845261
1431565923
606835824
3391093521
57586638
1062332168
