1116924566
76955244
2763543607
971245590
3129270024
2777746899
868502768
1250687050
1171312152
2003246334
3697019442
1676130518
4071740487
2364806496
718605199
1514583842
3779075818
2974051335
3191512086
2784177688
349249042
215278488
2111613834
2606889773
1096384929
2529468456
623785981
3050629217
3246429371
2896312805
761394529
1493195135
1281208153
2903534165
2530378423
2203901665
3641660285
1359311500
1429608854
1573747453
494127018
1648091188
73412339
23933688
1861041792
997464522
2669177119
2663212081
996181074
3595194182
2881384449
1135600633
4078970834
2185534921
2011963588
2231524601
3356144022
1239191996
439838610
3774564109
556383067
1841642556
1867501169
2167120091
2320299473
2692286275
365629622
