2519641098
672954542
218458500
2682833759
595149520
409719123
1287344888
170815806
2090348616
1341447802
901053671
520260621
900531012
2803320008
161879826
4191766797
1783157668
3352860537
892749645
3582334789
2218748030
2420379043
1532307401
1140943802
3315376942
3187127690
3205644448
1749767133
317608353
3627918547
4092305300
3136415714
1921410288
1279991952
2684839334
3617988336
3365154626
3251043493
2547328362
3258287022
738202342
2216504433
2016787432
914639375
2543995813
4226261084
3210882792
1394400466
351705199
975698519
2471626528
563582019
2517052119
4186848851
3250476040
1600071784
1668351877
2603127537
886355637
3193577965
3642786739
3821756547
1252992065
4055611257
1986783835
2247349071
2539541368
1895256117
2061851032
2722368752
2832032873
3033281146
3340127734
2894730509
1706252935
3935877996
394008347
2080579308
2302470476
3330220130
3173929775
2125955099
1818358798
30178205
2203150775
2188996187
616232275
1999798726
730091747
746288938
