3592041344
1836539113
180968122
3563262153
3721387646
3206947879
3778903346
346718221
2980000580
700352042
2761763313
1199060697
2295021327
3245427160
2643675800
947893818
3800809212
3411158579
505946743
2629654932
2380002058
1611464232
2477511313
3632559728
826936118
1731941565
3627580463
427944402
1730698052
4085778345
2814305055
2996712370
2880986779
2335719991
2496077784
3084793581
53693863
4230424838
92619380
2857305136
3632713983
3826037735
2013109774
1262941651
1222760872
2790434416
3233532529
3884763591
1773741580
1227305612
2816965535
2597190438
3899604617
1009560478
414270151
3662419495
3862467842
2409478345
3500772797
1196790047
1632405723
852853582
1006558499
2156915260
2845876881
1454295980
511456394
769058717
1642766590
165560298
2885177666
820335705
2963054313
563710775
3218692133
4195775876
2456943893
2393382400
2291423504
411260711
1845511980
1357026583
2514141031
1210169330
3897242084
2993132933
3328336036
314722772
2860897683
361508466
3188096548
2445177140
2021218177
715731815
3342268501
252258462
3616904492
673794877
1230044168
1586594510
1498405993
749607552
2409040501
1727017505
3645841348
1780242141
2030503182
3556017150
2286040878
2082325507
3710933382
1349918096
1660480254
68770720
2814089423
581446742
1195607881
3910054600
1536961071
388902159
3754915612
1792416287
1803715090
805004265
225587813
2363098330
2874559258
714882885
1584063100