3278893285
2563395397
1633070767
443579384
3474572757
2667746712
1632198561
3896665593
1898398765
4052783979
2412486174
1889047041
44287813
3839579587
1708789663
309623216
3671528858
1810486264
2972764820
2167222861
89465482
380961737
3618942472
2580617859
519836759
1252927573
830744751
2591036226
2254957345
1523142483
2506035486
2795316599
1602935625
2559021653
881960402
138449814
3911156426
1742199610
1191989478
2514560533
1516834105
2149109074
2797471397
3022838803
4005860320
651139340
1033609173
2236177965
2214549606
2637296788
1404392614
2253014287
1154691654
1958483731
454321705
3822406901
2905782231
2227138877
2872394795
3294002185
2401139477
1147646890
1092411259
2863221894
3971628433
2379886360
1888022685
73162382
2313019553
589974200
2584201761
2673342253
1512422608
3462959241
2472765762
3765743993
1829638703
2479432066
