2069734273
2111895239
823069322
695497574
4247945306
75553565
2539437274
4109793672
3132774830
2920761972
79439306
2797442597
2633233398
567447233
1572274680
1450337307
1768987696
4165916205
2589027225
731019194
3870675072
3534019556
910384282
3752073604
2522949819
3812307443
277557606
1489883124
890833619
3178866269
228739674
2536744458
3532175156
97044180
1369251090
341249218
83799852
2085854598
1713182861
218426254
376952725
2561965696
1983140906
2438627077
3777653432
3219379677
480579626
1259084240
832662646
3451130182
2213756819
2247140730
1834618588
2055517028
1583651129
2577077455
2069468959
2534714479
158442128
1045370645
1404095899
1342245052
2605380044
2010194307
1760657464
1468563868
862455967
2040752453
1573981245
3259088429
4108369372
661545099
1716584532
85981274
2021115942
2082739237
254610254
374909600
859103839
3207504208
1305363216
2668282558
1978319382
3959834586
2966600859
2310187946
2299190062
3136357480
2130878485
4152882682
164133143
3908346979
3461322944
1627797485
1020358009
489315805
1182413922
2325106269
3831251829
4281177230
4083493635
2514176509
3074695356
3989539921
2179336221
4061370347
2877852454
3568055575
2715628649
2809302995
3689640685
2119229814
3267987477
2278867321
2852747394
2651829924
2555940660
263373944
1258671022
2662302004
805420087
3699920200
1185621785
512455015
3123112566
410959453
1115829624
2169757013
566307972
3890720370
2771553003
1798350169
2250315722
4292587023
2056823776
33307824
3492627013
3670990330
1218757864
204837169
230125994
1715142654
3235539975
229222726
82076506
1511053289
2876069282
1556882872
143072319
4275701734
3876387844
2196098936
4201547516
4202659099
1502794876
3408128351
3004905567
1972822681
4063246547
2120651872
3318091951
2239379562
2852014618
354736409
3025458581