538824919
3270043120
3805479133
3272186478
4220465968
2557496226
3424791108
2615152275
3927715751
637916321
853282485
3290213423
125787814
3305852298
2769294145
2804777103
1823146409
483031467
1202970081
3923997133
3802301718
2713574570
1950602153
2539362258
190502782
4234633945
1402615420
3564504430
76658178
649421680
2812933650
3360714390
2410011454
2848010738
658600170
618581415
4021169163
3870025882
897469150
2027867650
3473929635
2745776667
3745365515
3906967826
2824643234
173665894
1674423632
3002787913
2891207291
1119828784
1695761996
3286964648
1925086183
2540854784
1586359495
2164988895
3583053965
2377739047
3131910251
581236697
969212912
258746930
1955489642
1632357169
1181333079
1547101077
351686445
897197695
1231804068
1090914766
2607595818
581009276
4169424752
2469408748
2588620968
1258620369
238589871
2378310840
1307539497
2217128497
1736113387
3739519585
4049892393
158029381
1119035570
3684165100
3871998916
2357190554
553105736
1922083432
3648482787
461855614
1762540731
1769263615
3132424276
