4275026241
4181463666
521253886
883674137
4271391302
3144899889
2764223486
1712157721
3671691432
3314358878
4122718706
3182563881
770617331
2177269005
2562007529
2067714912
4010830145
2934827494
3008566009
1862305250
751078563
2171495440
1894935335
2260954785
402500130
3901985038
4245868524
1337882196
1594423686
3977675824
1331244799
2268544768
2896814151
2341479519
3275342214
846964635
1970945397
3298205813
630379999
3116355055
2623656132
354541621
3502910874
4041731331
1951589122
239162978
2851347724
3469296703
3123553783
327509230
2221896615
2932122152
3926505504
40928403
2822596158
2585545407
1588343343
4091332395
1567140175
1354609693
1433614652
539850377
2793676765
4243173400
2335430630
3277509624
1650199417
2827208690
3579966323
905732032
3080188452
2284689332
2598108153
2535506748
3727470557
1044574058
2832467705
2483162009
3552434320
4021386025
2347634990
548076675
1102673922
3996600234
2521030934
1140775549
1267718518
1512588014
850534682
3242170591
2540716029
1861761795
2066398132
1440155477
409785496
1144036253
1245377788
512922499
851423612
813827102
657287931
4212966205
2577207932
917158107
1316984218
833808313
2438537877
1964072313
2440112254
3011347325
8972765
2768034612
1998170327
2209010840
