3385696637
1075312253
881074628
268025854
1788647919
101305943
1355237853
672171673
9726389
1172808961
740527285
808536200
1803638436
2946800155
3139832968
714954161
3050592583
3603337013
3207442917
3595239700
28251945
2644908124
3040698854
788856133
2558086599
182260164
141596721
1855660462
796900823
3813191175
3296944479
2269404990
1536562891
535749299
3567934018
1128869707
1187891957
1271653197
2380699286
3124100205
1423969810
2226326827
814246253
2753988767
618874391
2780539730
2659513145
2151535094
3633727202
1608303846
3489040673
2056958152
3063669135
3276887544
2249810723
3434807526
3850178361
3289653687
2107776345
1164629386
1406509841
1210489209
1213673826
1422261013
3342558305
3074455261
2654292385
531175564
424351474
38195385
1210270970
3452238396
536355672
365248845
3132941373
1304437099
774202027
1470054913
1679491731
3869148897
2002417301
2491860339
2426894392
372335698
3406359931
4145954973
2971863475
682086461
32622865
3199746885
219296918
3854525084
635724096
3379163530
27720715
3036800676
1297950640
3496447206
3895849580
1842730698
4185175221
3980120654
1735878674
2926363441
3542825458
1462343468
3727098484
3013265209
3051816441
3523939612
4220659182
3428971348
173369905
3355093188
2944364606
