4047619541
4195002671
4137293311
1390312699
140289681
2151343886
483175816
1346452632
887063255
1969766070
4130271034
727849973
3148719645
2284576887
2692987348
4017744415
3450700291
2730694152
3612860565
803237488
1431604863
2458883116
4137932010
2844500559
192146915
1013487805
2739234496
2835121635
2750533906
3098752386
1156980169
1297373067
1123083886
853407085
3448917201
3327975359
4186129144
3164876695
208611996
1825350131
3187829841
3722622753
3999209523
1571777894
2436505969
3820255883
3300901917
1191752973
3323821136
862146002
2743679404
1361516377
2668559285
4293625142
105086144
2530572731
3325706107
4119258881
3313835268
2820440977
1272876899
3923199335
1846671146
849931543
1264650731
4031040504
2586730966
3568983751
2978512066
3733936375
46504676
773335748
1512390193
969353799
4143785235
1373407876
4194853260
4025186526
3806177037
3472142287
2368633271
1971179140
3550863801
3034129915
802063411
2246781923
1324388622
2664654708
3068266102
3464772621
3569296279
3067002644
1947360292
818742785
2943936671
938314663
888753355
1380010560
4267855455
1359458336
3946774021
1938774835
3497647197
1906621997
3361892042
3482206760
1202250745
3669037035
3368650866
2002645610
2480515645
2336658934
3272274794
728004189
1548849634
2023294336
2569110027
3139301941
1759571913
619964959
2647792359
1331455727
1913031613
2398610965
1763820313
3886801720
3305889690
634877515
2307268186
144446295
1225369304
1994250015
1649063669
1898713127
2410330335
136777513
3481545228
2972755099
2790543233
730183777
2054495895
2660078184
2590746543
3799599953
2965066543
4024581672
2287801121
1589041679
2505214367
1528553006
2080881744
1488751931
2575838587
1953194947
267687108
2052169698
3048505573
3899391495
587942146
554278944
3346355567
2898706580
2750163448
923710646
4214833473
633270658
1640799422
912650719
2082378932
2342465984
2483648592
107772190
2310342715
922266682
1049913375
1316546817
3785394272
2140676504
2379942461
3039736621
18729723
2879420477
1464427183
1294520471
3062637040
1832259054
3111006225
3303932941
2792136082
2488765107
750453326
144777445
28941555
511098060
714291275
814629990
2835352798
2742195906
3102423963
2726815851
2635387915
3158288531
256371484
172254426
2698892629
2582121168
502027057
2315753502
3206391980
3454334536
3976834995
695260782
3414976114
3024299427
2217379125
3995382874
698773588
3940261444
317890349
965185987
1154002398
2213431126
1552688643
1747183672
1823313407
3754110889
1174739317
2551848786
188161245
2111811774
3330866412
278360477
2629650699
2172925342
2969490760
1353729623
1732149656
3203262702
131301859
2259201120
3963480489
3275338722
2638351027
3776957169
2950447668
3415648284
1852755115
1191289847
3649472008
2114237215
2964831460
543079144
3183549486
3010850436
3944453067
1130764163
1152386821
3180542864
3366155781
1204260833
3171399920
1574900265
1689785433
2623226215
1326906219
1875440165
483566183
3173732460
3167291432
4186754974
413056166
789595844
1068925362
3991262074
1874832635
1684432307
1085533609
3690219316
2928376970
2364300279
3873796332
2731417548
2522045858
2771210682
214472040
2146941962
4000919911
3272785102
412349660
3039081099
4178861917
2192728092
478791223
1689459588
687545657
1968571834
329500765
3822813126
3367280366
323625195
3306823715
1262364949
1155645519
743548
3869697000
3244039011
715085860
3428175303
373783356
4101244245
2334535671
3966160705
1212254825
443699077
3422061688
2575543876
571741880
1730283662
2583502200
2175382005
680190479
734799161
3367933989
4181367898
1215332430
1791160576
1298137454
999855993
786626625
517606003
3076162791
2724066945
2609730575
2470684654
493190178
1021336070
4265407295
752170727
1916076284
3807452961
1956660304
973263152
1263548310
3026695193
1771753271
1592434784
4024019769
3441423442
3264071133
3741114415
2377772426
4218313741
3961470673
4289988992
3834348393
2596993111
1155121279
4202313046
1953838304
424516921
4060227883
119838612
4140738734
4272712088
2170298335
1115163058
4204471643
2219442292
3710107283
569720871
1408810524
3478311105
843532026
1491167069
2110538309
3668264863
46941467
4181536898
1920020640
465082123
3330179637
1563609349
3017263354
2484145056
2583663373
2721468912