60730448
903995634
3734453032
827689084
1415729756
1864777440
3173115908
378785930
3092204560
505523977
2733177573
3341908205
2330284972
1889062810
2050261168
2457057006
1526980991
1464033608
2640005493
2173833003
904186169
1623944328
1329780850
2388660129
3587094029
652395493
3608274743
4284713506
2325956403
2321003045
3729875394
2193183332
3093487935
2314132141
2563496605
4141215070
2722745700
2369194430
1380607798
2256684937
1036733171
3389842940
2176485431
3349497113
2876383834
3327836595
2516752148
3284773842
526615639
3290396820
1719053097
3061476925
1890883317
4079223445
659704544
439455724
1872584986
1736989047
3169212949
1340942126
1910049480
4142104160
264336997
3107181772
46670395
2511729233
1169471592
1000407040
644044872
1969113910
3948647704
1648699809
1978418055
2931429851
3198466551
4060909627
3657639410
693592728
2121641447
3075915783
3667953544
2967331111
1510148144
1483233159
886944564
3908825760
3728308421
1431613306
1219758533
3338015686
1668958615
2372421929
4096783116
3880862610
2713834046
1547130903
1332653499
2008748694
2588879616
1697547991
196402665
2006770366
3961312540
2805682056
1210435834
3869685123
