2289346835
2743276822
4268582694
1584937065
2869784122
2567190347
590289575
799505416
2021281528
2160387040
3122955828
3297211964
973560467
3641654676
960311598
1757378285
2341690063
2269088484
4167251641
1883160217
1404074586
1975568840
2854850225
2260954976
1907917337
904205653
1904968187
897364359
3728876088
1135445033
3315609373
1083362962
1488946026
3348305531
1520408602
799448950
4049406571
3493546805
606232239
216428331
21293716
1359812479
371455971
3895474949
629205098
767433685
3716266410
3128512762
1401992130
3116845921
2771881430
1044381947
2696578531
4109143434
360899479
2172612375
3773511716
3645553975
1298966214
3410414491
2029334864
3430345377
2833672309
2191826019
2704959699
44915818
1694632329
1536506560
1119586294
3069490754
2741615942
2355614733
1615046319
1761539415
3976592056
1419736730
2970717187
3855735362
1563246657
959856942
301992988
1528696370
812336388
1035386537
2818488583
1512793605