4216239594
3006803569
2456370779
2308830366
848323565
3489080445
1449011345
909160807
3918510202
4241345349
2478979407
387160180
1826370946
1623481422
183216131
1503466571
3611371451
2630394922
2526046570
1592220255
2698132577
169606859
3906661460
369388643
3547564599
2772633992
1180842349
1163593795
2233874280
3955108053
592170624
1169489408
1365813072
3943727785
4141441516
832422193
4007263144
44392298
1792493900
1361541843
2760262770
3524016879
3212077855
4046895335
1777815609
1189878580
3648867193
2607813527
429058030
2360460844
3531554085
1044642206
