4196474336
1761498334
2407966994
3256309611
308661607
3836097764
31596603
746782464
1341530900
1878016647
414729735
3674594555
44039745
1407968238
989862582
1427409930
1170855377
2412813262
2769401681
4002313780
1101858224
1853996892
342627728
4255900363
2102377176
614607239
2978989661
3140799633
437305495
4013033547
495908254
1325695442
2018438741
1515260334
1342582472
1974482759
3070729078
3563817781
4254139581
1045173187
2524473628
1768252480
3999941491
2239988295
3920473345
2776129946
17317949
719385696
1767751234
2251743880
1297915418
3520159980
77235963
1048625695
1022185322
2022315952
1676139184
2802685487
2195501630
2468796099
577710101
3964708523
1993980940
1609665834
2577147231
1328006833
1285015203
3092975986
2777246505
1735185464
165567308
