215653031
3003472658
3568983471
288662328
3438783201
2805958679
1209947098
1250956708
465810630
2167679221
873265123
3475715835
795278895
691553591
245168461
4184580573
2633318810
2565849684
1202223750
4233459193
3876318651
447642896
601654081
3782072485
3082269228
3065012218
512153241
3683323357
1608337784
3052566291
1749635911
2120365410
874293590
3936904038
796876201
3785838889
3905595186
1322784405
3059129154
836402434
2595216087
3218893986
974053555
198734127
3050616991
3461164774
2304140650
2251862412
3632416814
2543657444
2326275305
2335308843
4146915463
508889771
379302306
787003062
1422025933
2426196676
1440416279
957796419
2290935087
4024625354
2883988171
3173990277
1633769119
73329719
1547001761
2512995534
2526501698
3756325624
548745952
2576077103
1302493734
3995766351
2452147843
2660057623
1320430804
1066271368
1089661065
2040692594
4230456935
965080235
585486876
1435999809
2721906375
2684264572
3623909510
2133126107
1102481644
1489952373
4158626915
