444707772
1683269957
3495592851
3938776932
2338076340
1504225307
2346371602
295269108
696110333
1826585421
2966083713
336314170
3928217984
4105962004
404899499
3042363590
303995211
2059139321
417485010
4046811804
4212049874
1955053853
4219469159
463286738
952427260
269623530
2979840260
3452128821
2042902896
3990980138
3198726841
2785216300
2249963739
790252940
2433324754
1793733727
887429519
3346327521
449495823
3565157244
2442377624
825775664
2244676447
2960218155
390514694
1260769564
393230957
422155513
3288268265
876548169
25634400
2331222720
856855478
3161313254
2426127946
877752207
2123567497
1785025364
1610045838
1380370604
2908512670
900671036
1821821106
3775108018
1375349552
3212663341
2225105487
2336734464
1203796570
532747990
680233620
198486612
3408740640
837104495
1010031025
3308601811
4149001079
2994812137
3067253675
3330476204
3669543863
4233743004
2378010851
3393264877
2187059327
3284161226
1992910889
1635659411
2253312416
135811926
1237005279
3836466954
2466667683
2420399643
1403482195
649618827
2631850757
1566117191
2766778601
1245393852
2831005387
4248893505
1198343011
2803017378
3224677158
2577217199
399729246
2037096325
4291433655
3554151486
65265062
114231767
2574774111
996991003
872934850
4230712653
4103029079
584676185
1966497771
2522152097
