968981116
1096764449
2180070592
2772341790
721872227
609937582
1619143360
3473812459
2271182723
4207142576
807237475
1803234535
861504381
1499804639
757828808
910820713
554933027
1504965615
3749605741
3682555411
1764853912
4058872071
1053484802
1531582691
1736868040
2947348067
993665405
3876069572
1106280199
3888884649
4021627988
1588169175
4088230502
2105183921
2606826490
706912842
1873329051
705140991
2311965153
2687728484
3118280693
731700861
1758024164
2521590243
3540937809
740383552
3077269859
3682403636
3241798050
636503448
2366798410
2276476221
718313010
544280287
2973581809
351277546
2820065490
4092836168
1242832979
2742471881
1941082516
3339149046
2675360335
3066127696
3991060278
1451345868
2021557712
3734010458
3877761848
114380690
252041499
1442178318
3501508790
581814530
387230447
1884602446
1385931878
3902902361
1748924532
3038599549
1332564094
500018205
3682697551
1399496809
2805436455
2254046805
1302755887
3544600090
1689922211
3559316657
3884737629
3043699094
362981880
1917001928
3833533816
202913809
2534303735
559290011
3478884552
1299396224
2158001115
2514777294
3889625426
1011143270
2424331490
2346279535
3074209924
3278987621
199251188
4115167836
2457221275
922553634
3856945233
4171120019
634993369
1151878779
2457978489
3540882995
469218286
3483932006
3467824957
2495304361
3479897215
361672478
1348694863
4153731885
1222899699
393166041
3509559372
372499227
1097391557
4215644001
3021091163
2836716964
66818562
1596621269
2269560432
3023129427
475915856
1562159967
1763696037
3180691240
3088689721
2780412844
1535490547
1908988307
3193157671
3195324619
365589066
880418342
596046860
1377955291
1880374387
4264666277
2202006185
1013978149
1114776811
3107284966
1860100868
3876287567
1385774246
4110593617
2709500524
409701274
4132277708
751019398
408400515
2282392118
1956026466
1567858340
1508899435
4150595436
2266956288
1946223099
3138944342
4222047037
2806295460
3236141555
1359604147
928851115
328392013
1097489314
989061582
769094335
3958695902