76233290
1702681810
3688239933
1382114021
3492168565
3954746113
3624619791
131882064
3378944414
2275635576
462019613
2518742689
2712874546
1118614275
2380871472
343299864
3830115279
3260307146
1847899118
1949973230
1082553418
2021421622
1162952856
824639183
2423843849
3267186138
108205129
2438726184
1023207494
2151872871
2578350524
2745791251
213543341
2899103800
1781675690
4203933278
3632497618
184133573
4042633136
2609591627
2743157764
2187307208
602278819
112871588
2097906031
2922660389
2532759587
1104843611
2241653482
302150514
2754565662
1901965456
1515897749
873949205
855158154
1719405941
3948829455
3594348590
4079609000
2604401468
4044194299
1522272795
2775224101
1214616321
897374048
4220698367
1352509784
2962939323
4192826583
167804298
669206782
2921825263
176373727
3872661405
2141578742
1993592471
3370564179
1909722613
4200345259
2726295558
2577446172
4224301523
3139338902
1053008051
1086874989
2941242875
228946458
3192670203
1794807725
1399824599
2464713822
4003645021
4021141460
1861202125
2331451619
3453162950
1278580302
187236542
890702006
3077830594
2597338034
1617851999
462309786
1657049773
1717553286
10684189
813172595
2102503157
3772259269
2652774046
3065413114
69487810
3435491572
4075945502
4026319426
1143766220
3963951231
321871608
2888799439
692565386
3156880295
3072431976
1583535290
1813820871
644612625
