936055255
1087926078
3774598486
237872943
4009735028
736120732
450236555
2317559455
1511101461
1128295342
2549067890
3837350091
1056853187
920243339
1756403114
811258606
1558625978
1848895691
723714890
2543404299
1021382315
239055827
1277906780
2539961480
3914166267
3196038438
1321615725
2070207713
922102966
2252415905
3114986854
375289054
2168860684
1844416770
831395517
2172211759
1950338883
1860111059
497935919
1810895387
922591840
3191258940
2992741995
2133202690
1852801227
2605407458
3545728390
4219966892
1821986955
2940936926
2793098148
2095701309
497385519
2404871704
1933743719
465594199
1622119158
361192379
4171454633
3760058470
1498765479
2249536446
2548258620
39924963
413254433
2750532211
2811025202
1366345944
1846157225
3747446016
3783639655
1248125321
3976236352
3065918360
2358653199
3252004676
1105327
4185709704
816530541
199231379
3842392438
312747828
693480292
1506848260
2420935887
1112484654
1722973807
4143598773
2554806139
1718788029
2053322013
1503751627
2574893388
3141517397
2316697021
2505573271
1447127138
3952278062
933624914
3942494205
2080001409
3219017598
3617653422
808303759
3221088397
4210079750
2968704188
168884844
3772881607
2616686177
4237771945
3592861401
834757581
2122896614
574916237
2649790887
1404753671
250709050
2355154508
2302316886
3465776194
4150083923
3844649004
1085199421
2305343525
4149150928
