594502642
1273890884
534087128
2452622749
3042376992
3437684427
4110641005
696470258
2107518768
4006818390
2707363392
3053124360
1532888876
3031745453
2407645937
1503994127
4131921103
3377051539
2174612882
1549628196
1884546359
3896885461
2141094233
2940434601
144996019
2040932955
4149543238
1764791249
1266837735
1321892497
1130477189
2682905734
3106983612
2065517351
1279474655
324026069
3212460381
1543555942
3371712891
2114428422
2042018019
3274923516
1753324008
1696442724
476161392
2372126506
2442904772
2892413644
3952632970
1203520932
1972814139
4129576360
2525311046
1543386655
3996962502
3163779771
1680782044
2468872657
570636908
2228099658
1518440605
2551183714
