3351867853
2745532267
187608115
4001709757
769719989
146142033
4120848804
3541219770
2042279420
844963367
2744795844
514626372
858331012
2447580558
1417856188
4135083269
1411252663
524703920
2552468443
3024706649
997423137
371814499
1953627365
2314581204
3853638973
43026051
351616038
2012959652
4179053242
637971425
825543512
2352035148
3622972471
836902895
2680889901
3268101282
1044525046
2624676511
3266860216
81262735
1158042154
3260328422
2791896066
3358718862
1374281822
3176368802
827485867
4227042864
3678335376
277035310
1731276685
625615805
2343963964
3745464175
907488681
3827618313
25210017
3659394427
2752394516
1658667661
53093255
2166281205
882464182
3908611709
3778713729
519982408
3126271750
1233647505
870458109
1873328387
2980135982
1047244624
3611707518
3235552290
570347112
3667499182
3922108841
1517562665
506381858
2443588730
1469292588
4185629745
3744956249
641406909
3245394880
100264978
516150778
3753479020
3346604789
959358403
958162162
1926891045
912374067
1772957310
2615832690
342427886
747782687
3298307285
3137111669
373932464
1094745466
1993965216
2658419475
3357637205
2460909255
1133825702
959213694
1751404699
3720185526
2784109584
1476989256
222293051
3450269220
1335473459
292613537
3612945924
1701853798
1113550348
315657244
2252847603
3721693549
2963731132
2282639871
1652738817
3191390295
3804610741
915471569
2420648953
82907243
3436711730
3966289921
945110440
4134580327
3705195549
3639944280
4210506337
1575728370
2063000634
546294447
452444683
1218164773
1626944109
2467947080
3834685993
553746651
1902213584
2881871810
2227705454
3209151713
3054615943
1512349824
3435800423
1070738851
1182784901
2083599841
1828286898
3664530525
2743374988
1002830917
1200419923
1739105035
3354812075
275743832
3237152065
3181578011
2908820780
3324648050
664924011
855759951
1670712688
279636859
252424494
2091227721
2682668779
1230595789
715239953
2810472720