2215468662
3326183347
528615961
3159290709
1144962050
2993265958
1138011611
3387018887
1606881838
3458057428
2364596135
2992267139
1875679579
2297827849
2006090794
516011239
696835915
1096589024
240455626
850057337
604347213
4228907336
1536669643
3326980189
2932609372
2625607772
2305341090
457872050
3109066124
2288899411
176127641
280496568
3032840917
718770682
2045065091
1918189870
1885050508
3302718171
1623556956
1079568894
2411959202
2890953158
1897716558
2403801462
930633298
3215331351
2334934676
2514437143
1785344061
3436425663
2652672909
2444510857
685025648
897496777
320303031
3897817163
3913487230
4168750355
371273067
281360169
734632323
3223465277
954401854
145677737
1294511445
1646044114
3781920469
2977048603
3608160213
1990095924
1430891428
2784986470
2409909291
2827769092
1467289319
835547228
2979380639
952608280
3791396657
2521794699
2374331169
131217159
2476404406
367668403
2180102728
1638741829
126326356
3538282368
4070190426
335510330
582675411
613647073
4136226415
3075226881
3691852048
3462574957
3004917244
3450697809
4255579624
2328888708
1362001779
14243703
617096040
1274373757
1762718727
3144949124
540022941
3266203168
1429682918
726587657
4147588564
3868334425
2216670262
1804222691
3636376679
557855265
295633380
900924532
145447648
