948300167
883448661
3479822265
4020898577
2096089067
2852852913
2083458235
3567943390
3651752429
1393641179
2000803327
2019065186
679724166
3003853723
4186590262
853754140
3913581211
1763068746
1692840484
3806280932
3609909491
3862405613
235702859
3611338496
3607650831
1862115554
1690223993
2567220327
3674824257
585317361
1680137822
4132664746
1012699532
897605580
1435430007
1997945201
2615994604
3789733869
115204029
1144955321
67225880
3600737895
195836051
3464636302
1039609211
3244275616
1266383782
2426186394
469476566
458849523
2778337748
2249542135
2328460086
1965891926
4012142848
1567891996
260086899
3177503436
2044594910
2006875700
2932911898
3693637597
1560591511
1307693428
2637532704
3132226864
14919734
1519275161
3135118892
2343393334
2086087258
363086778
123982515
3473769446
4125485679
876144454
4212105613
623950431
3725875909
3430951126
838393949
392033055
3451362312
3973996161
1044456705
876864871
2489263184
3110725119
760700826
1526680978
1376601633
1975880341
1612832890
665689085
3013454385
4187138049
3480507333
589197074
3258419363
2663693380
3777553303
2578824557
1712080374
3447451109
1081871996
1051944859
4162459868
3677577482
572790883
3760404910
3442373789
3722604431
2593508813
3264554588
2652566654
1575564413
892832952
3609496905
653045383
500854555
3279081033
3613519211
2230105971
3291866821
1580215305
369620627
1906597630
2178799953
2878637753
185085640
4259409443
1775673325
2985869040
676644863
2261218620
1954780770
2389765128
506428566
3620829536
510708673
425263979
3075181123
1613992151
1020854147
2051812988
2137806484
287801541
86600602
3578671367
1373960568
2065568634
4032318094
3734685228
1107583563
1271352943
780508276
332513678
1197220118
2833913215
46337330
349949160
2781063750
3499769394
3316735846
1255795817
269267897
2792609362
3911623438
1603842441
494628948
3423500768
784204727
1644224829
4243535453
1306707553
3929824461
994948605
2699845205
3797285603
3505154147
3915566524
3810132986
3033470435
917469602
2413053869
1105506602
746620639
2553290149
4105807551
1461098539
4041217281
3969296267
2689829125
2607010338
1796895679
287445585
2597821157
3425562810
563698261
3923569677
228985134
2797930376
2005788843
2657584268
244947768
2610877047
3631065138
1700670755
3573967726
586012283