47791446
4141723146
1698825781
3560645706
3488753999
143876892
3781039513
3129505777
1032601859
1348603921
1375753420
2400621151
2596005475
1538847547
1238704530
217891067
3048554768
2850451195
2218287437
3539634318
490170388
2268513797
1525263759
4102152192
4196290940
1423508045
122496203
1081726456
2124087715
1136502877
427242913
1176882101
2502160123
1336733598
245921021
2190285713
622231092
2397865448
145217618
3355242555
3604676712
2084879758
2140939669
1297028108
3856221652
1726927718
3349978096
1454882123
3400182065
315460447
2725826303
2558363169
557507980
3466722551
1386939195
381664062
3910431471
3850365163
2163064777
2356248778
3384130142
3523376673
1425675101
1060298836
1960368796
1671847016
3100188548
2921487522
1945411428
467629313
1270674621
3577452420
331534855
1249063726
1479543624
4017622704
2826383966
1322565368
110576048
758997473
4000020921
1788681889
871435049
3610422506
40904195
971680050
591232454
1777021130
1501463725
4172022337
463634111
1181314148
2856796396
2518302941
195669815
1995323537
160097236
4174310634
3413271329
1176598258
1137402417
2940248407
2074636643
411587086
861992229
2542146671
2131493924
3278949381
2853601804
3668567965
1712734583
3464371932
1602179282
1301925719
4013352210
3956324996
2245290638
3918606523
1703306721
1113356655
1065145346
4235475528
1863758028
2890712102
236976166
2760392098
3485388803
2964231188
3560719640
2285776139
1637692229
3023249149
1470908146
258273526
700011589
2358873651
3207098344
46948086
3708339444
991927343
3996177191
1198408351
262538997
2324066529
2940525506
1371126886
768364075
150197764
69611244
810401464
5951153
1396149123
2668756399
259703214
612343814
2784904088
2679989723
2660112509
201598274
2415611431
4168273597
2243957489
1429087072
3960980921
3689654050
1891996523
3237365224
3170037069
1777424023
3410012289
1600435047
3492581421
2148564
277890429
623085462
3332526833
2250560329
3220626507
2178802980
1260427074
2316800329
2827920519
1879362872
1716715850
2751574159
1799219280
1776208196
1741572188
342375386
477296855
1981183060
3759644699
2961356671
1625440913
1205330228
2749497637
260660796
1322306285
1777889975
1621543074
3198314100
2788394666
2035780712
1291690550
2756722961
3875401457
1656556024
527548330
884425921
1422019458
765063600
2825421042
1233091429
927665300
1593282174
3865019674
358127587
1484294608
335845923
2974507635
2495528326
2536154636
1634775666
3762376358
189285374
4252231468
4016378236
2014765834
2298774975
3567949776
265052038
586273980
2433964096
4076735263
4106047348
778351597
3218522408
1108225786
2428684885
1785774689
3639206452
705149769
2261167971
2062848551
2541669656
2224118878
3717119552
200596734
1389128768
206550020
2920518243
3753542856
988297323
1497499859
756992170
3573912737
470803647
4291448702
1565484499
2400963207
1641871779
3555220192
1849905709
3680095277
2608894127
3289635510
2708071818
1748195891
482629148
1063809537
1288557177
1757945287
2760121490
2533000872
175363609
2299544991
1266008664
1379924824
3991700392
939581690
2757647025
2124928900
1318291066
497135143
3192068497
1879467232
4247380327
433660216
1168818444
3992631447
207376633
2335523189
1243356678
2118441832
1727567884
2521880377
1147031939
3467882834
2283813345
306077028
1374834842
3629039741
956022471
673724851
741733756
1712821445
738637397
2539611167
1233765278
1840150804
2294748360
1826833824
2296311629
3985397948
3153086381
332751367
1096895436
1659936753