469223575
3369674615
3127722583
1577091045
2469823897
1435511053
270314062
1887760421
744774224
1076659552
1042064814
1685582142
1785251991
2927504009
103620814
4062226653
299449359
3055014424
271436496
1287242406
1027147540
2419437167
4079051085
2673530603
8759273
2612420593
3006975669
2321134849
2111272240
1946479849
1848210622
3222035847
2813569246
1030866646
372931872
1701354487
1760291970
1012891117
2828734076
3697100513
2965348230
3800079208
1206166452
1562125917
1812653882
2110753383
1048790161
769561607
1685561448
4293397984
491097951
3921452569
1103701330
4214534093
641994983
3064495055
3621338769
4263298843
3241261882
1961894858
3181280582
2700757323
408705850
2179055417
1836389884
1002248378
