1682998014
1811569384
3176968966
2841067829
201118425
1523078442
1674480944
2214866223
1706448403
66618338
3260891397
3775863534
460806986
1660673351
2445923008
1066494258
2079303396
1657632005
3359695805
2694987091
4240734650
1581844714
1182072172
3336887896
3102208167
3091753798
952869798
468522756
1848264309
539325910
1534983993
3308449018
236805483
1435940852
2267034264
3937644034
3886298624
253499022
1268042057
1743888729
1342368336
1682840585
1197730353
4045329337
1540275301
1776478295
4283428915
3161511461
1316802623
870069369
3566083521
1729943169
1265266750
2728674341
1031161704
1753861181
406371189
3305519907
1606659594
748374638
1886437573
2510303900
3257363031
3548144497
155228310
3467626355
2135773398
310223817
4135169017
3537280695
3208058320
1859065163
1646711128
1583751335
1931270488
2514857458
164469162
2633750990
150762210
714425261
3993821326
1479932629
162972188
2767815608
4266084810
2427234360
3018601031
2688060798
2165686366
2301154710
474274273
2770142095
3725954170
1097354403
2930093025
1630475314
1031346524
3272714080
3007638373
1745652119
3973848431
1179953779
3210881742
1946711496
4005178937
2527619242
4267233575
1154769718
418302749
3071769038
1679453202
2200471903
2364277578
708735137
1262272803
1109256827
3509016916
3164442898
1179678186
