3216921496
130698145
2451189495
1726885542
3971755615
710642729
3092325695
1310346438
2191680278
247374181
3384316342
2775815465
4285296788
114381245
4282923916
6282407
340226601
3059381927
3523087219
516883662
938233366
679170223
2874668413
3949826795
1799921985
691248187
2175004749
1075289802
1254112590
191698058
3792486641
1945992264
293678568
1421422116
892840358
1036597065
3011920295
3843669180
365058905
4080498636
1598477365
2777050598
500191291
913018197
2455883297
4239035067
1070569079
3243883845
3038883224
1282120332
3893950746
2661125466
3373625858
3526814139
2617554296
1010782830
1095285248
3282461490
3502699693
3999113402
3259052798
4077139231
4258353705
3260652300
4169369442
1711679559
2479517346
1476836635
1810837403
1640800770
1226846260
1080162763
1935904584
1489987432
3719041978
2837566619
4025635429
4246332230
797633881
293767346
2761189983
1562419495
1753860103
1269852605
1197984719
1940499905
4255241402
