2352711135
1007993191
2985496691
756463416
3355794119
3853248059
760470412
3664273536
3713883279
1413274775
2028919952
1918892796
3447840328
4111677544
2342959128
2373287453
1444091581
3085695977
3977335876
2778201704
2587301912
2923873260
4121786856
1389746483
2367977660
1994367968
2819224998
2597452178
3646836516
3018793585
1323947214
3548269074
3388249651
1789689716
3540400662
1554064631
1507939859
1570891292
436736769
1994359023
3689742082
3212340190
4214098058
675406553
654222746
1406274144
761933777
3852984429
1029531499
4247551819
1862144532
3377762215
1967354809
2040728741
1671167955
2771405534
3944826902
432702179
587932213
4045411008
2762207313
2988665874
2148415840
3689452748
1490446311
1113452729
2449930499
494124756
1242833857
1562878596
1655840219
3832096139
3413882596
202850406
2788950697
130213489
1064586038
2077527585
946725214
1500520995
961533912
3665169636
2720774236
3583651064
1548211470
305244061
563993531
2263220523
2928481068
3617782147
1791965449
1395774156
1745547282
3772842618
784120199
1120252000
2951380516
576583373
539208097
3817607424
394967653
567584816
3758303392
1691549835
3408974461
49110967
849821396
3380179559
2076109732
3263076681
2824478607
2994303264
3696400144
2384373196
2585842290
747876752
1708698198
1847439087
2827636102
4234581016
3516567817
294936280
958050998
35588677
2343681003
1184493928
1441195271
3522616740
4129745812
3776717345
2728725419
515443080
1208870146
1064096966
988741966
3982767234
1570605398
3127044693
2492181560
4148507184
3670473448
772538552
1167705216
1095049469
225421492
2709972632
663083364
1640026854
1613660742
2369427202
285437157
3073725226
3565430981
1376497236
1146770710
4137122636