2743051326
1849378782
3300780100
4077074375
526464648
1533151339
2537517227
3863917992
903755175
369994532
3310414514
765837093
670291821
2291978511
1066376503
2521290268
3522307720
671871017
1688311454
3679024705
2386373839
523212830
4250509117
3052292365
4122107315
3172171257
3064363769
986445959
2470773798
1733665154
337493485
1628170267
1944793220
4288761950
3299636129
2493340420
792432673
1772747069
63634643
346360709
3877650561
1914755262
3908833368
3144936102
3536396432
457305690
2159376197
3294607764
1353594767
3629953682
4248245772
2907414404
1105457648
76686686
2247762960
1932782581
879093975
3020802869
2571747199
3487797961
335849213
4287747358
3012120340
2921355216
3282007716
1841244425
3931389185
3984443209
881167829
2957821386
3194762264
1524315475
1850318190
4076953230
3478808762
1680079406
3155143108
2393289202
2538582700
1162451369
3414255519
2541351360
938487717
3621998849
3139770592
1523377262
2699519716
3999704339
1127480544
4087327599
3618757979
2506361835
1740866868
2913138212
2604225040
905448737
308320932
2579921396
1419344519
1431202921
498108119
5506864
3414646512
3058471381
2060803504
3021394227
1111680348
1189753504
3015054164
2518844154
944462901
3177584775
4207299153
2344980934
1720986222
121976574
1040192338
4222978327
3284277999
1153712481
1992371347
3698639003
3853459314
2947598850
3234777214
3388287830
4232890518
1448015472
2299907412
4269939224
2768001043
1071995932
2051665198
3042239326
1314424294
1865820459
3117655962
4187439019
1700863919
4266638263
509490577
1449183650
4228044062
13529235
681690449
1595233834
3660668117
1536546896
1075637479
2486228350
981493985
1955326927
121227432
988444768
1550457522
556470569
2932648008
1695007158
3475159861
2616281920
1020481263
2455473064
1387995533
553723825
3516685667
3026927102
2363784859
2567250913
1055038741
540487734
2613647008
478322827
840933582
524106180
124052785
1826367484
3295797903
555374002
1572011139
3161072909
2087371942
1347768711
2735353118
663174153
226848080
1055711460
134231723
1464428731
330929417
4234530688
967890693
3276151270
689368121
1803361580
3856877663
569333902
3004666383
1659736959
1890175212
91477637
3039080225
1749942367
4210021402
3665769120
2708744901
2508232943
228745350
2021767467
1347957631
3245706393
289780348
498852333
4220359046
2866270446
3128250273
2391985711
835595565
2405719796
1681561449
4249106167
542362905
1258841568
1751562459
2891096172
2998970558
2105031812
369849185
1977638776
6044704
2374064800
777178842
1055372544
3348352029
1060227142
2322992401
4060358210
4170487628
3048691465
3325624580
136026839
3186405883
3673789392
924207525
3267048232
281166689
866820423
3158414123
2958310864
617280576
1802347924
3256926520
89150098
2819270091
3970129369
777753835
1732946214
172928643
1193589074
3059910110
2073937855
4228203119
3042428813
938958205
4087255315
1317207053
65291162
672436096
4140659040
4129789029
1568264967
3073680136
3406809464
1619982324
1509111546