2021208795
1783110333
810183609
3676142776
3606533166
251145089
827566094
2613434279
1459285324
2033411588
2628912151
127770130
3141036319
493355833
4135625619
2667776083
682015280
2309268628
2357908089
1664856292
649947246
3179122366
1479138626
1126875094
1222450167
1985232707
1946644935
681009435
189326896
3037383834
2274960589
3703120474
3459522728
3046742239
4198744980
2445854078
2960726403
880397686
2243024711
581937850
1454847353
2231178165
4043301398
3133416183
2034387864
2096769658
2242816418
3015603810
3862981096
2241354726
1756244475
723347888
3412728692
3692641414
2336288043
798376852
3693213938
191992904
839387132
2925880416
1621558352
499177021
209618116
567547881
3334922156
66629077
502352693
1158378905
1562323613
523604988
258208533
1554687910
2318664679
829912643
3118993880
1686383053
2969905208
1429619901
2119902734
1385230844
1238035607
1920799193
2919057099
538934025
841138276
1416123221
395834598
632182951
1218074698
1324958576
2697927721
2042870425
462655245
4085239700
158962359
1615735641
4117876006
1162475581
1136553616
1421595398
2798502985
