3271099587
3767042665
3482545355
4124091451
51484384
1097513772
2300822653
936424748
793348438
2937951197
3286053477
1360950064
1709899231
3580828741
888692370
3505887247
2841336683
3087234813
546354698
1842018175
532282048
2362578918
790941561
1276410157
1537960572
1758252466
90188533
1334684057
3086574144
4253624485
460374693
1200377286
484759864
219923317
3117435886
3629049325
2449288401
4065101406
2069668360
2967797005
612026332
3717674885
3797486409
1538357035
1800135538
1354469171
143175340
1283758550
1814224453
1721139035
1591888684
2519022918
238131438
1607329155
28836206
474334387
1149934976
1971862760
1702991089
2872041269
33364908
4278438417
3498587290
3909157995
2461628536
2034640127
4108624579
2521229943
1254731991
1687486099
1136376856
2641275436
