2847522612
454754122
467279110
3481343054
1370014621
1198866368
2830814739
676321436
3653998472
369508238
2225019280
3856474120
1671796193
4255085694
465881423
1166713389
2574729726
1514391478
3196129948
2034003315
2706897279
2260732018
4012879093
1137123860
3625582597
4052568461
281907650
276627502
2501309413
3516971105
3035236913
1825258169
81997568
1134284788
1353233725
4204010955
4279319196
4213756073
1197261795
2864002691
3365356740
2061873893
3502995234
2892188520
713828912
3317898205
1834450610
3319301008
3737080966
262698022
1286865965
4150427023
776076244
3296633904
1237019305
1539817727
4115221157
1035880512
2946952071
782227854
766855379
2096212109
1850352861
2411866662
804223859
2143119135
2997024401
365854505
2167010885
1700948763
882987555
2711001964
2689602640
3519177492
1140165715
895194990
1887818303
4195763675
527835557
347625112
86249750
598146406
105545742
2390421108
3914731209
2315186779
3330230260
560313981
3695242314
1819331094
401480254
373979129
901344849
3224097746
1796577233
3161994065
3853291822
509769476
3084297042
3223438150
1132881531
4187097657
3363346773
3878190493
1581441747
1601403993
473106588
1993116369
404730363
1578757364
1010583487
1593639175
3409808854
2822655392
4269765534
513105326
3668642500
1431934775
338498923
2726612421
2657899095
3704514460
2969342161
927952452
968462952
944562262
2398036073
2402360849
283307372
3388188518
749594949
1636273279
400759238
1352410175
3137893542
2681059272
4039690631
2019363264
3225419948
4150577013
147376154
3347413783
2687653028
3253737186
3588629682
2669250533
1781806361
3413083937
1620482830
2260079942
2979068214
2758660555
3995797653
3960764064
3682531144
3682112084
2564530067
2924945705
608484778
1144379382
3058057899
538559360
3047348668
3016095402
311423356
3170560394
3301345979
1277838900
3784877641
3032202628
3957548644
960159034
1949366032
3823592653
448091089
2461749750
814119474
1660230266
1994428800
2113083732
3773930271
2344708227
3350557309
3405310227
1572182158
3076784350
1536637490
3559640960
2962589971
3456249362