3242031712
362182496
163509483
949602696
1227058859
1716958401
2320256497
3182499505
3301066059
49909082
1858417847
1034531061
4217986333
4156009227
3204664299
2937635054
1834254088
3198940502
2566461819
553955316
3477365686
4244531706
2268300278
1004867446
1063287186
2355785471
922089956
1595385551
829806438
4104263527
1073724498
2271416965
4070708996
2156919283
60839292
3036400584
3027941530
3162509663
3239751929
3978852141
2482911409
3946352746
1624614488
1373683742
3266076624
3385297049
3209550647
1218288422
1846367917
3693665310
968834306
3287863868
1628636202
4191107889
1885121775
1451631305
4147198119
3610228822
3537521783
245770416
2935380058
268459664
3450649673
697538429
623948221
3843143901
1679318778
274221023
3451489832
2661795863
16153218
3463536390
151524622
2279702309
3277146305
405602834
3105216142
37258990
2902966771
