2351066552
3763744548
434647728
1555944844
4273402804
1593873225
3165464937
3175969919
1558165839
4027005795
1308495819
2908659717
767127820
2325444077
1803290451
2099305589
82115890
1859999191
3518204990
3788287069
1483194065
3780311200
1587851098
1926518219
2848082868
2440791246
188654645
2690001301
1027144149
1582102314
765278632
1064112469
3190707560
2157719924
557470626
2924237969
77152635
3285489615
740997430
300544709
382078407
4244332458
1796339681
967165053
69451554
1085029197
857430696
3939426748
1334222992
665566194
2510654132
3195921921
2939288585
1990118334
3347237495
2615429057
3814581296
3358217630
1260699429
439888792
527601176
3995062032
3656278463
3947630879
4158345168
2888258640
1854744411
895323819
2814056111
313498199
2273587794
3711124168
3283114351
1438381329
2468162585
1958448487
17596005
1974512732
1117543324
3716103994
995029223
1009479206
664066291
3643244823
1130448413
3891144516
2134678844
3447337854
2397818545
1872808201
1369704563
1010899483
786845511
1941544612
2923532936
4115372402
1736254289
2051578204
3898352068
2069365272
2354269354
424431104
941342298
397854168
545857924
3999157671
3799710133
3750328080
1983196316
382416056
698192010
970044080
1043179168
4258544770
546672197
2561768058
2746070992
4192483329
409115529
1647346765
638067808
1709825593
206106993
992428566
2376664135
3668976517
201264616
3526968996
496523647
1855794909
648948343
1290916950
1135146614
3778438117
3493373713
2119510338
3413108286
613629929
3345665926
821901594
2936484132
355555147
3101382662
161888553
3453706104
2971201910
1522662826
2706396667
3316194130
1083004930
673020750
2387084290
3599803187
971172541
967844326
1775762812
2900628181
2784898925
347739985
1050074250
2808312217
3961191401
1464714779
2594103273
1111605835
2961297831
1611314644
2798425837
3338733194
2610742319
3925292736
2174749394