2587711322
2309273651
1134123504
150109334
3782799583
4063170962
2717360092
1697698068
1690561834
3582613377
2059617835
2814398808
740287149
840801868
4039938213
4265163499
213182993
2361967563
4110705264
1841389293
3103226206
2296041121
2637900001
308605456
2144570202
1441361370
368220224
3357428555
2554742207
656145134
1835529720
825840931
823740609
3458539042
933861047
4034409931
2263048999
1554268464
1474072198
1598991582
234239946
3714218001
36342987
2601605730
1859542514
2181938309
1759042912
739291540
1484509461
1084935697
3614042621
3302711178
1439101770
1477248220
2481237913
4083046974
2723512291
1109996679
2189748586
3940894746
3935237605
3955786169
149961194
996472846
2079379808
615747473
4034894450
89561790
2477768125
2805279442
2961094001
3670619552
293109365
3754883848
3588047019
599047452
240167843
3314485311
1722018967
2582569411
2571722767
2118790084
3513383264
2307876294
1946552112
351831359
329994947
3244694427
2048921180
844556419
3829194117
113163382
2016437641
2680848712
1262459454
772122680
4190087191
86852052
2674400010
3203284210
1122026856
2922684027
1082994872
2515936807
3030099351
915780913
2767093796
326129381
1570811527
2492299158
1013098348
2073826598
2488947068
2265133920
3981925130
4038300756
4239782754
2323332916
1260476359
3651967411
2072744182
1096659039
1443524194
3239876544
1565851887
1525255770
1524906440
802016315
1644091853
4152585784
4069123017
1662144057
3407586350
2436949119
2656723042
2471893936
2311420580
3219209518
4126333678
1587766457
2588970792
2827618954
2891151250
524393605
3058054274
3476496185
173157205
3762763581
107240109
3704858832