2241831009
3392971583
1123315128
1454622260
1865164393
3810495080
732086406
3467782304
3138822205
969601141
3135471165
285018025
1789997510
444351092
2643615331
2953082614
2317612287
2369143205
1126987122
3434705544
537525790
527315431
929053145
3255208943
4210724998
4275330344
837249932
1505799882
1061868968
1301537080
491083104
1709263670
274248919
930402064
99135422
736183932
568929477
2867740505
2019325337
1785476430
1915403689
4203869604
555627917
2567902271
3007586711
634262445
1502687269
3900933301
126701179
3019767432
1196794467
579791311
476371095
1925057610
3280719723
302951147
1194263449
4237823788
1718574452
3752281808
2255395613
2251394469
2089745971
2828966271
4138148555
1526703729
750741830
1365340068
1161373018
293447440
2357573056
506764943
1684500887
3758871169
425090034
2726869408
233299495
3937811926
3649489090
1204482204
1856849890
3825192921
1906317612
2403901223
347391805
2538147726
2762606236
598206156
3711379286
170410020
3154550079
2168555239
839723048
6639674
741823509
4292835541
382009505
317662811
3607474216
187283530
3903748698
2509116047
1928875691
2489218832
4122141021
3568634809
429044678
2288249681
2392717289
2832452730
1829153145
1368304969
2214082905
2447778358
3944412961
3650168906
2128541208
3213893497
3263233330
1932472198
3706047177
2929609022
4213026027
1047849741
3884161479
1435602557
2427742314
664010455
2967786768
3318478015
2143927942
3230478266
4283676224
3750227261
2798781847
2746430312
385167304
2546657683
2066844613
966104025
1320675853
4281203172
2905516040
982668114
4225597137
2975513984
145546742
2600595638
2675962836
2386237487
3618317423
1155194259
1275655861
1538250166
3209489266
4177561515
1158231673
537429765
1400816623
306278444
2588107398
2385033569
3701136231
4293308937
806669812
3856378257
3290418276
2059991076
1401782420
822599105
784328847
543774246
4092208553
254165535
3556063722
3494564039
338030589
1711866950
3791923184
3839869115
3832089818
4103269525
2372961163
3857513652
295812509
3545692144
1748362224
2038910820
2769910206
2789718694
1382847941
2524131272
2180937719
1643782018
330925665
306307197
3628369660
3867346871
3364195277
949653046
2298809881
3768458698
78186812
3733251060
930021068
2531222874
2786385897
3873052932
1014535117
3279633100
4105470706
1634803711
2420662121
2185381169
1493317370
1604742057
287797922
659289666
389094760
2849543031
3686638445
3262316104
3888919334
42604537
4126497306
3475169080
2763790557
2103054235
530478453
4276014323
1491371780
2583443113
522742115
579277411
1286992717
4048053897
214649737
630518896
2325648287
3534678803
3211912199
2157841809
538579801
168391506
190401930
1819070961
1212123626
871416458
2552653725
2802444909
76132724
25552464
2228539533
3365299352
4005124529
302970631
1218637536
2115396396
2759711496
286833444
1239135163
401803759
971083023
3827490537
793946496
1753614675
504232125
2908792992
4033133098
1670126493
196146155
1326457812
3063493209
1924063182
2410995647
130803546
4071793397
1717338341
568880215
2393440582
3695278268
1063473641
3782585737
2644657228
2936344595
3745607851
1326460006
2294215752
3761910334
1768513400
3407912841
1404702389
2856012682
3383435635
1176757642
2097039155
642899668
2038217293
1169537614
1712252004
1430214401
2787735087
2782070679
2700330368
1275151741
4194607143
731886673
2716093325
883633394
2211921475