700180417
506211689
2134810371
1123540560
3679782077
471844496
2562768206
1679458679
620873259
175555782
2978042208
4113586711
2732114075
3700908101
4036923677
428458377
990970437
2260947699
4250011156
1160123022
1313371176
2081890601
1974579924
3608153723
3084332288
3924251401
1237262270
2216085374
528424993
2489634837
3257680829
2435854908
3509388042
2070681657
3706323226
966647917
1981006124
3257197372
3712824631
1574573247
2625424300
3631631533
1589119742
1795702066
2740568054
4248479096
1487252348
1920545850
