2234748208
2915691602
2932153548
3139715831
2091579646
2384344256
415132029
2349577634
765973642
456906908
2430843132
4280183987
275321827
4244669874
1385151291
1957247432
2542195005
392367318
1132180574
2776334206
4093707380
1684620759
809754692
2652814953
1471749135
2178664501
2171042485
2008097392
3844799871
11502782
3366681079
3452350232
2775551881
3367878379
615639498
643989990
945258082
1583970825
3570389780
1299918740
3409398016
2110258172
3380320398
1867183994
1979821740
1014984218
3678957152
2164860610