3742711032
1245693725
1686765280
2090490752
1763364712
1073567964
4119475925
21534266
1878933969
943627338
1993768690
444561014
1217710396
1787914408
3082414813
1814739579
2096158753
405952887
321423032
1682969374
715392049
2162408994
3411323115
1145461634
1216484277
189998745
3465853206
2665844047
3303375401
3866862597
4166973725
3863626195
2204281937
2661477996
2236662736
660035500
499395584
1660805926
2075024374
1466275772
2522414241
1861425834
2853904126
2839767420
3538684884
1923278745
1562405755
4288446222
2143046660
2867698685
