3706058492
3226534135
1326772184
3248199142
2352457164
1022890344
3275256046
2232588576
2479628058
3776517475
1004801274
2959273688
1093810892
2595998660
3621430083
1438966298
1098767773
2552390934
2145202495
2637606526
2473188109
895408056
2112183422
2403422753
2125254306
3279259169
126540435
1580569444
919945479
1266497581
2315835906
1073195557
2676877836
3443886365
3347671885
1668265657
3330144148
3375554590
815402655
2148274597
3282855402
3931395580
2998587952
641800261
1985545643
2615637910
2441684747
3204896335
1831658054
3051359393
3568019366
2899834013
832510993
3733924089
3077107878
2018223462
