10598616
2512798431
4010699387
2445677020
3388115748
1371473829
3059619579
3659071418
3448068308
747753243
3426044895
463313979
454418214
3330057496
3036246515
3411618452
2848717707
1510001171
3036894629
1849545977
1778820150
3585578546
1196880362
3564235192
23821502
3385326298
254797072
260272395
2953270974
3700357681
3324218096
1511903754
136867806
1757309468
2894171731
1842840885
3505536018
3264593894
667254464
2189463079
786331837
484979483
6466450
1703944348
2940031775
2275821968
2151871516
1811522879
591872710
829231025
2373449907
1986752534
127269317
1317699768
1439765850
163336800
3194654702
583250007
187876913
3174433440
317400165
918817063
4182913161
16679899
2787420392
4145560644
3845187477
1402441716
3831026970
2552188985
418356949
2536287132
2016838299
1836746634
2428898899
4213209583
2818993274
2406845544
2209403694
3448527815
3730668693
783553739
1688182481
4015739670
3618277466
1486421858
718931438
3196797184
3042751525
1066703070
3619163858
1993347903
1546272935
4042699134
297415232
2518709024
2540530026
827055540
2483845566
1588457803
4139081519
2559984095
2320499839
963450698
1800551065
2716429741
1228571313
143802058
4065251765
2453644682
3926243151
2500033008
281489841
3584322250
274482539
119426274
241994531
143908682
3531202420
2016756073
50927081
1564966945
3862077548
1136679318
1833825418
679265684
3373823576
272202316