2176655839
3022696911
3693751722
4261021059
1424550785
106583440
3625872386
2871637040
493716611
514815441
2188603178
491091376
3191517503
3656668572
752158263
1044790134
1847611995
2000688192
3973916114
2416601196
606918825
4259356954
774603203
850267387
975257621
2518743197
4265102038
2082261997
590052784
4200625635
372847733
1262696983
721522454
3971151932
2644961043
4192442382
898735497
397436317
349127399
1426986724
3381597676
302657345
3951686821
452964255
508541210
189318831
3740900438
2559894949
1118981027
