262777128
3395427273
1071763810
493420100
1988922579
3586618688
3836562543
1225942279
4004288175
2869250235
1104223525
389355024
1483778469
1240320852
3018124987
1390604188
3124518620
300593641
1536056808
538349393
2204530971
4094225050
1717312287
1367961810
892611498
2076651755
341271417
2119729731
1103094987
3539503091
3566779166
1408100350
1389761423
1178048080
2628934046
1461000705
4077899548
243129889
460886904
2918617605
4202480291
2064389518
3348200423
2441647457
281684761
1819062499
3451960579
1335987070
2031235060
1443068498
3889370508
1357912328
3425006417
759935669
666155293
3197583669
2399831456
3254019402
3885026677
2321516764
286854091
772414944
890714
470010583
1033579549
3226075977
1367016740
3271500973
1884904904
721642682
1095768600
4246909998
1538290217
3621433871
1158186852
1016608832
3150104622
445335636
529394168
2727193751
2836310740
2187523633
3925304060
1125664418
1933676325
849324509
979932016
1082499084
418241125
2297597252
4282408252
3880830631
3018214004
1053336780
2121360783
582470836
2420767894
980623592
105417476
2308061864
16617417
3094741390
3940692266
4025077738
3897666247
210757209
3082107475
195011096
2217819106
1096769451
1616234330
3711068162
