3231663089
2502710178
1332162542
1892047919
1976812353
482414877
4093099427
2108194491
1267074131
2233028301
3159862654
2740767141
2189886718
1704694655
3655395496
2098102399
3806832889
436682195
1633350928
4168483577
2297557106
1085286018
4261104973
2802135600
3230670325
2959362160
1865451936
99837299
327898742
126048429
107679353
598486733
1629318500
3801553846
1661670495
3448099156
2235490734
1600090419
3760689404
2091265444
3717560362
1012105702
498955317
109305100
197061792
171707405
1267446859
1240128801
1752506461
1551830539
2223244705
172665713
712219014
2261985746
2691435869
3418747973
1514306163
1513800099
2029517862
2998315919
3445832497
4240816479
1635140610
2962549467
309803064
4190451574
1152351497
597186360
2463350276
2925842090
2975233341
1784233952
2038438372
3836480778
1388274329
2081689261
3685048114
1628224409
3791707815
3510095045
3698475729
2988866521
465739814
706562743
2498309879
1655125205
2048822602
3634422159
740389346
3929257876
321640869
4004854101
2124939273
1490538664
2175930652
2424290647
3422569811
3422903651
29086569
1999006765
1138401689
3680462375
437759922
2394884296
617761424
2375091567
3524100137
460535539
599458390
1298322010
4001693390
2168179775
3320765725
638299002
1599250060
3175093536
51599007
2430565220
193563089
4215043732
2144239483
1543651966
3011930074
878553158
3283927235
1802643420
2510219522
2894369249
2534811537
3939305057
3575676407
663105476
1311713953
2715744669
2318429722
3107328031
2799592554
573956158
3437674306
1070271
1962519056
579647118
1053046103
2433207608
1178032590
751401005
2353613211
1515851433
1704759905
4234142284
112247541
2581822567