4266769804
163579340
510614845
175751204
2402272876
3326380635
2944552450
1863409054
527847076
1537708387
1243600459
2964418218
420208093
3669284398
2246757906
4100839304
1788442094
1415427158
2675115609
2870298879
1739053699
272497944
4038540274
3162447411
874855554
1566977790
4078743820
3119174457
1832956844
4269383740
4054585341
2072353066
4163243384
3975003978
3987824954
155777651
2643965551
3168550357
3331198020
4029408218
2910367861
614420785
471533900
2792860170
714388839
810405053
868841339
366401204
281437499
526804345
219921067
1777965493
2296594149
298043326
2928571501
2310612445
3294803036
2949563415
2184826201
3823605689
1774578723
2401315129
2601098944
3046536196
1290750728
1937135140
728555909
1931171779
1000434455
3133234463
2497801993
2510072570
4158952408
3354238932
3894083708
1379014062
3076555254
3985922153
1486591075
2124265439
2968603025
217603811
2486375635
2785005960
1344174708
3351460707
2399641578
3918734214