2291147154
3420387004
1622286869
3732002530
3988071732
595573613
865308339
3436805203
55166906
2025601009
2915695657
4055511550
804491459
1296877138
3088940275
3522071853
4136155480
3749796803
3732531076
1867876404
3546891734
2929081385
2165294404
2095257287
3126323488
1759710366
515284174
2315566931
3749740158
103773684
3352197020
520006784
2669362489
694815479
3985507573
3937889314
2668887851
479490457
3195688359
2587609968
99743533
1827396936
1815236064
557292330
3596604112
2410694668
1571249736
4269353127
3060928844
4225183042
2276897848
505098155
2270118181
3111010016
4087773094
1720900937
2697703891
736958048
2331848241
2389924243
2867292529
351512191
3020515153
2919650182
382200771
1941178550
1586514858
933065976
1633394165
37855095
1639315996
2511327735
2145705442
3474893285
3960873344
963290775
333097901
3574708783