2950922262
2007431323
3689286553
279375447
1337262994
523511481
3314391906
586255425
1652466827
909114090
155056090
2403715304
3633497889
3165236101
1422101723
477497582
741114456
2037009910
1710268169
3264928366
3623376862
2232016708
3022689966
3672157951
3335205746
2474508708
780038258
4260692592
1645227420
857538890
1859642885
998150743
726445827
4013507513
1533147956
918246647
714406775
1048591611
1197240371
1000615117
3467571209
1351364240
1714203003
1435751122
541713680
88261022
3666387763
3961745526
392577379
1395389612
1647746716
4011704941
1699135465
4254015427
216605346
1068038328
1889254474
865790839
1354646610
2041552916
1871405958
4082734740
4027996869
3608867206
901516852
242222684
3837321115
2968240560
3823692298
679054382
3579103512
1603128169
1673778938
3663844525
948075058
803945726
1302082300
2120553516
1810622005
1392094790
1663223193
3798431349
2756648947
3102602447
4140695963
1048783504
608160285
3443159058
743269917
850629124
713349098
606083968
2674478778
1565399033
1244596454
2741067450
2570480481
1348221326
1210401479
1270490838
4243851421
2302096994
573642260
3975084172
3786982294
2802588035
1206037657
3122208250
2924099684
579014636
1430806859
2366592961
2583530505
1245425472
1283682307
758967888
1233973317
2821670894
3742526953
1294592380
205881802
52169098
3576802463
