476891194
2462163500
2332915504
2608516576
2403290104
1876139199
1985062819
1902803467
2583051119
4000075678
577679701
3023377260
264142203
982649242
4174751506
994012712
277073735
3080364154
1364216456
2062365715
840261363
4071824794
1829660806
3121161129
792567169
2867612787
3688545625
3462777512
2387949228
2704089773
1563477354
412028171
1719779000
3462120580
2933331736
4087192970
2908292618
336688572
3779318471
966851778
1525266658
4087855457
2035725684
4079593738
1657842967
634225687
1983973931
504431663
1662859647
3507776251
3613170694
3991761186
3380843428
3284140388
3782560794
1140187459
3310291931
1848800721
2895142959
1414392759
1166186232
3086653743
3320121792
1506420266
3797817639
2285284936
3315637566
3800762521
200246855
1923768950
1534008574
3532557879
3383638242
324158956
77457872
539868854
1418258701
798030424
2420743576
2493859123
709153372
1035557644
