600942652
3191254782
3155633382
4174564175
3796068844
2618732198
1632513905
3989000804
3202990305
2445595256
4084333839
4247763436
2830652250
2362588729
2822787749
1727524527
3591602359
2199020170
478497984
3429150276
4074675127
2736204302
601473425
4188576886
863728263
4028039714
3375380106
2578610608
2338114363
99620298
1292106408
3613805165
1634141842
3063542242
1105418929
2195129762
1664982451
262105856
3851535894
3093070082
2536211315
3787777261
355704842
144451254
4003069715
354731181
1506890426
2217913636
588478500
2933399075
2964637804
2246783039
2076412747
3486535265
349612295
3482280095
1025008732
602450824
3494428379
3977412624
1967416089
264541459
1374276448
2025401711
170321928
350591496
138053835
929543790
3873622879
2672696689
1333216373
1798871985
3319131681
2438153689
2081278900
814288683
1653169279
3293584825
684027872
2016827016
180372460
926307143
3924004092
411390862
1696268096
1204599827
1817480763
3949945187
1670717138
1186464470
1714490267
1691854068
2908300134
662310474
3707215377
3198973894
1886227543
2964881814
197535916
2364265565
2318927746
1961578075
1599097439
552475447
1715112608
3444485941
1612728305
847765036
1951758103
3428504721
2986376309
3303942453
497066248
2185545018
3060104593
2594806875
1740442542
1696769349
1788441311
2777988973
3604319145
4261380423
3551070330
560071025
455699048
1318041758
1867372241
1997657336