452500849
1633708168
4064751678
2066548478
2645495776
4292999408
1738360830
3222640964
2744496876
1552060731
1796435440
549727286
3247800166
3670432407
3499621526
2388175847
2354013852
3552164264
567944026
2787785966
1062968463
3931049937
1366726944
1845800394
1545568211
2670854726
3296651739
1122317470
860566767
2585918426
3017189807
4196866159
1847559270
3161719504
3734214296
813376932
2912626833
2690363033
2178489821
1805878041
3547940794
1613618705
3910997092
599316403
1655904023
2389875333
1696011316
1053812439
1414512939
4017243401
91037843
2538670859
9808163
