1122805507
3250720617
2948446396
437880718
4153037924
53014802
1324619228
651220160
2005694275
3767806899
657268899
2358966877
3752577508
3993059529
1908109762
3607713520
543098828
3350988263
244096652
2068871185
3462521748
1952502637
1204424646
752112372
2907853407
2717993129
57301333
699452402
2874089462
1460246011
4188333061
2368109061
3067364960
2688416195
3193872750
2494939809
1108233403
1198710847
347841050
2683192169
917275078
1961047371
869326965
2902064610
770296332
476891937
4075003512
3904544098
3664159794
2418536600
1874222184
1440087802
1744556812
4273017211
2447724843
3146366902
4186417792
3049290519
1378296256
619153566
3801380437
3174880796
1237536362
252832866
4180002261
1288588320
214887411
1818190834
2486969114
3160551849
3033547899
2498759496
2103303995
3268375300
2672991211
3149285440
1440536402
1450993129
779798028
3464842781
2016561559
21668864
1246806073
1713945426
2968760211
1467624510
1791952808
3537672717
777093362
2242009661
3943673438
3367835724
3211373898
1457980080
2470233695
3837845181
3390347179
781526876
2099241118
647246133
51101283
4026778369
256323451
3211996678
1364273260
3789419214
132864712
1572359849
1003968534
4040643562
474859977
3705568133
540676748
549208295
1221150932
2961258274
751161280
4064317204
767669624
2200419328
3636461913
3747271244
2422270558
1406444426
3004554368
2449673479
2391783397
4069472865
2816468133
3742438474
2809605249
3078475429
2601321437
903430498
4131591949
2985000254
724178072
1050383108
984381590
2246852669
1615056002
1946993712
4042161998
2749050395
2268843926
2859343032
212833417
3579139756
648207521
912763935
2545801948
3996017830
1513374979
1877254471
2925210339
3572929601
1096408638
3531647510
4099349027
3635236763
4260372439
960765975
1785609073
3492662887
4235759129
656047208
2368371868
851435311
1044582441
534591923
3095840851
3903585623
772301391
2778945397
524323677
2003325472
2229929935
3220090019
1462146683
3851400841
3458205437
775309090
603982354
2619737505
1315818655
1361152988
1292341136
3992008628
3967146481
1322712169
4064278989
2359474258
3018953398
978665312
2673889201
7536109
1628192962
2284519093
1485415267
1942474857
3317348842
2993832148
3702615690
4027228236
619855948
4120286645
3606833885
1083365804
310038621
235972780
3132360904
2090385162
1645908789
1740952463
2534267052
227092004
1961716151
1099145641
2665764209
1966088500
646257504
412592571
2096104130
881189784
598951084
2024595786
3457309619
2346317851
2004638619
530946833
1783184723
1801181384
110243771
2387703121
1963294785
2679100091
2910041689
1343597021
2849199076
41683863
4289490665
3044454868
2651986489
2351747874
3614202537
1858867776
4115611927
3881173604
717008064
2771470880
3002924590
135724499
980512021
216147162
258462265
2530249446
3971948204
2439825123
1224369196
2092871850
2886020262
811475594
3695190090
518987446
155072299
260877867
1195299467
2124022326
812534362
4277868861
1971467955
3335963449
3345056383
3806741110
1372972079
3196225659
3205863866
1853634650
4156720878
2431564146
4177116954
1583882242
943730658
3840237747
2925019442
1294333081
1679956091
1429136090
3086545862
2546838861
1159272126
5930819
901324765
3673210142
896220500
1913438154
2047517956
621441794
3096515390
189147953
3239816638
425443882
2150003017
3663066769
346101007
1595074316
1166819774
3427160868
999645028
2322942265
3928361632
2229462745
1390553899
2852512825
2798439178
1742527334
461398454
561639983
2778888685
515774447
2361701646
1148709005
1940502125
3646702020
393783205
4122949122
1581275297
3653170104
680731370
2328146160
2426295954
2014872763
1764133985
1092233517
4228724948
254376777
1441137713
1267986857
3774410216
801639880
2656859301
2156135459
3482578988
4037084321
1165945686
2984152649
2735373708
1266888276
1691652876
4171728914
3984521166
1803996550
3709705119
25372848
4106995232
796426728
1814820623
2874940592
827973936
3246945377
3212666087
1636583994
4034950685
1531218328
4071720463
2353466975
1303816064
2029626234
1438342911
281657079
4245548748
2890458621
1277768868
3893002792
2509225868
1872927125
2838588176
3625527368
3426416874
3345502344
2082333673
1488880074
3522937238
1186811843
1484479923
2229428802
3874255733
1593622255
1712314767
973029003
1854773918
1048988966
1304390884
679601066
3276663182
3038135716
3563660750
4265715885
401900267
2948334143
600907727
3814800013
2108189463
3432593121
1096450416
370897799
818493316
3946283061
1102021308
878334990
988334353
871098797
4117338853
2189861665
778409428
651692662
1443589648
3869770177
2896303638
3933774609
572412659
2450050654
3769672722
3165201618
2158663607
2986190810
2351614104
2946835732
750362643
364948154
3273869348
1951141459
506722215
1179946635
467035090
71215034
1932842497
1412510286
2596592340
705953070
2450444718
1441749843
555536910
3782311649
3764497423
617302678
1351927391
2994594649
4109978747
346302121
224014078
3246398836
122099701
813301827
268502583
3992671588
356743789
3004070842
3975562904
103941190
2480596557
2831355375
1700053105
550738074
2524263807
678049363
3229938355
324334420
3294864495
1660103638
2059766245
1061649619
2069630669
1636560553
3390746821
3662801991
3929441110
211947797
1528038943
615129771
2785715949
1783155484
1136373935
2372562980
4007899606
2525359629
1119686062
1837298223