4236071709
2479531109
3313035326
1003942165
3839357310
3150878356
547990156
1441734271
3818590776
3129725520
3952096218
2641539388
302808694
3617513725
851855449
3086025564
184975147
3415027464
834740026
1079830718
3809843086
1895517055
4121196530
3537559271
2483247513
1343303186
577241653
3654373451
867463267
2585789570
4183932540
2971546266
1278989612
1648490217
2386715443
1256113729
3106780301
887096872
1346136164
1754510688
4117745277
1647783772
3133333930
2651049194
2922016353
4096169516
2494679745
3594542419
58439523
2926086945
387944434
2931245029
2988326284
2645866551
1830373896
1232191425
4107471929
2274590735
2551143959
1143265604
1910530417
2280836175
3776826196
3823704390
3156441720
3877458822
1493227653
4246517938
174282690
4209937749
2499139787
3031852619
4021262017
277347130
3307154606
3156188277
1518874343
3841203899
3608764068
2491734803
963133368
3641642678
1359595156
4270329827
2024280607
3620110750
503719055
4267360858
3069836823
2180585912
2154363028
2118186576
2594431145
115486775
3804300098
3546669556
932203030
729033015
3873649961
1263372338
4246385456
1489014660
3111856698
2669977125
615337959
1509498008
624523493
1232462635
273627317
3333486890
2242142777
1679422401
1547066530
1792691897
1701862602
1552308438
2101916279
1836878672
2101866120
3578495026
1781339963
2295928164
2868444720
2973032999
4053781437
1542401765
693482608
1475898795
4160768819
3636418513
617125588
733932132
4277795006
3504009792
3780911328
2389480031
380870739
2832107130
4152758772
4213196024
3527393362
3622351477
3006523790
2725911563
2795430522
753665156
3947273554
2476213461
693801929
3065505680
2896575964
1737721098
449402122
3552164648
3234118179
3061158640
2386402439
3919857993
873110035
2886789758
1177422924
696684050
1806205695
1283537359
19408596
3803612165
494267889
4232224176
3082032155
1426515539
4240755517
3306700894
3220983477
1809808933
679916309
356003999
2159313295
471874092
2399456620
1815338338