873325801
3783426422
4197098257
2824946769
1499612249
3008239995
4022811582
2041719787
3495003101
2890030942
1676471435
3335418223
1035388456
1768402793
648278
406180250
749279654
2256647921
477675830
2253655266
1691344973
3789074532
3378572418
2022438194
2212503158
1028537221
3790154485
3118889555
718113511
1483136172
2942007476
3885789504
175187900
3168508259
958313825
2326351306
515580437
1008597188
4230291463
835594223
3826856014
3938818148
1939451180
2974868117
735388607
3778956239
3204393511
2664558793
2533922145
110779905
1644415502
2133515135
1915612454
303999897
1292170738
4108276871
101095349
2717446960
1826142024
616206099
1661273139
3107305964
2407831648
1052462709
2703954593
1756120189
870092777
2386872546
74155984
4129291276
1905622905
90499244
615000053
3993652135
101669017
3755617746
4147068538
1580293318
930576214
1854234484
2646570308
4216706914
1313650347
1542465552
3713830873
3940729440
840070090
1644205051
3168578093
882739454
682870874
2636651440
124068267
2051244794
1154069654
3350197549
3616949770
3544957543
3718751331
42646402
3326805292
914510215
4226340338
2514828991
1830857041
3616906367
3635278991
718959800
3615756160
3299743627
2237027343
2785308467
1533909233
2973212047
3586734130
1463383011
1362191641
3596972684
3479561186
4231966606
556083934
3118350263
1695209055
1259949273
1624958046
861164346
2980741588
875641911
1804058071
3529749235
4119182396
558424243
1807328262
1914180298
1986545242
4290208408
848431152
90981373
3070740599
1953568506
552524910
2747158166
3637180003
3335929069
3967758631
2511887320
3911651534
505981796
4173305540
486349085
1420090422
621675485
2918124493
2708236935
1030253148
3449195920
777701847
2471130479
4003326744
3866936046
743890495
814682984
2004394967
106742237
2539250779
689013002
2196315788
2558489371
1720164185
3894546305
795999265
88595376
1673828605
816658694
1190668794
543046651
3829986777
641338939
3116665456
1207101843
2084401126
1179155194
2324165801
709516646
4099709556
2582894866
460130198
1703780117
1003359790
3468791407
209069615
1409468103
6706449
112803032
2476835397
2688727850
4286849282
1683363202
2610728207
3560744492
637056553
1951102653
1241835594
1645876870
460255446
1334680003
2709775919
4076643742
1823216773
921215323
1960221415
1988794160
2669626234
3268257046
4192410309
3544628206
3839366017
1043252342
1081280330
4268853787
73955282
162757712
1287106181
1183327855
1551359076
4234842709
2000364388