1805897713
4135395058
321477411
1532624454
1102047922
830300487
1631449879
399588766
2839981816
116998662
2245078791
4222416404
3332455802
4244073693
987939056
662921271
1219584463
2698152391
2423223102
3645945948
3984031914
445550409
1849588802
3517362991
2313239249
3826911061
3857118288
1879763124
3026164722
1728323662
99289222
1473858991
1915690535
2841182549
2640032245
291858646
1003280033
1357674873
2084656713
3768371008
3881538202
3766719901
700968248
2959931799
1771052886
3594970496
2793691643
1542792363
1477551668
3138188616
1157331390
2701977052
1426795280
3014857873
3605994817
852002922
1824105248
3752700111
626679246
2301400673
1995938179
2861759908
3395925767
2493517751
1051206735
1300440810
2836689621
305181085
3047936873
2660297683
138971249
3987199366
235806836
3581196552
271745925
4199156141
