1635570053
564894218
4230994632
4163063637
1615123065
1160716334
100729739
3296398021
3037202656
1941209275
212892830
1767534857
685740046
4276152922
1525873554
2250960588
2830917157
1022697535
3736777633
738414399
572621664
3202192689
3258753464
809857107
3449040550
1128134552
4254922208
654819066
4116220136
4160075026
2170733877
2715834919
2830689352
3733790108
3978997927
2321172703
3108621501
2642433579
2551006261
3232277202
56101946
1001440943
1877379252
2889728373
1276539284
1719228824
3717833518
3205077475
2802778994
2536712371
3155288895
2896781933
2043480456
2910470652
2876994805
3443013925
354072843
1008203332
2176364054
1944317973
2193453802
3211591042
3187613170
1271411200
4028360053
1916801734
100808328
1659991770
386007190
3771702788
48085179
2767106619
4247716083
3599303107
1553834057
945654737
225470867
459076103
99135427
3702288946
2107573613
2155542145
835634554
842754381
2907371326
732504800
1145814533
1217768270
197627965
1971326262
3709881424
1322568618
4135630971
1718570188
2664516601
282910985
584064815
2168589210
1817519400
2994548650
273938918
2574471224
2986054108
4057298725
98762298
2653775052
