3367691887
2644353414
4151607652
1034894627
77746523
1702632776
1933160888
3009408247
370363028
2869717925
385190386
75791113
827603707
541543051
3542523685
177157094
3810924248
2706650074
714168993
2341020458
760162292
2574833519
2032907904
1885812438
299978481
3618117804
1727326310
1763015923
1242510537
1578152412
1094003120
2003415503
331332448
2735312124
730730007
2523136995
3010730022
668215662
2388603601
2927468489
4274158856
1800129460
3247428040
695752085
2437670421
1542773301
3145167242
683112482
195607435
1987088345
984499200
3235175174
2318841000
2329464895
3950155714
