2404386140
3873263942
1338679173
2995904264
158214233
1459231075
2923449897
857267237
3791992384
4193024630
204738790
2453092011
786439072
2532008701
1702126386
781067512
3553684553
927412033
2997566873
4071791941
688758137
3922760002
1408660590
750167631
4104615041
327425689
874331400
1443146992
1161800206
4173362553
2718421467
2609624675
2373303846
2322299216
1916315208
2960182184
259965329
3379372190
3330346546
4137629593
163161462
3019739152
4042300513
1255164432
4215051803
999386344
417490440
3989510154
1423938632
3864052183
4032506208
3729055136
503955782
1095537579
151436977
704595869
2060593286
1775552850
3253251940
1793071057
2064139136
1982241711
2417162723
3794592519
2314013862
336655191
3779861384
1005810008
52552086
122564669
4143883936
2036696397
3895389786
363974797
3154400119
459591824
1348670543
1764964922
4149452527
2131471703
537126802
2511943204
719271453
44282426
1396678096
1745884831
149686072
4199199311
1720139677
798171585
4185628943
3530200896
303342634
1148995224
2005361912
75494028
3051643006
857814807
765342922
3995449690
641817070
2140601653
592010292
3203067886
1802614048
2423749731
498969494
2222442383
3224856228
2392186350
3611662630
1597272287
686581356
2607318790
3718318486
1476905814
308796501
3170899913
1031328041
2547841272
167302988
1213571136
4028966931
1218477330
1294653071
