2716863786
2258091091
54207820
2592456054
1097536615
1712095650
3975378163
2521775811
2005950422
1262684757
2635340928
1836936234
800814910
2070688104
2551453888
3956516030
1272841624
3172925177
4048288049
4063506364
2184739820
3087550104
156289270
3020081765
1991766325
3197365613
375626649
1765571619
545158671
1559283043
1312675582
1389600444
3304136946
1582819094
3775325295
229127940
1181512822
2085169986
1481393701
3051931067
1267064124
1683050001
505769358
3786819072
3528881684
1505172524
3485753539
1279950766
3301487435
1753578254
3637838578
1241615308
3643483304
417674756
3695952614
1844255244
17964460
1578120397
2300843240
41199922
2539933525
3625571121
73548732
3857125111
3484672703
670387187
3232062582
1179772635
2283626911
2142215288
2475047609
1218505441
1293026125
2471860246
172970934
212277643
4128016395
1245758256
1373012137
2203719486
3975581614
2623822600
3448139616
785062635
1529646580
1673730467
4066522421
1555408745
263862002
1221052572
3342475737
3225410924
4171191560
3829828039
3309291790
2706493440
4259949319
996810061
3020461205
3784473571
201544142
2867923631
3684626366
4277702105
2034040039
3004631826
1636701557
2658578850
2492248822
3324625190
161621586
3177471162
3014481838
2265367093
354456062
3841603778
2082066892
2614431155
1102786298
3654290168
3450086454
2430362198
894172895
182539369
523778567
221679071
3390759909
2384624249
404353938
2105098587
2574121170
2333702762
1404365189
1627960667
2835950314
3772684607
441403489
4282522286
2942414711
2423222667
2139322498
3495556282
2250046008
1111921520
2407248100
2319841319
1623731332
3183320574
3027989427
2521338894
1975921259
1049142604
3774862782
3446612469
2263712812
468927179
539451778
3528388404
4228419037
2128971504
560635193
3521393922
2018917940
1531416404
2637586431
3828106524
1397767494
1846224842
1033364839
447727970
1169326020
916953591
3360178257
2195314884
1665485434
440151570
3962404075
3272383368
835929949
3690877651
223040202
2863641559
3692077786
2883249685
970601445
3465209034
4133249946
2156878061
3343379804
328320111
394971847
1639400698
2699748650
1431001590
3753173685
1238976649
3385995822
3662811666
3103610256
3989936087
1167228221
3675014375
2076907125
3071604336