193279800
3172158381
899967723
2951463389
1039516498
2645257530
2800445852
3948560322
1267059067
4142690459
3468797125
571448457
3744964357
3307803663
2604213019
3425262292
435121655
3568603491
1133798805
2406146859
2695750057
4246578832
2437704363
1850505887
2951565999
3962284883
2017520252
1174353393
4277380410
1805346156
2455114352
1844142718
335063887
1337980889
4157410596
184692488
3250465899
1549315995
101406784
1194109104
3435273474
66730394
1336966062
219620754
3670824060
852688359
227142590
1112780662
247041177
3438021639
2637436138
286622734
2815764142
396603343
2411183339
3004598270
1455743830
696466237
376397435
3185587854
2565517334
764942056
3052998581
1485076846
1466753203
4080932577
2859060400
1616788527
871537358
998160089
1861916640
1742260749
512037112
360087803
470589943
2601960522
3954761553
2450720892
2154108876
