571370509
1045886056
948543701
2941837154
2911640687
246833535
3366335721
133712092
3793125537
2460683591
1608985054
696994485
3832127188
2370050908
2723071892
3013597593
2447669559
3814477678
324645532
3704376899
168603520
3530704543
1730518531
2980500619
995841464
1319889093
1915261633
2238321368
3546721222
1045054344
1869836970
3738154933
1629278767
3123815038
3992969022
2310846304
11525715
3428388641
223914786
1270718742
43316556
2487058900
3502733475
2990295199
3982773738
3812587618
645134565
3749302132
2384516789
2405159198
2111088730
1572786785
137879311
294526135
3341120270
2891524683
3501452533
3462384134
3764092892
2535815085
2045349002
2549411253
2984022793
735173602
1776809951
945633817
3021449386
3671434151
1751022974
1928642973
518201159
1040443750
2476684366
4257708780
1144081477
406611087
3344513597
3249780295
432325796
3341601619
1649406685
3426267470
2452286278
1270317810
119862483
4046694564
3697149394
4164646759
2736755927
3445373960
2184110309
3808594961
1378902180
240444665
3147537770
1388018168
1463412021
964702364
1546854931
1165300318
3022949681
1560565705
936190840
2297188385
3439695154
515406040
2848197559
599176189
4094372608
3945861814
