1248293695
4115054031
2374249836
4160750205
3068681875
3027980089
2090184029
3659480923
1913378701
286616387
943488128
3520430445
1029398499
1696645636
2833219142
1042479336
1948999272
873556210
3816651190
144410210
2998801052
932006004
2180453729
4282866851
3888819895
2523355160
1739900557
3321771172
1367485892
2907951713
3159398701
2161068335
3647777563
3270106435
1406981759
407348746
4264579153
1581407354
852742151
3430578659
4219382851
1274887297
1926761140
2487890190
3151172942
2592346516
1920549459
3069592140
310510303
934653400
3335132035
2643190687
2723065096
2482791098
894521462
1710873712
2693215740
4074235661
2788774476
561508503
4206172250
1869162621
3248491754
3660336409
2059990954
3906132416
3748998242
794364450
440818284
4070052728
713767427
1135473326
2796985385
681274469
457734803
2828277833
293411181
1447056016
3565484274
3196681290
383649836
1964562118
957188309
3392611279
3159760388
444892778
2944840015
3482784765
3506475627
495519055
3614529576
2983059897
1224082752
213205689
1259970606
3695942716
3601448819
2087532134
3601448888
286658460
2773930748
944715355
