4078496898
867298009
4291880361
218943169
279788410
3880166199
2703606741
4256625652
1098777154
1602486358
1277968519
2048078265
850279277
2593956850
1340456459
2826784433
490949396
3032864249
851437
3396059629
3619440110
4144359675
152241729
3593989656
3338626190
219193824
569868457
3063959964
22771620
2547124909
3865605157
3036903795
1709797909
2225534471
275298382
1995184508
517459469
896827163
3437332282
843708110
3615040341
1211386688
2936556022
2016353915
2377664559
1200945167
3215308526
1616779885
75588676
3457528366
516550322
1086709450
1002053116
664203270
3229039957
3113635064
3868508724
2467280772
214004160
2437121702
1331715280
2908834378
4238642007
3944667343
2185715896
247327098
1058390388
1782565658
2339169903
4108201840
704450930
3541385383
2878659040
1559247769
3029259636
1299484530
977952065
2889694317
4136919588
3315290989
583344451
668235336
2609433746
839085180
2589109980
3306383506
502002786
3147128968
331967793
810475276
2986336631
1913290746
1671975590
1015026141
1516030244
2932582573
2686676513
1679426162
1251869426
3552043387
4237040707
3175273328
2741389145
4138107723
212795139
4048356628
4091069780
492282401
681371335
1770623324
2914263275
2095625554
1642888730
4080993389
1371798299
3896956616
581495319
1050800728
1623210298
1276142497
2482322375
368532753
1520623424
3011487403
241337053
4130345189
3208605479
2292289348
160065182
3620224063
2231221940
2562711849
2794111970
127606003
2292056975
162864813
520271332
1061527472
3185675829
1067245970
2412298158
3830250870
866507035
1312536648
288647897
3753399195
173145809
327690195
3505061763
2996999846
3510963111
823542552
2031142042
1038751267
3615801882
1784616052
3292743220