832330495
2353286832
357732181
1818453693
3038400147
2950135298
1145751780
3459181576
1976036111
2564060820
3152452778
3468081822
2525390442
761062431
2915669836
3278737832
2955085908
3029482369
1869626885
1191743019
1074439956
4002648661
351681904
2658792479
1270084708
1946914185
473618354
4238555927
1007877097
719288218
1615655608
1107578221
3667628350
3283222075
283285234
3119251641
3659849244
699215369
2483893340
1902155651
2682216900
1271301108
1101359231
2463893671
2320770057
3483001390
2652151331
1045743792
1324226243
3721882397
797417708
2169233301
2987728900
1397656604
98854277
3406358920
2111758530
1984968436
218588048
4131583455
481777766
433774546
3639903819
3297973401
1881884259
3804699368
2320585411
3088760356
4143190893
3146954430
1846048967
414493649
1617231372
2225572322
15215544
2931421527
118035724
1687681334
3394863085
445173848
1466654534
2975332455
2266967064
3970844684
1756639333
740240447
1634587794
77929340
380332643
3647675229
2129207396
453317821
529396730
4170129454
616346509
4112291796
4059445765
128544835
3734235296
3721624848
1373945816
226804682
2957721545
584217694
4090585541
6454838
260289316
3540453218
75653369
3147678410
259130193
413676679
3950617986
4077754400
1836574958
1952534396
1599772608
3214389243
281096294
1406670211
1658022558
3783139030
4176905057
636717925
2843756345
1214065193
1252880092
3352481272
3963766666
1632891668
2116739990
246191358
3701453384
3679012406
3672456587
688104497
1894434432
4216932343
1971308848
1827970199
2462199738
1699191279
3380694021
4227917572
632694129
2858348762
3312322535
2435408983
2980299783
991499696
3872994829
437254355
11168932
3424960911
3505594807
1172837588
2472431327
1240161938
1421753730
1248513284
3102270188
680775873
926681603
1057906279
4084654209
3910394836
319780826
3332615558
3552522536
443023628
2200720576
3669628215
2866711824
3945346995
1824084872
123190450
42369453
2896240999
3510054900
3263318088
50559315
1509462813
3125187902
2623508243
2339293903
1105822735
2582973649
2461395419
1166293262
3004328163
774421242
3726977467
2129961870
3828673466
1435750598
2285346294