573966838
2738506000
1376641400
878528368
2218450080
1238406878
3768398965
2427100309
2267059395
3958991283
3510440158
1770523681
3629556041
2155576526
737983617
1551444585
3908100141
159121723
2236053464
2766641511
210695093
1442673410
873658113
528213448
334769943
462648022
44585734
4200263145
3932781748
1742575226
4168886068
2304335773
518745526
3337117385
177845876
114796737
2312821620
3779201604
482051669
1467135913
1175787558
2929351473
854735907
96240355
2040288917
1543233545
1070922545
22960454
1157429224
658389597
1310791933
2063720996
651733313
3284069723
1419757697
2196246101
1062764202
521269919
368680076
412039432
1928446909
1666613125
2931277257
2734215665
3245020900
4045315424
1224556798
3854876663
2067770731
2301418551
3981973965
2143713969
403413713
1878990327
1771122382
1875441795
4094546648
3508744461
2341766038
172230660
2836941724
1376138203
725413960
649468402
2480097893
3684796618
2469372143
22169716
3340581915
680741027
3889589217
3953904454
673393818
1529917049
2943272698
2057095033
1257482755
2190954927
3477762887
459048026
938153565
2291199640
474597855
1680371502
1161970777
1965156487
257419183
1729135034
3380855947
799869544
2598356589
172014799
28951266
2892007111
1238423852
2022087878
2014633925
413138190
1913357211
1368581550
