1911826658
2012969424
3395603302
3818703690
3068489459
150113425
1444979893
1001845861
1587534784
2137652306
244855006
730108957
2216587555
730003070
2863191155
2262905289
4234703170
3528742227
3210449617
2403972692
1500017582
881076851
2481462699
4048623737
1336326479
1168035223
962794968
207609763
355369934
3821264876
3514684508
1199024101
4119302501
1341641103
200095975
377740166
2475583173
1157879091
3310435468
1154550577
2575812409
1859821452
4017491174
1310010841
1397704660
1846617199
3651491112
3853507383
1758983682
1100402674
