3941744557
2108953530
2734764975
1781604769
915702748
2431377443
2401993613
2189344618
1839391950
3801066828
1958951183
863731595
978153311
3758591538
155925576
3281106028
2610710182
1986744052
1374132311
444923605
3095752483
2143674420
2295950704
20380452
1462181343
4150361517
1168413140
3598614897
4043062783
1487733331
138305956
4009669623
2135578341
3947083715
1063722507
3271720064
2573378898
2757071756
488027785
2130045874
1252558104
2566659504
2935370017
814382120
3300335643
1347774668
623864588
2662600645
1476473499
1393998900
3253125639
1419449765
1948558869
855651402
3143072877
3788311521
246671791
390020012
2162279777
315363929
1327254561
1932793477
3394137419
2204743094
4185997372
2556463761
405279013
3541817315
2716731207
3649752067
495057488
3023716923
2804489724
3934075541
1484441627
3364864173
79291394
774666385
3016462042
2845628130
1318544323
2397696359
2089773288
328463722
1751900517
3793068208
1872444524
3050647688
1383668471
1856671618
1401794928
446517996
1722385394
2729840961
3985336799
2309340493
1705859497
821775531
2176921122
4017901275
3539815909
2113267232
1600700731
928879348
3363819403
1335006227
2233001956
2120772920
4029442926
3741385370
895687811
2385173366
3496365732
2484896155
3119773499
152461841
4065063080
3866261116
3672855427
3444762627
2380277986
2150319622
3559648505
2175449963
366780502
140841823
744814509
2740287945
246086886
1258301453
1097384741
3561753153
982092178
3533018324
1078164603
713761126
468271289
496369746
3808347593
3010084185
531434297
3806811677
3480536273
634877253
1199922332
2532593639
2407969724
1657684397
3412629849
4134968706
979439329
4036420489
533767282
362012078
231637470
3586790988
1481861267
2601528552
3214205908
487375974
1426433785
2718623826
2429148849
3633679123
2977979368
981185418
3622989215
1120164954
195799560
755250394
55162402
11510377
2897361312
358111403
3348514791
912969979
1651804881
1387109129
3897716341
2873458586
3664004196
1525643061
497543997
93967282
1877454637
3625657617
2919422205
89618373
3749762761
1950771899
2503553367
2524842087
3033627503
2654343406
1283121102
3525435471
3048557192
4161429304
4016348327
1510991193
47220388
3968146877
1583366311
3671786572
1896463572
2328278414
3629052415
552126154
1196297435
3472876911
2059584501
3747067592
3913580923
1914544028
2022705295
394793886
419105932
4053062858
3198041265
2306052559
2202015630
2825592834
3498723929
1964923126
2460671484
765610576
2773560162
3028591591
2489357494
2351815747
4143470775
1841108365
525598881
1722028736
1339155705