3645011140
4059269286
1585941182
591726673
3657648889
2005197445
3724661164
2564982136
2798340487
217432122
3014628365
1669605613
1249405276
1815255854
2384561368
3491572655
4061635785
3833119955
1309671567
633298260
70519196
1678759312
3109422973
2951023740
3383147338
3874554052
3949963678
4168191164
3785466670
1297820971
1559964191
1161712191
1963872906
32540338
1007363638
3115009748
754578265
763797403
2698274050
2538420973
1328131519
4036192723
3394077905
2276259248
4192154793
2421800693
1644551130
3059559216
159698368
2582725315
152942566
1674834303
2813417929
391928405
2762623385
4065151517
385393339
2324443514
1282210561
2889295188
3714570882
9331880
4009113863
308615105
4149337754
3885455911
3153437171
1237631431
