206150929
178384706
854957687
119642766
3975206462
500841847
59723601
2265781346
624651275
2075246413
3126364500
2490687083
2944359243
3768342758
2759308737
87298103
847886512
1204251989
955736964
3872679764
1376225990
3525586547
1816396888
3547659345
622377283
2220204694
128947408
1940095682
3520355067
4124930272
3702167992
1681784390
700212836
249368896
576935122
1861260544
736035668
993368716
1045119926
749102024
2144260197
3176688795
2787052153
20614902
669998018
616221007
150308294
1823690967
734013848
3470223666
4025202181
887152802
2589622259
2685211127
3220279899
1289538006
3435662498
931655555
3649593545
3852770829
1290054353
1761731355
394700313
2287468210
3927071833
3679368932
936755030
3305404426
2465748625
4015551090
359863735
505741364
3648198513
1461559703
1607509385
692796074
4052714391
684932028
3685572040
1270271551
1546780924
2083294166
18321518
4078602150
662433940
535051725
