53732761
4195002671
1227509856
4137293311
140289681
2151343886
887063255
4130271034
4070414401
2684922028
2284576887
2692987348
3327616367
1823540282
3617635339
3450700291
3576509469
2050380607
2730694152
803237488
3105076527
1431604863
4058418413
2941743945
341096314
1427605771
866326517
2517361330
291786806
3021826781
4137932010
2939143273
2994187917
4138182309
3372335065
192146915
1500846899
2739234496
1297373067
686788704
190655854
764321287
2431018106
969017229
2729477388
2885341394
3653785921
3574539857
3577781561
1092507867
3447365447
3164876695
3660312757
288509264
24130234
1776578579
1825350131
1015775075
3807582125
904623241
464332088
3722622753
3999209523
1571777894
2041774707
3820255883
3827235374
4293625142
4037589579
611420298
1211175699
2199415886
3955905307
1796661310
3313835268
511490885
4011542829
2609854665
2820440977
3382809851
2972687009
2586730966
46504676
3186686936
955654305
773335748
260122544
969353799
1628277883
4143785235
3647386172
1188374751
2954360223
4025186526
949612132
3806177037
2420376958
3998817545
2368633271
3550863801
802063411
2246781923
723745192
1542841442
1016450883
3679918572
3669815792
2225814386
3328923595
2943936671
1359458336
3497647197
1906621997
402442723
156964594
1812646467
2850008634
3623815784
1202250745
3669037035
1347093068
3368650866
2336658934
89562153
3272274794
728004189
1548849634
1891443549
619964959
2577222356
1832543930
2162703439
2968429512
3484465571
3956051528
3830960726
2661023468
192900698
1355938376
320221677
2004597918
929671875
1331455727
2920838917
3886801720
3305889690
4251040440
2162625301
3731921067
1361843576
1649063669
1898713127
2715550297
1513011577
2025298680
2410330335
2692744665
3481545228
2972755099
2137637285
2054495895
2660078184
4067071399
3972324979
2590746543
2965066543
958864386
455011291
4057987207
198408671
823447699
1536925543
2076666320
3202691981
2287801121
56547260
4264075853
2505214367
4163442271
1763411768
1528553006
1488751931
2535053224
2575838587
1953194947
2052169698
2838130927
1380134407
472087711
3048505573
1560650473
759722350
1296891269
1271320240
3899391495
587942146
2750163448
2427298822
2469712531
4214833473
912650719
1153938326
3788343250
107772190
1164441533
2310342715
922266682
1316546817
773590376
2848569605
4066733317
3785394272
2080096934
3613032647
626115159
2120684753
4034126144
2998307211
457832577
2379942461
492687585
3095951849
2180679059
3485973365
3052906732
3472212945
18729723
3467271371
142642168
1062233253
348705245
1464427183
3528128051
2324015022
797505387
165487174
3261069402
16332434
1372760693
3303932941
3268844155
2184894035
3823936174
1927433929
432341363
2481582099
2792136082
2904852704
2488765107
1226585824
750453326
3454613619
1088137045
2649918973
511098060
714291275
814629990
1346890705
3102423963
3145383008
424454525
1324722170
943132585
2635387915
2050334828
1660940202
947433894
2711109280
3499571762
2954476393
1371891733
3158288531
256371484
2582121168
442257417
1831817954
2315753502
2054420871
3976834995
695260782
1959677006
3414976114
3024299427
1118070456
3995382874
3940261444
317890349
2213431126
2234469143
1552688643
2938900955
1817725164
1747183672
814966769
3289972995
2732713478
3754110889
2603428884
362064452
2775970104
3917511360
1735014199
1497691392
222010158
2014914340
2172925342
1107669023
1732149656
2271933971
4000946865
131301859
89965977
3520289880
3963480489
585374575
237196038
2957460011
2638351027
1250361408
3776957169
2950447668
1035201052
3415648284
1852755115
3714259834
2177858204
2133668365
4078315511
1276910490
2261618464
367607741
1191289847
2111386631
236881029
2114237215
2995177216
3678754802
2558901203
543079144
3944453067
3593746755
431712541
1765167457
3112109643
3366155781
1204260833
2458222699
2417153138
647235579
3171399920
1689785433
1875440165
483566183
1643284776
2475909434
3173732460
3167291432
4186754974
789595844
2766139513
2013521244
2063334063
2203482379
1249795490
2640343992
847817778
1874832635
1085533609
3690219316
1943376863
2928376970
2364300279
1134948123
3873796332
2146941962
3272785102
412349660
2757198615
497391294
1316137842
2192728092
3724268610
2373026301
2310195956
687545657
3964546346
1968571834
323625195
636599642
4038914084
2344642707
2130620162
4101244245
64155493
3036706886
2417266473
1212254825
339495014
3772427360
2197558554
1743329268
1166094633
2264984600
310131644
1189240492
2575543876
571741880
1730283662
1713482923
290529834
1662897564
2980047271
551362850
2251129766
3829419104
4152561121
1502725524
3789028151
2175382005
680190479
511272999
734799161
3367933989
2468545564
1069744472
3888269320
1012082468
4212708143
544971958
274330849
2285850462
3612967804
1791160576
2508522814
1993952849
179129373
13692759
4019904340
2181688524
644681178
1275065042
1573793822
3865502141
3169042660
449729722
517606003
3076162791
2344487453
3130528369
2724066945
4265407295
3655473933
2335615329
1916076284
2557382320
308306206
2721438961
973263152
2542963529
3843926569
1592434784
4024019769
3441423442
442578860
3304262508
3748710299
2753388620
644367914
2886927966
3619922465
1494736179
2789214587
3264071133
3741114415
4176263697
895309449
3286748929
1135164497
2825978476
231221731
2627872049
2203866883
2596993111
951725015
4060227883
119838612
611822940
1461474814
4272712088
2592162044
2021865988
1181328888
3111713562
596827318
934979224
672295516
4204471643
1407235504
2989016329
2411439485
1455887076
3478311105
843532026
4024270317
1491167069
1563609349
2888482025
2583663373
2721468912