3356625137
3860804073
2207941087
4103651036
4082040965
1341504447
1353021034
460616694
1850286594
1636025896
2118614016
3093579895
811094440
3005178873
3684144319
3693986491
1063284245
424134311
603906945
4022891096
3893765339
461524789
946792606
586941128
2147747622
4176799617
1559966116
175997747
1436542547
4279161740
1242491276
1699172778
3623376046
50435286
771796090
1176750997
12941548
1689996999
3276644404
1380890462
986833613
2119842335
1854197360
646217377
3092496258
243776229
1725108703
157563455
1932400185
691298768
437553290
712499910
4150080332
2689476793
3825688966
2440614683
3935210745
2208170484
2459172576
3731360208
1550801571
883191045
96634627
2570407213
722578213
2350844247
2609870650
1467797582
3261494309
3915052974
3932485276
4149256401
3820939448
2937028881
145201586
211930483
281925890
370047099
3436740533
1061483688
1530654738
2781152108
1027967511
4146879392
3640487218
1155209861
659797076
91906501
1834037601
1024205697
4276853431
3256988455
115938663
650076026
2561933980
1957086581
2021118285
72730902
14974763
3533298559
3088120902
1890200420
3712221429
2714040530
1670805895
1299493810
3650258628
3085973389
907484241
2373279871
3025557279
1479998498
3115690324
2446583629
2518215379
849793273
2478845952
1068045853
4020041288
2190169245
1463343747
2990764218
268301602
3186044864
3494663459
305341879
2571865177
625947725
2208518127
2207604003
2404126821
4207880234
1586326904
3229720029
1278762326
3672263130
3796860276
3694716366
1330489884
1696137211
1663872951
2393505266
1857966677
2506567186
2842334393
43106009
4110638980
170586482
3191627325
4207012299
377805329
939762152
3139047547
2927245511
93593164
3909522795
3501349477
465911659
2545169846
4224880582
2830062941
2344334896
3139929563
4028239743
2318942516
199589477
223082943
4174982890
396719459
3428066981
4043929951
3702593801
1849919346
1892703796
3091023480
3061783468
709983855
394123298
1115403310
3962024827
1886968826
1858306619
621203011
2244079259
372403778
9818835
483031026
782077753
590497419
3151221734
4285856873
2320370376
3401146091
2058672382
929852594
349668378
2634255113
3636753949
1518456617
4200997074
3209046015
2789971291
1214074475
365099119
1544229813
1343526389
1560330404
1902779483
3385564273
1482532882
1394883495
4086770721
449679373
3414423152
2592278347
4139311709
1988680400
3193231271
3416842689
117574600
2485637537
2541808732
1852545070
3532628184
1316722141
2978591302
1232472089
96822313
1891480967
1679355527
232087048
1102421821
1899999282
2452941559
4050635612
2181186980
943771189
3078027668
1518972222
537038583
1729546165
3869187112
3980445915
1473455604
2969078638
2079251079
755230013
3406152529
2542947744
2991475736
3438474060
2550092180
2774714460
519158640
4076051764
4186599122
1148371422
4244601398
676346810
2271039694
2331091949