378607138
4033466246
2959137184
1274917660
1059899157
239172654
429082376
524665211
2692586934
3546658202
2739817457
2017774180
3605886601
301933877
2020797015
3454477299
495543860
2686418615
2913530282
1137843736
499154899
3731534338
1959437635
1914335603
1008111533
1700355658
4183950306
908052790
154670151
1922662337
538655670
858739364
2837222937
2847516362
3623570778
4083447890
2231708094
2096694510
1584284758
1290657125
1307310589
1774874860
199109338
782878744
2499303610
337428697
2828752708
4108112944
2836133769
3692508540
181187591
1153394123
3778880680
20066627
1520549406
160699494
4263793470
731948171
2534725913
700160219
2864468921
1302443243
1501239914
932859034
3195978124
3061209885
3414426680
884200329
2852878766
1089973763
1309841640
1450987918
2995054753
3191947900
745314287
2173559157
1229170795
1473349859
1108380044
1943999156
358924677
67721423
785183115
1515966211
4065069633
148649014
2695542152
2565514825
3505838568
3335582182
4063533269
2845754328
3709036004
143478316
2152092241
1758539226
970598509
1888294042
2901709237
1256830073
3562922257
3833631848
372393974
3445403897
1505708576
476536228
1906839880
2170539690
1043558495
1110984861
1112924078
2838335509
771387981
2881590073
3455225513
2127691176
4053068669
3864066194
511893012
914039542
1843177708
1498715420
3106125816
2285466143
687190491
2158314360
436099610
4277676519
3176395518
187075959
3919230753
4242671213
2378333732
1936756957
1247409969
3377303738
55867004
2771841317
464250758
1796848442
2924332923
1329179650
638942471
1393287190
1385247978
2854411000
3978551054
1490490411
211424962
1600822916
1735870308
2740546390
1336259195
293169915
3437563670
1762871841
604728557
2417636744
4127555180
1290891235
32125184
3546052531
2540318500
556507883
10479778
2952988654
2575405648
1521362712
193081926
3593127338
517635163
4248588765
1084104707
3645256325
253604237
1043056328
3897225397
3829945232
530496595
926859607
3850173323
3589322046
1297012631
1853392543
2736447514
462688798
3876246119
2101994059
3462992533
1210826623
1702111876
162753484
714053445
882445161
814458705
2726821006
302168310
2888802071
4037523072
2017417161
1793383258
1049862356
4067146485
2997409478
2285687320
3129578549
3295558568
1289276472
2774700677
1750998358
1467123509
1409076739
2171992369
3650817931
1041410791
31227555
2938506850
1219530131
1039796057
2862733060
2001572
753675038
2701958725
1400918622
634716592
3829373566
3930393865
395774486
3871566794
3823417980
716812974
1443245638
3321100718
1376132371
2078893568
2130614337
640076136
1427462702
1465693103
3214307987
3957465817
3523512389
694889142
3635473443
3793090951
1695866199
1297941716
2006444758
3654128800
2936844470
2893833481
2977130413
65063942
2338491112
609148086
1711143929
719543035
532601598
3319424555
1942151961
3410453224
2742774768
3118124642
3248161087
494084909
2146562306
618556344
3127601865
3244939600
713210477
2939531342
1105870700
1798486398
3505685496
2114070375
2083341395
902971017
2842634225
4290706432
4175788618
2741691365
2639728930
3520211997
2726707167
3429322320
1027175731
2557129685
3842269530
3407592564
773683877
48746425
2746410200
2049414112
3525688223
2892577766
3498788961
1267553065
603717613
4287678060
4145002702
2437966084
2385419640
2505524354
2989870035
1539173151
1309452012
4028931698
3412914355
1759024552