3258074898
3937470129
458046420
3885986313
1670837668
4176217010
3764057599
1898130404
2171896728
1637767511
487434761
1888658913
235897416
2629151674
907533457
4081344278
2884559287
3529731282
2223128483
2452177894
1658476110
2166168889
4291005134
2418657924
480306609
1467489637
2916313929
208522212
590264920
647394625
236584583
3658244664
4005246495
4181962283
2295528253
3026265895
2557700178
169358014
3931097549
3189114179
828225191
2108258004
2656831268
2106186092
560762490
889375656
602963436
64931512
3346088001
2779783926
313248520
3269413560
2049718915
1499703762
3377192720
3987537393
1618272180
3527906284
4249990690
4089671595
1006892594
4044614582
37125632
1194419398
3240124993
3757457383
2784413019
332269441
1725732450
1362381624
1220061888
757404411
3705357965
965934600
1135218378
2255055829
1561771212
2288174139
129689031
2306516278
658044656
1187778661
406856190
2513649238
2027239212
3512065865
986344314
2204953242
178888729
1881510493
3322679219
773573208
2378243548
1861930047
2891791013
1068770278
2071427812
1535010559
2825074591
2420852785
3709248598
2036834341
3545006735
1937100009
2848595915
2780958869
2612368109
2027967448
654006160
2235717722
4134565377
807607978
2029246257
1569434793
507921541
561754066
2602190600
4135189940
380387425
974340423
1776673582
620879893
2501570905
3261039761
3527285197
247347751
2384124040
3569708612
3309015394
2243594854
4035904066
631647141
3855482909
1151389171
941352958
2747757940
3883661722
3018252227
336639557
3000714541
2021027741
1356027025
2040789755
3297759222
2341882385
1254607454
4213195153
93282224
4058440947
328958074
4288826163
3903335012
1509015713
1669026244
1357247829
543235029
150812857
339170235
3763493472
888187379
1684760716
1133167694
4065915686
3342495261
3414123226
1783787979
808089076
999953363
2764440848
1557657489
3293707728
671154273
1628421756
3966139172
3673089456
4142715813
3558714689