2718754318
1132693978
4203679505
1865537840
2665019350
540051047
1229371057
2298321160
254669226
298419957
2006338753
2288049729
4202540966
2492879107
1741309813
1895707316
1671503772
3955626930
3034834460
2158348737
4170153338
450938893
3605788157
4278184584
572658641
2045921557
1408308668
1493226123
2297182394
1715559745
2026574800
42917160
2075878881
659893247
564626514
730472604
2520076906
2028936177
3666851729
2832036336
2068984377
1940596355
2870106206
1604780870
196909134
2309633608
1612780038
457930434
2308030884
2367045514
4279632620
1188699798
3227001410
3818993716
639780456
444267498
649019653
3555533069
111356755
873693851
2981367373
247067970
2635692389
1473696665
1936195953
629680016
3722620587
1187147096
1060480293
671368416
3145256596
296608141
224477180
671378289
1761521100
719756397
3583040744
2262778565
1721188406
2177573348
3028043353
3946319823
1658223031
569747467
3786938041
1998066723
2071881411
2060005298
1296268283
320779774
2976439909
360933265
674357380
3731151600
3211448410
1821113420
