378563671
516781012
1492898552
486012243
4161796316
2607565936
1211452661
797275597
3493588986
3922957711
1185249005
1447932536
276813898
2081405867
2890156920
1156975
2540723854
1313770526
2060831190
1455310937
2816882941
1971789669
3707428045
575457387
30065326
4229498491
2732871271
1687815129
3153176085
299053766
2375026617
2099691422
1884011123
1862055984
2122441074
3015675646
977040238
4227997261
4263101874
1972811577
3103530206
4077912365
623132637
2833326016
3221549484
1253597873
3076125855
4029439315
2937068442
2608036966
618340117
2546003633
3632069641
2652737765
2414889595
602701885
2126439781
4034273508
3383432753
3932471190
675154393
3518247712
3266178434
2363225736
1940496729
466589005
609133754
1357614777
895449509
16854307
673005719
3808499360
3525254964
2756571977
3996337627
976308879
2048248231
3573586292
2416078619
2162652886
2770597761
2472491937
2547436604
3052531921
1932932794
3642722356
3840494024
389056397
