1412413965
2973057302
1736049580
864454726
2142725706
151966566
4168896712
1240218931
640279852
2481502127
408254986
1900315011
4281240960
3450818982
349624232
84442327
3308258852
2426013622
415305555
2088446257
2257390950
59949187
4149832329
892764069
2785433461
2033769268
3055680944
280411167
502263287
2349306795
766220861
4023005022
1087773077
2325032683
3529805123
3097673472
3977066663
1873990369
1670109154
888107793
2742933312
4206764328
1858501588
15276122
2537967505
2790423
4036626059
1419643697
3910262707
222550433
1373607511
60655469
3188064295
724439598
278577184
2484090776
2226093989
360497303
2377426545
1987213597
2243628032
1147544646
1324125411
1258410517
3575216882
1174852925
2983814092
3784348419
1935757740
3423498955
1902744510
374617772
2027732451
4293000811
637916180
3715907444
4249692375
1223002069
4280285248
2446894822
1148159118
3383659900
2949641391
2954523553
3389437399
2876020452
1333101450
3808047835
1160901505
1263170746
4269746033
3340409748
575165626
1938222975
450888529
3065416857
1257342290
2330420299
1797761932
1923617568
154141979
1231955185
2162439000
4223219900
3507955625
3426538825
1763470675
3807118168
750857706
