1888695771
662208358
1917644768
3154098695
3122786002
2789492913
2421100861
2737174245
1821899981
3323502990
1556405627
2033536296
3374461298
3214432110
2331384096
3018068820
2220920843
2793025529
4027693562
2711434843
2772708743
686496953
1915375362
102013181
1193807596
2013732139
1427010967
3648243089
1730790528
2829944120
47902927
4043740300
3046138900
4032908523
3433719938
2213920876
808637782
194561794
819208483
2341967698
596541483
2280070903
2422150833
3198985917
1827765492
3765297021
1568754483
1156256117
2573585109
2716200295
3190400817
3836435551
2661097566
2083635296
3784856827
3178714461
3321954163
4282837674
2810289139
4285539707
1067531552
644775849
1528542521
3064421363
2869794437
654157490
1528990044
2172561109
2941711071
891846926
1614623387
1792095695
4014452904
499228914
1482576367
234814955
308354187
3045728447
4229105694
180991074
160641615
2965956264
1180558185
1767206050
1414585671
2075691733
1071100368
4164836755
1552335698
801863987
2524667108
881012361
830093443
3328817711
757032531
109083368
1411381584
1815825972
1839006747
1257926933
3542160607
261739407
2922113484
238604059
756397771
1944925980
531563122
2444465747
333751412
2076643470
3589100136
3972729145
2453191052
2324539592
3883756704
4149554462
1534036243
2196799342
1925341814
2076422331
126636372
1913840891
623118214
1784780102
2176436743
2525034046
669258141
1968169913
3512851707
892782795
1319427144
4233271554
2798217901
569479585
146156822
4180893721
941390367
1184868884
3895017006
3868194066
680659388
2565423960
1957757317
2639109624
1968024176
4140364236
347513274
3983032171
2042666498
2015511041
3292040290
1674117075
430240586
2678024913
3668293953
3988908796
3871263448
780197812
132241580
546220894
1926897872
2859941806
201699243
1828715886
1013825402
2400626506
3637468228
848204502
1401605935
3091761363
2971935915
3924128495
1563672982
408106925
4018015619
479920029
1775972516
1603114790
4005767255
543289131
1963851717
151985051
3433485667
3172564076
758631
2719742528
1710412039
42600955
3921079929
2103550355
1175269916
1530768703
2183057670
3967329854
1440047429
693048393
2133774154
289951430
501235795
3172665071
221250157
401266540
3910561600
852713856
237446709
1496593227
3995674689
1313822420
3968392545
2714481836
2515535057