3955507116
4191467677
1886066750
1622795899
304574091
4217886629
2029408765
1112386406
975846284
4095740361
2230734820
948643160
616837653
85026333
1138829830
804280392
1773279261
1218215685
604221541
1065168414
3112273766
1823175498
2427503103
4216425997
4061432512
2354535974
838978498
3051172190
4181326351
2935749667
2960221082
643316521
1255839577
1642956550
1955423433
1055585932
575688813
2974207148
4077838748
4230623999
3082403916
2619338673
2397392704
3113528247
4258357069
1779599052
220217403
3436518772
4121271945
4192012290
2443732745
2416473954
959165722
3379015238
2631210166
3424122772
2014256426
4094094152
1725593136
102933719
3291816823
1209349857
1416315992
3800695634
3846920010
1876247679
227297144
590004793
4102553229
1420508849
1612782112
4067000199
3000603269
2458819485
2160988073
3463835053
1486218352
4012081716
3461281991
139210041
3470189496
2236713794
1889916247
1625837208
1356379889
1162854839
2670326560
2041705607
507305063
1713974847
4281661669
1157528425
2407986526
1460048066
811299703
3637354874
1999547102
3408202866
290876740
1928921673
2228142983
1949912923
3610227075
3316013351
1569459267
3286489178
1219371171
419839884
4205841366
1820369797
2547242761
3738421049
3465333817
998540470
2151960684
744669337
3164489669
1217490530
2412893224
1060351667
2099051781
4009722653
3706171626
2180242431
1720702069
3455091981
3415552040
1709664436