2247280155
1235018798
2481446266
3736134000
1632163560
2769918555
61685177
2092802999
1251789941
1811521816
163058623
2396470799
2031908301
2795238889
1799152843
2009008866
4071401439
2618763061
3617978424
106514011
3377803375
1365925277
3709797883
674953290
4154847109
1013524380
2359515648
3168945
2135641708
2115617014
2026823149
4097724892
3126166519
4269487494
936292924
2476548253
2211459655
3851329139
556675555
3809622085
740426237
173720051
1502887277
4147905354
2660577968
1626752189
1452517393
3379274448
4151425206
797923820
1981440989
2278782291
1720329483
4068513163
3644485490
2427834818
1937938709
310610445
3555720245
2318741546
233304842
4058649496
3917870774
2670858866
1570201098
206358459
1677106753
594029772
1449623126
1782599192
499798096
3798740876
3025507267
292307106
4164763694
1132473297
4112077534
1536771570
747525650
3742968664
3883755592
4151996209
595963735
866017653
4054870443
1055368666
247798757
1710545086
1223235413
2053676233
4012685891
3590852318
2401429299
4202171372
1012026044
1969686675
960139361
3453365171
801170912
1731852586
3879718768
2600651118
1801935418
2825424514
3528622961
4293724463
1300831311
2015808259
2623216449
263481935
2295805652
3910331033
2785877996
2295626461
3542373291
2285340871
1806769567
2088377032
989107070
2096991869
2615485901
1439709837
313486131
2919690015
517813428
452286513
1706596657
3954145741
1132820054
2198322411
234774811
2435751164
1988637687
3208700192
1814146227
2087050908
207768326
474735088
3486871101
2091066871
2814725210
1808893251
724376618
4206181200
2159234652
2565478086
2476100460
1612638118
3343752080
2956288116
2238283197
2967339453
2824109399
4038868187
1115010048
625396217
863484822
712422358
4093316172
1254396175
3750919699
3446301981
1672560664
3361543722
2048425086
2618175700
2669974945
2745160228
1925773363
103647708
1314601530
2639184645
2114386612
923519695
804898239
3197425865
529048909
4189883846
1877229637
3635837438
779692292
1418899603
2495645156
3210534911
3497885147
736762473
2725096610
3723901963
2529094258
1552183890
3731808791
3032776985
514454906
4228509472
3134761137
3211041155
3267103980
2507804225
3484674553
3738427341
4040569070
2845134894
3322957693
4274353051
826233085
78393425
1457871144
3207442059
511905739
1837614807
3746723481
2613335235
3803641972
3616219762
27528563
3293839825
2890602160
2372658162
732478887
2661398847
2423242218
2623574613
66266956
4147379225
646001603
3742609250
185920964
4236013216
2746093442
1683006237
752479526
3558759076
1706289472
3203125009
2328803877
938455182
3440878324
2779554530
2976123215
2414550937
950094066
1845888842
1928028514
3449111532
606525991
1954890719
2108926249
2553830063
1216861106
2177324792
1276473932
1480312792
1703257527
2735276520
2774892038
2263535678
3859859367
258355164
2971142495
2027269702
3810048702
4093461604
3660663107
2663885948
1675202246
1665545224
2912537641
4116725717
3242912644
117537309
1611816748
1489730352
1753563753
1739520027
2373651177
2778486361
3447790757
2214007066
3314663571
3206446741
173378079
925325239
592831694
1030483518
2271546707
2031248461
3450133039
1153349515
4043341098
1846497254
1157402232
3208758630
1980614178
3464437029
1335032718
3581968289
3503264729
3194046732
676622068
4005553986
2354956194
681866433
920649493
145353259
738524691
2780141579
2124879939
3352408678
3502396819
3465330899
2858133765
3612740921
4209143293
221116320
2395302185
1469611618
3804693753
1526692361
4293565269
3887598846
729672537
3643143179
1795363239
1116834888
2239299362
3074869009
2387010218
3955534598
3749321891
1028483989
3152164174
3521289260
2989780882
2541114692
2345290602
1048335655
2785781172
2499561927
2265362169
3750013321
4256436265
3771816969
3555431775
3665130858
314967046
1400058871
173906085
326619341
1278773150
3151810434
4223223790
1091276600
852839539
3994640073
1012651070
1511127030
192130340
3495981997
875333588
3692700447
2351992555
2703981256
1630196606
4058824542
2088799667
238786793
324132418
91448453
3048998936
1784158768
2688285512
522539893
1437718277
3841641195
1015351956
441539810
4213320202
3976848688
1208851590
880535401
3790621119
2565968830
2024177935
153494648
3664945879
3466769241
2597404797
2358984000
2669616527
11759341
1892665839