2617672713
2575592358
293338784
3588523327
474895544
1702298761
4092220264
2950724390
2784979222
3086642155
1114430280
3225732567
1808944278
209686072
1828041730
3171234912
716369856
932647059
2847890229
761058499
1589666658
2455512880
3651734592
1401742075
2488547612
783974717
696120871
2848986589
2189115178
2094628489
405306372
3307974999
2680695939
2897250524
3500905090
1728699974
3679769887
2658110569
1114804669
1039558223
3382933056
2369149133
3775832121
4231817602
3717263877
3337290619
4031800312
2475617177
975190310
2169812491
73727937
2475774872
3413654964
3060615464
89641905
3824427883
3468731601
1056798270
337003408
799078023
3068614311
963953746
2193906126
1401845567
876892887
2162018467
3361806035
3931009190
2405843359
3069744966
1619334127
2168296058
2367645718
2741864473
2924624942
2202947853
3903364382
425367040
2942102861
3113036696
4150349037
942902526
2252244546
1266857860
2923044566
1795866178
1420678020
456590527
2949452016
3757869821
2204226853
2711079908
1043905664
3562257786
2435538583
3956586252
1944407504
3714782634
3691952094
2655296919
1373731968
1393135037
3789960144
1900799785
3001596935
3298691942
208411850
1904432948
802540444
3959870454
4048997023
354386580
149904161
1526107764
2049073903
3222904084
4169285699
2432441608
3665991899
606203740
2010988623
2500229836
2715771483
529332755
3806754060
515898881
4141236408
2277005445
3489851020
1494653559
2327128788
4275810893
3873669454
1389819960
3127785351
186868457
46073665
2532954755
1646591522
3320454222
2893469713
659405597
1265412385
2171165017
324132729
2773354586
3865414859
448201009
1271547785
3427442248
2344404791
1642730749
2340790342
3776241271
889645336
3800413060
985620225
2327557229
3030362030
1996007959
2702095072
635218998
2109644752
989697858
167679308
2118763370
3042347861
1956835110
2792609214
3749799337
1675164804
3425149455
492061938
2164535366
3339712800
172234599
1470194765
3746589699
291934192
535735621
883244994
2791300086
3675190900
2177606319
462010158
518470401
2722076643
2750737232
1953615997
4056965631
2682319022
1881598334
2709690730
1459070181
3390592302
3727350833
1968677033
2946401455
4238762727
1260272005
2938670067
632990705
2771534962
441572905