2924378597
2426018132
3075214360
2167374750
2844952435
3781381772
584830952
214317310
1600372800
1268682664
2610606508
1127658936
2380166166
3789984433
3002071394
4098493483
962489223
1814548257
3630616012
3945916329
4094360702
3223776923
2107132938
2392265375
2027467611
1386576942
2900322046
348631512
4156464609
2365032064
2969382233
804942437
153161688
4146715904
848807030
3645663595
2540293445
2534866694
818026997
2190775437
4146988265
40890095
2893032461
2801768063
1732026463
1910984565
2830027269
3446966820
607346355
939637397
1889934796
2687410292
2830670823
2643734246
1736829746
154341381
1652658596
3658869387
4192126662
480956654
2471095094
2159941088
933072217
