3404922255
2200304847
4238720120
2436036175
2676862227
2061113592
3649751146
2446081581
2594951289
2452101372
4238875851
2730567614
3792741
2163092409
758156129
526697616
1245536008
2600104654
3030371827
2505840088
2063020956
1688890720
4127820604
1656304401
2618251886
1961579557
1015359713
1851960722
1349731527
2481489378
3465719646
2287504716
2160684316
915752402
1997025407
3746523976
767196663
3555277167
2597858233
929299431
4234200368
1908271371
296737160
3434122718
2435619418
1060930506
1821051855
1315777482
406759903
4199985716
1074042237
1187893341
3620442810
2728893120
3841225827
1927136040
1232821179
3270369485
3848650229
166469488
1726703506
903935959
1650911148
1411028884
664356645
2998361482
1589567756
45645004
1245078269
280275523
1888469879
2633685430
2194963721
1045129712
3681824497
3917497821
1121403095
1231406625
1911338540
184044658
87344688
15392067
3689447625
618106035
2145136657
237686784
3373167244
194263214
235437913
1653880772
2636756672
1962893741
510320244
1170247201
2319876572
3003971995
2996860930
3862101248
1279331992
3686776103
2595879813
1742273913
1203398536
2705927636
1799088090
3019121682
112505982
2131293272
1849231916
1159434255
4292809553
4113738951
253927120
7721862
1273224219
44953318
2675668318
1695818084
3370543244
2636034929
3014770359
2146992200
2159999989
4083475770
4165597884
3853830487
1760670302
1926544059
2636554842
530642396
3737064386
1154475348
3660974723
2621464548
2992987478
3986593358
830248369
518497052
1646662551
3722754991
3244097877
131412855
1917173553
3945848262
839504060
3004214311
2773009940
2573981401
2886268193
624707028
641601736
2360064690
791430309
935593028
2505409212
2077724774
3183155958
4277429474
1175136139
3642714483
2772245180
849002513
66412766
2120525061
2143860672
304190081
3410826392
606199953
3882277564
696081885
4260222444
30618851
2649309696
2063405487
2394954228
1938387355
1794628404
3799626282
4251462724
149564028
1898245600
1456881330
1944842468
4129974648
2393799839
2422403554
60740084
3422086064
1222243010
917269793
2658652662
229310312
1456030140
1889561157
186849128
3267328810
1453293428
1203265228
3483125094
1028753768
2257666691
3810139108
3877880876
634831779
862260548
442085783
2351674536
1692401482
1959952995
3262761132
1920615036
963426543
3393081942
3648038739
2891309916
938459246
941835840
3724717176
3523563390
4225204062