3282305582
4224345314
2950075608
1785823505
273979710
730855926
256585825
1687097081
2845998112
2869805591
819267392
1880564583
3809965141
458509115
1000175737
2574117170
872524983
1983982792
2898750502
2778351369
3893254997
1193521337
3349392237
3612990309
2143304062
1963287132
4030994283
2629406765
259971473
864500809
2370291585
490842626
2188460452
1187476412
1058089970
2794229437
3520482937
2829736697
3746446166
1391015270
1732626654
503064333
3812104897
638390652
684323824
3728899919
711326468
1686123092
887344160
3435186531
1397446860
1991527407
2050708493
515815854
412977450
1315422587
896845970
3083508343
3734702795
3340613830
3552647800
2248950822
3276275844
4227425123
2949542070
2548682547
3075345349
