3763879100
1120205845
3659298492
2413685765
2595510333
3983519026
2053695553
2199959184
575901883
3563525171
3839104648
162001975
3990282472
3349783137
2134382422
1734537477
3077481503
3529394759
308347781
1115442998
2489181657
1620266553
640691442
2552861485
2736744418
800054324
428112414
2845112311
1006110269
1827516958
1805483650
4035290304
3126293839
1336527242
1993080640
597351636
2671800356
286657755
1498968331
1211089877
2086084948
2557884777
525212664
3056935404
3937047803
527348459
803840821
2241297065
1565848220
3942568984
3590551216
4149382197
1308475106
1554055305
3704805749
4122683036
949815303
3895010705
3193546701
3758746138
645226731
2250540907
918621467
3644735566
4077941499
351288671
1722855636
1125808974
4074923358
375173615
1728495828
403192804
1296224318
287028879
3606711958
3545754689
217645584
910458820
1421848558
3226976228
1492653894
784629540
1256453064
3282848948
1543080426
2427217808
3188466850
1841590267
525534328
3447184396
281111203
1032841865
4113632259
3830207671
3627246614
46514703
2170706930
4130190734
3668103547
3530662396
597174601
2474926166
2043309481
