1402604719
1694729640
2942814398
2890638351
3336086339
1268570650
1186111999
871986907
572212940
3977491685
1320399831
1254273171
1696302795
2167513545
2253474088
3057295940
3439802012
3205737873
2506594631
1696432505
33806200
3230864943
280866535
1197055111
3802140863
4080030094
2865470599
4214608835
3532071712
375970016
346434824
2977824417
1227858939
4199397061
4466717
2295114564
3792050817
465864157
2845356048
2607431024
2004110296
2992574942
729942439
425082619
1859282107
2307911354
2768083198
611688755
3762006183
2676924244
2798308510
2215526497
587971484
1739907258
1688764244
2541060747
691626354
220326459
2476422612
999857268
1979591381
572134339
598271446
2132874970
1945002708
3468887417
4083348788
1309539381
3747206706
3880547269
1989769334
2038524111
1527543991
319432916
1268739319
3338436868
2008304376
2115983095
1837883301
578932493
1615131941
2304368381
