2125642253
1690273247
1763417592
2355944024
335783112
1706911706
3102000854
4198182394
2813001224
3186984760
2790424278
1723822626
1756188857
4167518519
794589200
3035569977
394744953
925709192
1257736842
190632133
2504614548
121214581
1939172572
160549315
3089955113
1262201047
137875426
3570032917
3058955776
3508347313
1168639220
3381611187
2648467645
2438152156
3178224559
827609609
4098110570
3441575247
3492371713
1102828793
2982139833
253272204
3801333192
3308751446
186319125
3919828848
1782282958
2975787541
3507817347
776919692
4272043910
2153603135
2199824130
723962943
1284099184
2459197854
2925156480
1679805036
3680699264
2933731057
4114837768
2046350113
3187453817
2499341921
1082206306
1670718060
3051861872
3029694278
2391341787
3710611753
2432669382
3866289072
2486864539
2995263071
1952129879
1232900228
9137282
843608227
637729564
3083490662
4178766362
1023479139
3021048659
3890750228
1603257602
818816934
1416024182
973298009
2677602324
2847905125
3185499703
1122638003
2968464178
941525223
2371365775
910322590
239441968
