3196751666
1812795286
1673806311
3073805485
3590944377
4015094121
4159769409
926069806
1763720980
130320592
4133965998
3856564635
3148724703
1524573191
2066476342
4206985583
3216877537
3497607825
1694470200
105030317
2853125428
536762945
1271390188
1199980046
342463771
972319309
3156218029
4094527432
1050969018
1212473629
1581483069
2394160955
1975253109
550619332
1946365003
947270917
2591095038
4260676709
424094978
1047594223
1346036753
866385938
2122258699
3931245039
1840591155
1760038558
335088628
3908145659
1279080753
3271636421
3788528022
2739209679
426043202
887560395
3737862629
3723335264
3034366910
1647488594
1546371462
83432413
598121937
538299808
181816856
3465210203
232853554
313629013
1687393942
2471071319
3699178536
3827839739
3538478368
520611795
17104346
133281829
4149651534
1166438533
3843198831
2980797162
1693120831
3534434123
2361259169
3918543918
1870441553
2403641884
1905078089
1538902888
3764527119
1236608542
662444860
3023046052
2620277044
641780920
3500289679
621903137
1109636151
1458825548
4013766198
2112726325
1026025074
3775884723
840264836
30392603
1219443891
2628272657
1494178991
3821669944
1371070633
1333487811
3126038488
1680881176
1480625136
980916339
1651334624
2698400780
2660547815
363907472
2842659025
3103644962
1552840637
3104971304
3096216756
2933500790
3274236361
2475881938
4272397181
4153241555
992221738
260607903
3381705253
794369381
466873911
4203178055
1475270418
2512335238
997241212
3926190178
2744645254
963843924
1810850826
2252852109
2056150669
480111651
3480724958
4290479008
365306475
3783190090
1268324445
1883812398
1627589579
1828111413
566631562
859384808
2343842926
4014423550
4026598659
1418518611
152207955
2616947584
2851987655
1976275782
2926359528
3110315919
2965248816
3161186742
3420011154
256754395
2045816788
3559769186
13945735
2771392900
3783942714
148869574
4237315431
477778640
2654700881
1929476185
670748751
660919966
294868823
3501392647
788144053
1013437232
1243426358
2369591108
2710340913
2234598085
3357286033
2549785019
4175858383
1045133383
2321927125
2449913541
508186299
2661472494
639182485
336826794
2947853532
2935176910
3025666327
437134255
597022277
4066719749
2311863890
3774049003
3434557656
1105143675
3779678424
2559324828
2160398082
3087981726
3558722730
3626109887
3839293909
2696487364
85259389
1772632224
1499429806
919016074
3123405713
1633324879
3770944432
2831288382
888656652
1503014807
3519779719
2134445234
2425475218
3053224433
993851100
2800543435
3262671121
4000071308
689036725
1316133204
1021747248
50628224
226328882
302502175
3825904346
3063215886
2679630332
1023107227
2704002300
276568648
2142879080
108255287
405876674
3657773873
229797576
2344570777
1485692307
3599440396
1838783676
2748289618
3507276300
123967207
1381889788
2402159869
931223788
3153698301
1369277284
2623820777
71687615
14446267
2532627923
4218070525
3780084157
3644218683
2209382526
983472144
1177271659
3299554664
2693605312
869818157
946419663
3119482157
208973204
573592733
2339748939
2943789388
2857375095
1467586646
622151981
1235699648
382730928
964748023
2955839231
583100713
1094660400
2708470958
2409126462
1111472565
3803694733
1281437370
3760795581
840207328
1818473885
451553900
3452890190
1330126342
175334073
1605436128
1048537497
3202024074
1062592253
3289211136
1293656201
1602261875
3499312755
762326179
4191132453
1300922712
4238889305
4279790933
1911348283
692389001
2542786877
658934686
15024750
4089622102
455530278
4034096791
3329654532
4094106693
1708613061
1571623950
1551095232
55838745
1133919688
3771461822
1283007647
1137873161
1673067688
1497539262
421772636
2165403439
2498162217
1282677918
2324255464
3805708303
2983052484
1999487254
1232328509
1824497048
3861988108
1888063348
738147099
371975677
626558413
1043309378
1413236316
2840738559
2305957093
1899561594
4136569710
2931751605
1374417326
692493376
458777629
564422610
193991796
715845664
3230254523
3343154799
2452933299
965574723
3415311394
3035945183
3788331155
978718562
519885828
546111414
1386635880
3109636905
1511489350
2044903151
4234053175
936743705
3864903641
234334029
3388453498
4201984070
4249737715
3111920405
3023380927
2817107676
4046817237
4287497970
3321570805
3166918665
2104208580
2927493288
2088387835
1440314249
3613540827
131228310
1218600357
757120035
2390257680
4254371269
936143851
4250870873
3103820084
3032284794
420627761
3442291610
2055139501
2856074372
501791230
826382214
3193477269
1231074373
1977965501
377019599
364749142
582391123
2288767267
1037191116
4013964764
1374765107
2278683121
256594006
3746182821
2517310797
1863095772
4261987387
2053024423
3677541905
1721743513
2292261556
2222850939
605563233
367084739
4173378796
3518144137
3914863460
3626543483
2019257178
2825463453
2179634086
1327820119
3878407920
1305667217
3273628545
666543999
907417874
2419505688
2250692956
3569276205
1128603742
1929748431
1918163733
1768263076
352456471
4202995781
2195833969
2499561929
934246870
2186104548
2408388910
492022142
2131179858
454492951
2716354354
1296002328
1593041270
4046498018
526159197
2009513660
3541001579
115665664
4062335711
3256289983
4286904668
1510884454
3996283582
1752446258
4141225858
1565426485
1560401238
3350642329
3068595994
335693077
1360898261
3860974528
3453566452
3450435539
321792771
2175742542
3522249646
2993137088
2908545766
1846417836
1541740987
110755155
382944587
4187873063
1475658273
3727918972
3368723237
1760481538
1684546718
3663319376
2164038828
181463054
904938669
2600842995
1861734282
74176592
2735463194
2655813501
317092598
392566182
3099506607
567760807
2607515356
2295906973
2616314312
1511622642
2327507316
1774397067
1079561911
1336120873
1691006315
1093253920
3417677205
257449576
3905447954
528591607
3671752240
474066761