63634841
2889708631
3904380937
1160844256
2999065141
2672986657
1491071376
1129834126
987018372
525027583
4116287503
3699749167
3029119536
1723001187
415420503
4217520790
4272050477
1026743005
3636215147
551642039
4047198702
1340237277
3258791659
1011526635
2412278288
402116972
2750522988
1643268186
895822068
1376532371
2800017596
492595393
2852354290
760619613
338014842
2428481273
3740202473
3556729497
763340706
1790249991
3750222492
3874514351
1843811251
66001753
3370945136
3941637435
3716443112
3786131634
366155498
510718976
2322544504
818364609
3082911466
1772289834
1054891559
927153467
4076894659
2292126952
674760011
1675430608
455382702
1429553246
2210287658
2003218431
1610336329
2081628415
3799750925
1489113472
4213860860
4101989209
2100450652
2722079085
3822705193
867456018
2373281351
3207137138
3800126009
2265552318
3340430182
3180958795
2967804955
1030822208
3052126220
3322204032
1844406009
3173567120
3509196705
350088394
3453313192
1804435011
20788815
2016388942
3906474277
3947157337
1015059573