252142172
1922713470
1287002771
394726221
3232331707
2167547311
766689222
2273665636
3941929025
1943380076
3695951086
100662790
2340525665
238113286
4144948447
2763593208
2649815223
3569377323
707605979
2410087876
1501492139
725982098
2178744095
3063444518
3267334193
2469519025
4223082696
1453952182
1918469265
254520882
3094270988
329528819
3571292566
1637235205
3555557193
1713575863
261084173
2332247966
2365054019
4251790076
1673350551
2643681259
3465778652
3559477849
518972192
1775283354
3277834616
2114832376
2763996072
2780951454
2779701544
1686263251
1749560426
1453960496
2924892113
385080752
2762060995
1554725264
622397062
792639311
195560497
2527589890
1579545644
574253933
3067002272
1344454025
1403848773
3198876861
3974909428
1334285103
3776795068
3910809655
4213695126
3689928241
3669440682
