4088922631
1670360681
4005811933
1513143230
921274023
445188486
1751757763
828408582
3746773813
1593604618
311367928
794360435
1057547305
379416156
1308217059
173701987
786126748
3074763613
28305649
2495507238
4204365731
526761478
3918716891
2334368336
3868440891
1717487062
2013222155
4138463878
4214573611
1810332095
4221477375
508000609
1861311375
2778189620
85344250
2693819578
3018806344
1613862368
3819759278
1319195896
48708514
3329186139
175193494
2747071110
842672322
173294505
522066905
1914271855
3243508902
2712031568
859866638
1710465504
2076914983
814228882
1015043248
564879922
2722963934
579377560
27524845
3794683482
1292003810
1372170588
2901219905
4015108411
2955738442
461534337
1298152735
2027325331
3238467850
3067006138
1827413653
777160037
2356981012
774062741
3295867459
105288962
1876391876
3912826003
3106034796
1965008004
1994651669
3373465983
2170313979
1074677154
547117804
2997950719
1176679583
1514055622
3436297899
889037026
855779227
3213276781
1897487004
280517129
3792334755
724927532
387045468
2159510182
2960631975
2746293070
1584559496
4114760379
4285133042
174479037
1795478800
182737290
1777428682
1827401645
1632131262
2110886908
1563487157
518730280
1053176425
550242567
759053692
2967047807
145428487
1136639655
3218167339
3317078883
1298662549
2800974253
694611758
4237294223
2689547186
527369939
1571544210
3347318007
3039984759
1931887041
2632789707
1189065368
3128453355
1792449297
814630320
3294757957
3148476102
3840208770
666644614
595573404
1713018132
1447754531