2720490928
4153037924
2005694275
3996741521
2209862828
3993059529
2327598272
2958539251
3350988263
2068871185
3763642016
347841050
848514152
2683192169
1295694162
2418536600
3496644275
1375503593
214887411
2103303995
2704393104
3943673438
449633882
2596675092
4026778369
1003968534
1221150932
2391783397
1493779453
2816468133
875842929
2809605249
1746787142
2749050395
3635236763
656047208
1830382961
534591923
757355855
603982354
3967146481
2673889201
4120286645
412592571
881189784
1783184723
2103997062
2679100091
2390024220
4289490665
3254548731
457086934
2651986489
2771470880
216147162
586782023
518987446
3714061995
1195299467
812534362
1372972079
1072912095
2165021114
1853634650
1159272126
1913438154
3096515390
3307256952
2803152384
988498161
999645028
3858591096
561639983
1092233517
1505152100
3601753764
1393139464
2156135459
2984152649
3192950177
3709705119
401900267
4127452734
3946283061
878334990
651692662
2896303638
2051513521
3856543003
1709211025
3769672722
1589110606
2059573068
941842629
349930841
2946835732
1381257734
1179946635
617302678
2994594649
3085494371
346302121
3992671588
1070030690
1008042850
2312163684
550738074
3294864495
469164063
3651266941
2059766245
1837298223