3708977120
368253203
3276849539
2242018973
2468708049
3652752475
1540350670
2206348090
412852656
3797092948
1899076223
1540554400
3547570953
3425856764
2389612580
4118139225
3783002634
2960189443
1874780514
3179253039
2907462685
1368301196
526784984
2666083185
3130497079
2521212477
2631595749
537222690
4194913771
1610295624
3592567322
932372498
1153544717
2634908944
3379092032
3849750655
264951340
3705486958
2630168075
4141666124
1424653581
4231129403
3869388731
1311368955
685311965
3531864233
236524844
2391786946
975722778
463951874
4026352819
599843063
2689668348
841177046
168097049
709992348
4148207865
2475770219
3990204172
814988272
782154684
892363
2812455507
1347486817
958969488
2805541414
4024132760
1881479858
1722557230
2128234861
2792091363
2953582879
2471248094
2709410761
2970476332
2044159975
3379743424
3830254685
2354338964
1025585551
2053986066
1679397161
832934857
3048279744
390470436
641633598
707556493
1946645370
314583915
1969367264
3502495906
3120824443
2546889355
4006120922
232968997
3830947617
3947320865
3784555726
3469332
892174287
272209319
1206786078
3769606717
2792296123
3169291443
3553909834
3688261434
545493469
1535685799
2331041951
48380023
3679408621
877815284
690538760
3557108938
3731280552
3631055199
1516659601
1207725757
2229306034
341956498
3339684371
2252887511
2788187362
3612426712
2616669076
4013705776
549230562
20137734
3281957158
800120555
3933944091
138905709
2192109313
652682386
2948059028
4193143127
1685584157
1069963834
2776849500
2069516022
2085744905
1020822228
4136068808
1692464605
2453609731
1963116631
3952137233
3065755703
4290788876
3399827818
1604340104
1001749115
1644232518
4282307161
3939453068
3757455589
802389866
2521940999
3457047227
1789360607
1233986991
2834024289
1919280746
865854979
845492132
1514786359
4090268604
413183776
2846056963
2042015593
3869207794
875124267
3571355197
2902316573
3992847602
3461559267
259506635
3228514830
478072077
2835472635
3963227843
1083400668
3742639553
1879925379
2019074292
551921045
3461031565
1752271881
1072441897
196965010
841827003
2097178826
3553910672
2501334017
2560721579
2134244436
2312809915
1823407765
208000659
552387764
4277829847
2674608599
1119131675
1964359453
1647823279
316556633
1848805430
759856900
1387187129
3561772047
921084456
3259992713
3859418760
1215643278
4153520919
3243584288
2875482198
4218199054
2197845068
30517726
2731070151
4029441049
361527463
954304286
1251238718
2108954288
3603397543
3331194181
1780958188
616648339
537516374
3890111582
326092232
3951308844
2269584756
3640487037
2543384424
3737821174
4241159256
897983200
2370622543
1457568690
627002056
4201399410
3958921875
486026938
3510293986
182553160
366690530
846579325
696913278
1407792458
539633476
1074585176
2326776723
3317802917
1710579073
1904558538
105625774
99880308
2649748573
3213606366
2586365766
1921370235
785565769
1588541186
656048764
2702484407
932303768
1749230264
619133954
4060763860
626254684
3125847040
1114913037
3034752591
2185247009
1505413335
3499890804
2608045476
4153621949
1969381450
2502208040
793830556
2018236674
1082000616
4241387534
4250234253
4196241246
3167289975
3704183494
1211855934
2176466604
4033354771
3839211974
3051684718