1915735457
871561071
2735854996
1347925887
2701019831
383205129
2909511983
2779574265
4051343133
1528322137
2764487861
4011727943
4267126143
1985839146
2049414823
3001398003
975045321
3077677821
3087198004
1691052994
550247509
3331673490
1804531917
2578793587
1420551832
711650682
3960283538
827562521
3607021132
2516764170
2288197879
3639620104
1067055754
3836022799
2292888969
1167698553
3628842830
2647333956
2518735063
433689828
2090500929
683316010
3397153285
561436121
169724850
983450331
25332478
2964569425
367202482
639590756
2076793623
3612241765
2265940793
1348609006
513709794
1867151908
3163731240
967921906
852433083
1107824899
2233854491
2344633783
3215483997
3486513460
3964792574
3667653593
