969439593
4177316530
115926325
54911816
81461501
3494923040
1286568826
1569015880
301752154
886911918
4097892205
3729821886
2769052829
1315872038
1036983468
1483478055
1366327363
3325693810
2335250321
1964762871
1631574228
3656958850
560818562
1885469322
2957964290
190553728
592774905
1441781896
1141638543
2628930498
2833810587
1375273922
1318199877
589803286
1473014482
3800354480
2746012566
1462847893
16015665
281361399
4232294304
1188898776
3199479310
777678847
705489737
4110378322
359755585
3523861162
3627750038
506577210
2641526926
2091171422
430161932
1847519039
3385486586
3044666150
1630449986
693067323
92149317
286379342
916085661
2012994097
1535530230
2351894106
994823583
211233811
3140081836
2305750731
1105442596
4043810578
1760140328
1291405904
1302930010
1342167467
4226434347
2554039511
4272940216
1948364953
2734272503
3494842021
1900626514
2300528853
1387767569
509123721
3092381649
3071066053
4237525359
134824422
1763060596
448425829
1565194178
24104066
3231272114
3789813241
2223435128
1976931262
4090262495
2070627238
1534422655