2283509387
2326959802
2556229912
1566790874
1230328527
4163414797
3503530292
2670138428
3502013251
3663826784
419927326
3581717221
1427882569
3434972351
113268145
3023161139
3729691433
635604868
659163052
586683029
471169240
1396448270
66137653
1624216209
1526672554
1458936114
3615336266
1856190350
546023405
3023883529
1013204760
816818787
2484124835
216127116
1212363667
671608953
1918940517
3735858100
2702376758
2779488415
2087246287
4014470216
2201411922
57772858
1926989676
3625719587
3245796124
3998280300
2329121922
2086987386
1403505420
2392699301
2425449958
206652245
2086946469
311082200
2928579985
369553063
2617715721
2151013282
2161367446
1047487066
4188537111
2078902045
1069403694
3092353800
3358359022
3361222954
1684166844