3440415603
700180750
3918558291
3962655085
666854525
1467549164
3992449519
2914837871
423826708
2541693849
526464648
1018769729
903755175
765837093
4256713201
3522307720
698277015
3986665454
497798207
1573740556
2928136236
3902516223
1137782528
3636830263
949206
337493485
4194348808
1944793220
4288761950
3668985094
1938146797
1191634663
435568323
3040363987
882104658
53726441
3907539393
3195897894
1152667577
1452063374
3951730322
953706991
2487365953
1479022953
1050364875
1772747069
1399265099
4065694445
3629953682
314412809
371521672
1094571935
2732188970
1371495651
1105457648
196778330
1932782581
66961245
3415499551
1154698157
550901432
2989930480
1486372493
1009672059
2948866615
981760653
1653596040
25817468
3078814218
2246080116
2358746509
721506773
3012120340
1438513251
3931389185
4178887061
1868297431
948473802
1672330509
108883520
253654326
3194341835
2811498372
3983745330
3194762264
3182968991
404046042
3478808762
2393289202
3517056540
3235035954
3367706522
173849085
1710545014
432280833
2538582700
2541351360
2146376957
4021326952
1600737962
2288857073
3139770592
681592877
3560485635
2606506461
3570276336
4138532156
864668668
2585746749
2352700573
3730815321
734749866
3618757979
2274816435
564331868
2146725170
2037393833
2579921396
161870866
3179044413
2733882729
1868340038
3663075472
1431202921
1468281346
1127159590
1823235599
3714747505
1819153825
3239144796
3021394227
2883764857
3161441062
1189753504
488316572
3198817292
1632690407
3288488321
273029937
511951483
3177584775
3841005610
3808534198
816078537
2344980934
121976574
2797702983
1163027760
1956628143
2051665198
965865364
1032430583
766896493
254483540
905490653
96371100
1278490615
935987878
1807372312
2379883789
4136681497
782615321
1037002412
2172071351
1470226647
1075637479
1550457522
2414265369
3182773052
47897948
2121565811
1695007158
3749035981
763187025
1383446787
1066999406
90885714
136040680
1427208540
663174153
482850280
489063013
4191052188
1055711460
1853790083
3684442465
134231723
1100798307
330929417
200194209
1042256309
3784794589
3286395147
1209723860
91477637
1148569507
384322227
2996328639
3039080225
1749942367
387581743
2508232943
306341919
446703087
733831390
228745350
2962286806
284159468
3891766604
695749769
2391985711
3119209245
2229521072
271704173
709240862
2132302059
2779711927
2695028615
2891096172
3417104231
2374064800
2014833351
3739431043
2430548588
2091732476
2189623765
4097680404
1055372544
2359620107
534266293
3783901702
4139656482
4166072648
3221370062
3673789392
617280576
2462971677
1252080213
1487293225
146427192
160204413
1614851560
1034911456
3617549279
1949113148
2358902575
1522195030
2350073174
893669050
1365660547
2955020607
1080451880
2077006328
938958205
65291162
2820675770
3930462103
3802655150
3073680136
1697352492
4034728556
2452002922
2936053805
2085009176
1764554382
1861518719
257208949
363172825
3021298821
4258296314
2889165968
1115174797
2675565824
3406809464
3133849531
1820903938
4036557575
2752427552
2024064021
35280228
1361820147
2770879622
2673530338
1038250697
1286723665
3437089034
3943142638
9121755
3389606505
2713451146
2575171861
1518118770
2596656206
2948563503
3512169686
3382208727
1509111546