2108328111
693939511
2993145249
4147476077
2970612395
3831199896
1768694178
773563304
2022484142
3933817710
2463891910
493852653
4030735346
2876592211
2562432753
1845473296
1621536057
3426054551
1700561376
3579553338
3644509348
1899364911
1838935541
3186445548
3853756569
2956325725
1323505983
2842783300
2616811744
2650511509
117617897
1783942359
2320675444
1420099532
3659437530
756969613
3523088124
4204407189
1919232759
1680692114
1312024708
3924734470
1239796410
1407348816
645252104
3781278885
3025083849
2763341209
1000279142
2338822297
4054816555
4141101438
646805191
2678245382
2486444697
3460468860
1960806406
917034629
3251610095
238405682
1092914245
2975841468
588199354
2361236551
2023499562
785698396
1190851247
4125851378
1195994294
1533642551
3210956737
3532547874
3429992809
2057600703
2275951942
2287229010
2385547172
2364618269
1482406783
3952950458
1029779256
953253124
179600965
2700546018
1926644841
1847393925
3788814956
1743593224
2948010335
3083674523
2140785259
1736343231
2076910482
3598117845
1814880937
1077694631
346911201
2048268641
3449306822
1802802188
3646351792
2207271871
4281031431
908824540
1720685259
3378996709
1872778568
3875447016
2600618055
2094048714
785670026
1696055414
2561214576
2248393271
3473651157
1079100474
1877174653
2714152769
1644253748
3509717499
2125731524
1124936423
1053614276
3941814452
1032405475
2237456339
3389455893
3257176872
1201886019
246283841
1230481482
3401506368
3678318419
3586426833
2975963143
3221717384
638657837
1713575388
1191609226
3788628051
3759027934
3523276158
4154731968
80660993
1746122449
725242770
4188736736
1224770480
1879438600
3212270855
3304018768
3201831663
1725173890
562851550
2993218451
4216116594
2382386694
481131472
3117456375
2438534430
900156017
2406052455
2950868157
3706467610
3418550182
1939438362
2522294100
3291660979
2955137858
4206425582
698682934
2244341319
616818917
3627081215
1054536790
3782621237
1546276438
4262900484
3699685327
402071019
3695675765
166872599
3347754340
1923141689
698504116
2195624522
1109902798
167586459
2672969630
228641719
3595853939
2459828219
1538639334
3823917982
3851884358
2740421136
1012685851
1432231205
3243850553
688238902
3536218498
4249123223
344759914
3053512916
134695461
1633874968
2671530165
1478413276
331943417
1514213302
1922500658
1273266751
1463998165
2316555622
2699516218
601424780
4262886318
451358173
2413899290
4222914003
122232187
2722779403
3814927889
780877347
2606614481
125618602
244667548
1220940574
693099966
2492104511
2712791720
255859905
2701909015
3419122845
4150179612
95065485
1026889242
37115050
2474856575
506948622
2624000829
1809765239
3751947508
57161142
2909341675
1242412496
524090805
3244445461
1570468021
3883226036
1268368847
2683508283
1440538856
3579991942
3666374225
778962415
3329362295
1840512957
817936776
2464870209
321494333
1088002342
3790740163
596708992
1120524218
3844798328
2838333949
1920369412
3930096821
2350760862
404194394
3776302380
603745885
2024878973
2965232063
1795962058
2785407578
594097800
2625556544
1620372523
227410371
3020229437
2538092014
4111946429
2147517292
1964211176
1656656524
3694157958
3533476198
2059520767
2083826581
2399969112
4029856108
2211949587
2262808817
3104382120
150828607
379391197
1644808409
1480989719
2172452349
1012536777
940502710
1803486799
1639892280
2229345822
3148650081
2921582909
314840236
127686372
742331311
3245568361
1638764207
1453960212
1312034041
163777330
3311360074
7210918
2826771618
2289793781
4057484398
3756433032
107848933
1104270
3677253744
2663591619
749679264
33881699
462301236
2103626128
1986017620
597473988
363400899
4063296920
2102929183
1675485801
1181369313
1729184762
4218391950
3041379539
3410827338
786182716
2974422475
522943673
2085259196
2396769956
2511758579
2159429482
3628846519
3033568566
4125858820
909996237
2390987792
3094087811
2348487820
3229536117
835191228
3983340660
3166788955
228790999
1001544262
5395897
2400099975
3454356409
276750174
3370196326
1682109567
747423729
1646640788
70594387
3254417842
3541723304
4080359533
2684150433
521587003
2062488342
1792839804
2439062841
122233032
2171969002
3700975324
151369782
3596748026
3449819468
116862790
3811959024
2725800544
1587214955
1993760341
3297899734
3359181656
3682019814
3220031545
3136775815
3090026653
1957568217
2764955410
785226090
3719293346
835679173
2210729222
2547313427
860589727
4133739242
1926235977
2559866679
246586401
3106556233
664420954
321392819
3062326993
2259347369
3332524606
3964687776
2775898083
780094291
17179758
3425425990
1792277490
3133231720
30737152
249367776
4272408739
3676705714
1891817279
3521052148
3381147842
430790083
1753378824
30198248
293662166
1844241876
151869908
3229862102
836423511
1350395816
1176107284
1765267819
3650840535
385898058
743924767
778228321
2347773699
1337083794
159995467
1390075609
2582171268