3573953282
786214460
2307871543
3729754055
3036114377
1638727184
150609127
3308308423
3749533830
42289143
628254926
1003473438
791631046
2694010865
1217715677
12299737
3824800625
380500774
826187335
3375610628
2235991187
2835175933
1124195083
3772580825
3227967694
1257421444
4101000194
3504023258
2064805669
1419693750
197515422
151497978
3923917782
1033998171
634743655
2505937285
1272712307
2600925896
1566394555
3829199050
2193158217
1213396171
2473961739
447784743
2186214123
3692115651
4096610123
3033968921
1288329598
1831724485
1394547743
377452365
2324619004
3552029992
4248240649
1438472834
3793437814
354422289
722977148
905269273
417577997
573378758
1611896399
2482376577
1136834095
80042765
355574487
1109451262
1913266346
1185668334
59799689
2065872676
2715185707
461151100
2536783150
3118816462
3068709458
776285905
2977601619
893326351
616641788
3917172899
242733485
2547089568
451918610
4294193274
2155456287
1295991855
1126576194
1905248382
960397109
2066803184
2435230980