3249075528
4247264397
3351549456
2226361426
202094087
2882126154
4095335099
322611675
1166276242
3213874912
4146097948
3427182318
107798720
3312655018
2667826397
981062955
1348329191
3540606619
3457497637
2263755864
1420357812
1084201802
178854789
2058058295
3712719430
3483166177
3056350905
3935488080
3075130083
3450965380
575140121
3842713229
1659312356
1338960351
2956994863
3170113714
423336571
806420855
2115716594
3053206430
3564325488
2414285709
1066404643
1949072347
1595824329
284948149
379160621
3358628005
1521339897
329494504
3528462765
3877254630
1477000886
1207421211
4112178895
3395522785
2343513157
3766178273
1601976789
169026026
41602745
534859870
1545864631
3797392969
277887167
3990792413
1711791868
2537038109
2890177725
1138186176
4087784541
1435189532
977478934
269861712
546208252
2257695983
336311166
285725376
1324751174
1695609829
1088428150
2681365432
1613762148
3104647782
2618420913
1753672209
2967438514
151335449
1998979015
2235242372
2468266507
2185513453
2329565717
4173742794
3299917758
1821141077
47697314
4027454015
4136490024
2383514439
695444345
2156102815
3191248021
3557546230
2881744298
208046121
1486087698
618359123
