80871349
3930401968
1792840634
2068101667
4166401912
1286935053
117050979
1482938740
3447879076
708412348
2400718968
3310297146
713548140
4271270323
4051913209
457437230
3535296614
594439483
378019395
1170811119
579763988
52666919
3127453960
3130029769
3184915613
3295703947
1620325872
495755412
1611379988
1975448492
3294147168
46466364
2201624507
4113791952
3322903463
3729333552
1832542981
1846668781
645135972
3869688722
1609525648
1719052764
2276394485
3496603798
4096271211
3360964850
4133167198
3792637184
4145943396
3772422521
4064494514
1678212316
453250152
1405555572
3242535172
3559934303
3995518831
1159401901
2276704479
2833115187
1119743685
1110528075
2789395928
2938069834
4201830063
3330265097
3551080054
1790938719
4276329637
1771795747
3917425536
142239748
687820729
1825586082
2213863927
315442341
2486430245
1644647652
2470415045
4085272526
