798533186
1961240149
790495451
2242788179
428268044
9115732
920019807
3161937107
2725848679
1541625157
3374311479
2916913568
3698502043
860526111
2945707306
2757243388
3313586874
2135055666
2596540733
689037676
2516173146
300756491
708819016
1096137824
1113935882
2876065465
2227794623
4087051312
3651518114
1796074744
2473156964
2281226492
3375189445
1431670591
1896248124
3627623736
1555259937
4024110695
1633096473
1596906348
3306403318
468402536
2150936245
3349089710
1274388091
1397948118
2648649811
1776100464
1597866949
3015553267
1181505238
3426691934
4203697633
3732175852
3353013698
157086054
3720256859
1616877681
2204246069
1020521723
1450879994
1361244095
3167559485
2779205187
3817152995
1424112263
2357363976
2238458417
2222133159
4025297106
2415491595
1027510288
3936439702
1111537298
2011720740
3652303449
1486990219
3936240407
27652053
4232703316
2948408918
2750502524
2059434919
3236894698
929505924
2102906773
2660448539
1757676863
3892565752
938598289
2468138007
2885992410
517894040
1971608282
1480260713
207482290
3948709537
1128856014
144016690