1728430352
1007768977
3923719390
2979037236
1366489871
3141120704
470171557
210215213
678496966
3519439595
1835203945
137997538
28945749
2572588135
1890296339
1032094033
2928939400
3107981947
737255551
569226180
1094040091
936229057
3807017952
534560881
3324960536
3331250445
3618101980
2429642018
2558409213
2005203400
4233974347
711633345
2330035265
3505356887
4189966124
48529106
4009215182
1173036693
284961528
2091632891
669157679
3165633854
2846841407
3157459605
147445012
2229231398
3836975685
2566992526
28920926
1727164197
782421062
2207240933
2655964735
55043550
2215761969
2661913419
2716144338
2906923268
1224007644
3157524517
2242530555
24806922
3980376635
2619621669
1690536989
3633889647
89442348
3932088191
3340645593
3583879598
375238416
3852155851
123000913
4284204633
2225093393
3938110938
1979233878
1742174099
3051694767
1395119827
3006039299
315886362
2083254264
993074462
704858361
3259626513
3115397424
4148859176
4271016039
3074246468
1896511768
1315187545
1667582534
1347693397
2709263250
1255818120
392091566
3392185138
2555990007
3168008913
496504768
2935851714
3143728413
447941788
1002622018
773096901
3934569567
4003790078
