3247950002
3120684735
801931102
3238131734
2697465822
1133844306
1626314849
2059994236
3711153977
3195850457
746315958
1457782700
217169313
3521890909
3158595184
4072060469
2828123893
977989780
1069187361
2491772625
2902752061
4071210119
70878791
380993465
4214853098
3342550534
3702782555
2251713881
2578531980
2135914840
1733922897
266996530
409861355
2286979478
2707947190
2760026874
3292406711
1610952866
3143529437
1143566568
3792686072
4256268858
3380922172
3068785685
2043338726
4061527809
888544822
4176068249
2888415213
2100097977
3243515563
494385264
1391334873
3707630557
1410541967
782496464
3590857393
2599997996
3667484174
50294350
552943349
3341686454
482970100
872552475
2832786513
444043784
3396689089
3475111943
2466852982
2057009226
2929954264
1116325837
1354778483
4210385954
2539109171
3597484398
928255656
3904352086
527708140
526508852
3973522812
1190101703
838888925
181499374
3300341163
2058486220
2863248407
3503850223
933392086
556880624
2720219032
2637709382
1222847453
1550968530
2610585381
2164449606
4241638433
1053448249
117107875
3345569130
687482255
1974079438
3996314513
2600728812
1429506301
303188752
3552925041
1120448233
878649810
324269670
1703057222
2532015124
3036517226
3209513935
2512457130
4251673212
3381515398
2748971394
3133873732
574754654
3422379330
2924708900
1914395165
2859102537
2039322030
3214663570
3481078423
1698599906
590574755
4082912903
2737820756
1004286886
1579404951
2483834372
1727840407
2360846575
2691099868
3654004798
3900085087
2139633848
2057490580
1758773423
2881507784
2551299414
1936098713
1006688672
2587897113
591584209
965716630
556094064
1727784954
2249523840
2031926826
1892662478
1418158494
349994497
3396575241
3441862758
4261137493
2934588498
2754641360
950180895
4292157675
3159236684
3390133131
1732285268
2083972947
4207683684
2501361650
3487881328
513731674
962361305
3357592655
1278739940
1698394544
700024523
2528440549
798279797
3127838897
1950866009
1246184039
4155280066
2543906132
4294336587
4222797407
2882469503
2463482002
3801075269
3498109586
3325944476
3844710938
1253356601
860051034
3066868774
2509657886
2979041074
2615233201
3273255091
1647299107
2890600334
1244465453
721292230
2599407847
2981909308
2513934762
3029627849
3724791766
2992463757
752304147
2897606633
2713881681
3770169266
4197247755
2264671000
1909592016
3155835606
2117056318
3107941716
3324135745
458050010
1679678276
3310347474
2099059162
1245270001
3819985457
2350070984
459645954
2052058119
3318122502
1127442370
3938629141
2662209989
1594964704
1728621539