2222361646
33410106
3060096842
1407982767
2439452999
1785299999
3128216670
4291279303
3533868311
3464723874
2837212209
3315121072
56862321
3727355203
2776865329
401939391
2871839802
3500101035
3647503515
2428401515
1883562051
4109891095
1800851202
81034975
3647670660
2895397100
637127975
1221371948
3789003414
3551992401
3048590384
3045421815
1842268628
2063384387
3164090048
1511741977
2984668680
4056417836
53853905
3207180367
32465537
1493102200
956859282
201675112
3406937656
1044779154
3032060757
1954505541
1579947270
3654664543
116343439
2911650307
4007183818
4112966876
3075616853
3401135095
2963688462
3575531670
3335385882
84139377
2279009040
2455813519
632125969
3095408975
962367848
2138082762
291072106
3538553270
1319177808
3595470875
1785004441
2874480667
2973015424
2659529597
4231658491
2353836104
100405556
276393605
2552877074
2380042726
3423699568
804025319
2495454118
2085171611
793007180
273282529
763768630
3526397328
2285331514
1700320428
4282002235
1664772169
1885585755
210029231
3082282841
3906773994
1144337187
3189399482
2881848095
663324398
2009931193
1531379503
1434023556
2463516429
2572681112
3743731996
4131007703
666876687
4043182519
1429030630
1065336215
3315848876
2255643125
3948741724
716132447
3376650985
83081760
4104506520
543826269
4071549336
1583401245
1247787527
1727379308
3385296743