496228835
3580274866
1966173979
998881257
3537127120
504063918
835030718
889771743
2511295385
3386951397
1088672337
495215017
2381659842
3688034196
2754320018
3635802744
1007183558
1583162181
469648859
1530433039
3337734134
1655604098
3237699385
620832166
1856322186
3180322896
2597376322
1012648382
3824493942
2620099732
3121422914
625120108
417987610
874522784
964949998
1931855081
3712614611
19760884
1929634916
389500650
1303954208
2539320827
147814976
2959425626
2040679314
892397546
4293055203
1804468814
1575452655
3962053182
3285625096
1845034385
90099504
889950633
2642318163
2019782510
3107075844
1871020360
948094825
4094590654
782995246
1524092908
3274531624
515705293
1277118900
886424864
212023690
2092839492
3930842712
3931823107
2155564467
3906038577
3507285522
1200677689
2558673303
952079954
3430186958
320655824
1606316385
3312872587
209236236
2441437667
3530693387
2480025434
2328399411
1845980176
1180415733
2722631745
2466003697
4133769027
3828403442
2772506173
3036807389
3638518375
1822378246
3811560559
2292969579
2206406525
1375668987
3187425096
511684672
294840317
2049834720
3328253192
1882267823
806261062
2980549126
1596417439
3917427808
1057717968
1256324075
409218633
1966053634
3057653084
2200355472
4156410200
1789476893
787484735
3920668821
629316124
3519988993
1491491070
1166453689
2086647686
727275606
1666799070
2207683471
1884194288
4231324050
2272774893
860226468
3497882686
3590983767
3217036586
3470287407
3227429300
1081736125
678104623
1280293151
2592779757
1646157978
96713478
3402199385
1834549891
2934474407
119317682
252040794
2749638455
4177543453
436368451
1211866922
629171980
342394102
1050994660
771913999
3901017585
2564630737
2225621894
3115478486
1175781447
2050905342
2316632185
1725611914
1261044519
3710988000
3468311814
2515884912
685671096
2094936506
3618089700
1582872688
1592215835
1453960065
4044147227
3000707213
3362719355
2411542112
2394072613
1698456299
1394841225
1038005234
190437938
746737763
3971053518
3168810249
4047737730
3216714564
3083034821
3305167153
2508475423
1350875134
528123997
1456132315
509033979
1244864010
1386421808
1189485022
73167474
2114194226
1338065715
1380163489
1090618641
473246220
393345837
1056483917
4206940871
3520832433
1717171715
901834273
1357236060
1277994857
1415890751
91235519
4251042527
1822123213
2174074884
2054018313
2823292442
2545625881
3275394405
1733825892
2574920258
3922456369
3452809936
1335769869
2221488743
901388339