2331506082
2314262608
2774565995
332338713
603047903
1104947995
1661914022
4129585045
1822676066
1035106883
3617744518
3307092233
564437989
2614628993
1421463962
1515446509
3420332147
2993565735
1778586961
1850673657
3220649695
3988470952
4091276353
1647626921
2996977540
2157006147
1038454805
1291947901
3881861352
615407722
3483633198
3566879525
2471935004
3063212056
3793827967
2520240519
3445477385
3025845761
30668125
2140325446
2826268368
1864497385
3484455415
344072461
699890534
3558275860
2374933973
3667776640
2529055321
3597979520
750685872
1512230238
2897659597
1386521170
2094271885
1048567555
1035173404
2049377963
3708405957
1111933451
2392088472
3529720791
1541321780
3628664634
949552253
4200102913
6360953
2991320794
1069584251
3023804769
22271761
2819254932
1599848383
530069924
1491614470
133417963
1223190163
