3537888560
627087628
3289156857
2380595397
1788937688
1205374697
1236285176
2047909777
3930310430
1137681863
1237207704
3610648909
1534255918
1756316608
1138904786
2338558764
4243942183
1400845933
1999448617
249007439
3434290791
3195324002
3977531300
1268819540
909681497
247978103
521173613
766637011
4030008212
3135044590
820547727
566253934
1983853947
2444802323
1418014173
2918933550
1327962192
3068951071
3909878797
464262841
3292664927
3317176981
882410633
3709822855
2114645152
1519087972
2465139979
4173735124
1743899375
84627873
931143842
1647699143
2662264300
877381231
3636972236
2897362861
3673323959
404951574
2497486291
2569672337
2400612364
1174827789
1739255443
3322411810
478219223
3196176090
3094865895
4000163187
1726020130
1975231502
3513592117
3206792641
1864447344
3844782578
4176013941
2420351427
776062067
373996985
925821609
3509919075
687671647
578396957
1171434933
2933553178
1732153957
3869831938
3758841477
959091913
2527253889
4237922196
1460346262
1110530967
3564805171
2557208595
4146118150
