3512470261
174162953
2454963391
1106451559
3031147432
4241712481
703980491
2330422813
3692975214
1360784154
3707104937
951154193
2148691944
4244958700
354460056
3587524239
3993114245
2658124271
690659767
3577562701
3927370234
3826092604
487439939
2606630025
1149976937
3338808490
4163992011
2982094621
4022061332
470895396
3177584635
3463217308
1252828723
2722562908
1954793254
4018466819
3860820182
1479382901
4069941324
1842930033
2145211982
2715145030
1049352794
2089997372
1721948103
282621692
320046430
2345768303
2241215317
1439026029
3196757086
4288853292
3598583156
106704400
2655767760
3122684810
1184325833
2968469161
3354902187
4263306593
351440255
2042004359
1975054433
3910624442
4039799830
2456235381
2516587041
2822881059
2243845212
1628640506
306262518
3648240600
4280992260
599064608
2821271520
3463878239
3724750191
339469792
3638130212
2561210846
3637770638
1025898263
3150881978
1262881646
2722986798
382469554
1063127552
3183005494
3741837324
1102826804
551128399
666613477
1724454238
2317090940
372837325
1963488601
3755146623
3941867648
4110221933
532568322
218525402
660175174
2699208371
287163709
326138473
3004606043
1335402090
908952307
3843142508
1880102807
3423875494
2817549951
563355572
4072495036
1225453541
18452957
1030873092
3722375225
3635359865
1652489810
3416674580
3601834373
624753012
2935795361
2355694289
2055412108
1092018476
3794666546
1631227729
2544558485
3367340334
2658036688
1294610682
2197164519
35402196
4040462054
3203181863
2971718976
3071309927
2314361700
629864001
2316327561
2125358001
1462079235
373119930
1114986749
3248435504
1690937201
2450127226
3049316480
976223026
2386958036
410306354
4138851206
2538824122
15014083
630683588
4211844371
3205535896
4264507998
560987639
1902350744
1782086258
1473040726
1606781544
2748500510
2046250591
886379504
1317743570
1201535993
3675647444
2210062061
304391945
403698225
1579196897
1622640703
2052694545
2589648734
2293881951
2769877121
3173814658
2391988401
2325361990
2965483097
18657206
194203624
1808798104
1708198271
896936522
243828538
924992059
3889224544
3846446762
3909986323
3313554339
4275518291
3382918217
3334446459
4023875020
2907023688
4292672630
2207694834
351516715
4077097489
3961540573
317857125
1283413934
2519194840
1972582455
1268443141
936390727
613023660
709468102
904749742
3911131743
615910520
821916855
1165250507
1582654731
3712149058
3036519000
2683209687
3735678219
1510999052
1018366295
2722517229
2033514325
3792532467
3568254147
537516629
1403269191
780306382
134697152
1120799716
2084345811
2113817917
923849500
4159672690
373842009
2177177737
1029943478
3158381851
3205729910
1198354416
3674314907
3887834429
1616403749
4213993827
925959461
4217993234
698436506
1954963667
652512397
2243593776
2611307883
2647673823
2072049055