4108901943
3187202106
1982602681
900672074
3455596672
3961884209
2519983491
1688293244
747137349
2125653296
2126658897
995453310
2367403447
2664115408
1426635863
1294865193
3286327966
571485205
3349071210
2327198347
1049925324
335545967
3738179060
2363446380
3545184862
3302761322
3886643288
4109849722
2061645205
3856880885
1526002760
2480996092
2395263168
2952391181
2142005992
4246277642
3230279640
3366793939
242439123
3215527879
2347173875
3727920591
3746874477
1818474412
1441200913
4126934700
3972128466
3107625537
2030006992
2293085895
2407178188
1397767215
4283361037
3408937167
3153586837
1851947159
3837830666
2609531181
3414045527
1848050952
3353228635
1336922596
1588113611
995172135
3371629440
1862474461
519383265
4271357173
2260146083
3640732797
2971978243
2189000584
552879842
555184259
346401938
1582802395
799414212
216755065
2468289750
617340349
3807140468
223323839
1354043201
3570816114
2899945518
2580022445
2731268176
291722167
4050410524
489259200
1706667758
3594609330
3583743959
3001737910
2558389919
2888778133
3652020362
583163728
72475831
4197001349
580199710
2462499126
833465881
1616786306
817650052
2868883765
514583883
1537965467
3045471866
3041997617
1281528353
2067157246
3270156917
3891523767
1688404692
3335951994
4181728088
921791326
741452718
180879920
2328839215
4291729432
661303814
2134849878
728221651
836262768
3478401533
2073507413
1562323656