2020876318
1231360979
1338827359
3023701512
2096996242
3856453591
2841811321
2145585158
16765734
3144833329
1457792224
354026220
248154548
1202693851
2917566509
3426263606
4142174716
4133488634
2725020704
1229564753
4107683855
4061404160
3921127771
3618466654
3759887674
3733131244
4059615815
2939851256
281977994
2218650744
2409600097
1834609723
990639885
3896428127
4201218240
3946463899
1615893014
4066567081
3377595437
3304208354
2490753418
2473979747
1957846643
3669516141
3467479126
3506118708
2284075105
3733521170
2735942345
225372091
3815335851
1777756851
503457514
222586738
1565038593
2587898831
3584639996
376771938
3290667991
1331479971
1640369024
696072034
1757440449
3454417016
3231212215
3196731070
2367983788
1999770274
52506346
1588950741
3070955916
2669976213
823891596
3452601228
1354352784
3375061430
1330363617
1514940896
1921730515
272371799
3247872708
1440650505
1297108301
2236043543
989497682
4269500511
4050584569
1597200683
1469110021
2906452333
3058790148
1892196764
2043978151
245543522
1516969331
4101577695
