969872548
3006578081
3577996344
1971314384
3755418865
1745545944
2306568882
3047444961
2905391463
3166588388
1117775946
3791574451
3018920503
204251813
988549817
3334917702
4137729660
4078127012
1953536464
3547737040
1533212408
1986342472
3175657968
3412791841
2153664707
847999761
812731186
1077889429
4084165766
4153214601
2869532115
4007366356
3717234441
4253837677
1101397075
1870269856
1878182418
2911190481
2290077307
1114604847
2571621302
913283924
1335203714
1807490666
3607153972
4172136909
55483927
3705737363
1448076488
3894285856
3206355742
1526397228
1562526056
360677118
2832659798
2125664449
3644167371
1157477553
917306825
1282635158
1934732873
3762833069
4200682249
1824863643
741288882
3511776159
4235443253
2397325783
977573845
1898724168
2416526588
43449079
2851856842
3287086708
3307833980
1399611138
2535116998
33839202
3790595354
4116992173
363123154
1276240128
307564639
3215699239
3383426204
2141222192
3379191911
3913179074
4161484563
3783382458
2166588206
1249335590
2443960885
2569026207
1218786341
1739916923
1603894633
1755229265
2711390251
876820229
2356877505
4224047943
967805684
3150527673
2093884267
128598612
4059637264
3513040322
634975749
359086873
2093888751
3443470178
431271670
1327100103
2660171344
2794386826
2515657434
2825515464
107458089
2963115531
912693977
2145187887
723918342
4249103730
513249503
3040505590
4075205665
559862936
942305563
4065866652
3224078686
2573812428
632794300
407531719
3469318201
274583386
2124349502
2815244227
1296328131
1292636288
3235439376
594648257
3070747033
334574335
978935888
576110849
1492943308
752872258
2964926262
2187451944
2418732132
2026230763
894625909
1629996604
3684099663
2574989408
622560653
324843106
754487363
1271531011
3172594398
1165892976
3424325279
822829728
420473492
801111089
3528351688
1694343241
3299084054
2984010246
982369113
2427405346
1942635418
892063357
881064331
3009812169
2174904040
2851479448
2239086228
4244155748
540451711
2129506039
2050863024
1811511999
1390984686
3380650744
4279211489
806707615
1852243367
956744497
1403748932
2473879376
3444434759
1796146726
2597783827
2103612151
453200084
511936257
324051599
2486795659
2396589004
16743015
3990130183
3350760634
3998548136
3303765506
460522018
1076888245
2253379297
2418806262
841951158
2535925678
2017383263
77143097
1733192066
2315509949
4010809386
167094379
673559400
3933105737
2758590566
3577032185
2136099033
2853755254
564508172
4179705651
1154496031
2341860808
4056546934
3473850498
3248010778
1280365006
931610774
785805313
3630360999
2124270195
3544024048
2625432146
3727909709
3226219350
3075062901
1564439530
1498750443
1982137631
326045212
609207565
2999256816
2301940985
850702317
1337936819
271017600
2276080774
1889247260
2456306429
3643103898
1872347091
3707811096
2467057629
2094517500
109894491
3813092910
3211744924
2934647806
1316073490
779411466
2966660963
2336982104
2244299169
620347388
2113914846
2864052001
4149300289
1366285435
1631584717
1762586731
236747103
447934706
3779698724
3290311958
2082265474
2339248248
1474934854
3116486445
3227117779
2778015728
4161367022
422127536
3467572882
345552747
3373193284
2287173048
3851622343
3414872216
2391906482
2873680911
2537397445
1749461550
2233358280
1296293914
1204297011
192143264
3739894906
2152944436
1563128380
2134318612
3079203093
4214184139
3702989088
1047506650
2684737592
183480218
1133541380
27526516
3142438485
2923967875
816244785
564632054
2087701301
2155260845
1194143155
3798317589
1955614733
647557566
3156539732
1107651736
516933709
4135467398
2361087864
311646668
573737362
386861727
3340825397
2537420249
35075976
2524164141
3942311585
1638918007
3489166734
3198683342
2393482396
1108615193
4203433468
3582060371
1421671414
2481514418
3249735274
2252940509
3319714137
4130189093
2285830559
584293419
2228426234
1837135982
2587176121
2236337691
654482981
1680236799
1145065447
4111758357
3307395500
2009203192
4084507680
727014310
481131351
3194670991
3492093477
2387632930
1563196721
3586649766
3374741503
3316395694
594606983
1293802982
1709890626
3926826339
2237016552
3571771590
3896459723
3992044863
1439937547
2258066109
3066833835
1823976571
2750186828
333500407
2164153346
2424739800
99073261
1136336763
3192565004
1829998688
3277258734
3575624125
3568098708
2570911005
1873603545
1580129867
3956849798
3621853295
2282152493
1753045424
3594119778
4015103442
1264579139
3322767657
2602495546
4211137176
3025104194
2424726129
1986605116
1030307546
2475771259
1144991169
2441552817
1477862399
1096340648
2198409188
1525392641
222800767
3775254578
1518119087
1699200941
1097506228
2273299602
3571935439
210555321
972747474
1730145768
4294075535
833196311
946953454
1737391776
2725299034
357423829
2724486259
1701453920
3273873617
712372785
1067706180
1612323063
4027275865
3757233646
2829473013
2676692618
1813051596
226010512
2484255951
1008939825
2945612321
956597974
1821366071
678873928
2492002570
2532605497
2018792161
3912253493
3252309828
3386560935
1325052576
122119204
3039515784
1044205594
3025441440
652616523
2379554081
2306530744
2687814330
652566873
1145048366
4194129568
1580617796
3437908522
656856861
129534317
2834840191
481248997
739321957
3067210062
3774428324
1944380080
2581363990
2156937225
1523291038
8585855
2303170444
3539393622
872353726
1331881740
3506596917
1439505080
3147449932
3339150954
1529982364
981735395
704470203
606545759
3407629444
3029159996
105714645
3753547110
2692332015
2114379857
723084540
805073906
3549978255
3730871077
935691790
1030141978
3032730407
1199336445
1314246307
701133971
2028916967
1497998155
3356284464
3556150259
1407717920
4088451540
2397339159
1536971421
3551352952
2018281174
1622869122
1186607943
761169783
3404096622
762745990
3342131793
1457333518
3221074046
1840737538
2225422788
2637286158
2519112752
1584975734
3508477438
551547409
2928989336
502780194
3924617538
2683084139
4038854189
4002073431
1048420627
4263910139
562657933
1677918434
1564416795
1681903777
2016393831
1556987300
66615102
3660637641
3941450728
3473826635
2968966151
1837985973
3740902986
3841801847
3149522733
452476279
1593735856
1802214464
2056265260
718537011
542376980
2733636609
988224978
2343642640
3131306460
2498307073
628051637
2801305752
3393481784
709366710
2568218318
3281571771
330281985
81372567
2472305821
1081021366
1978268315
3477073266
1952828243
191686739
2195413421
473277797
3398338937
1928096152
2997953308
4053493799
769610458
513837713
882778749
3434517036
4061131652
1614310487
1044402266
4105125688
1760904265
3421626221
2204881235
2612227596
223178515
3346763011
2397561709
3173387566
1164829138
1701509452
4208297678
2730019484
2547728660