840738092
1540868773
1487986000
1843031374
2404846079
184481073
3962152594
1414062210
87030257
3157751861
3206216180
1927906433
3770045923
3711382874
2699970401
151897226
3264926028
26911998
2217340769
3972288413
887720140
1914444864
2454947204
1971421495
3071151347
3210020171
2743549261
2473050085
2067978749
3830162096
3828817955
3773931280
2055660818
398801808
2119818973
3452821969
112294789
2886764526
4002843658
181666586
1401231971
1901391757
3897785765
2526083844
1725694612
4036502950
3133449046
977932335
3453634559
1890373330
3460092117
2850070903
2775075803
