3632595474
2180606006
1863038169
4112962473
722375116
1324734069
2022501832
1671357415
1907555897
3337516923
889658881
3145408805
3653748491
4145234720
1189047514
1421330295
1731457800
2692061507
93948654
1041364633
3800015237
3168708505
1921876890
2239667237
1783333133
613715013
1375774587
2622496402
423241283
1299414822
92532869
2045836878
4028359387
2904348578
3732879773
2903276072
758485218
3820487292
3498475127
3940975898
2270002712
3797135647
3404538322
182999369
714703184
2460754495
3657503121
1933580422
2563288896
2984343384
718228425
1737159654
154875195
1799526253
3365747198
2489209016
1209043726
2197192600
714045091
2800662849
4289413691
3706694329
1105104217
1741892159
857643652
3261751793
544382263
694061329
2300722882
1812595954
2989478872
1749150694
730407490
2684073247
961881106
2694368660
4241787020
2368873462
3579381044
4076725243
271367837
3680293683
118680782
265480503
1645303911
1742554181
3063657410
2385567247
954884327
579146687
2121636247
2358809456
500347461
2644429648
2989443561
628577308
3200783342
2376997502
3425091349
2935416677
160172108
4051550453
543460142
2334072280
241280819
2281778519
3770238810
429498408
4007520900
3866680974
1029300232
1540736349
1188658214
3953352295
354949350
3197692492
370460554
1483622327
3994075480
3360226261
459826295
3362021989
30230824
1994234406
2976749206
1184926441
2090925641
1575435278
4074607659
3919543543
3311913233
1601179216
3298532898
2871535173
4044694718
3138811442
1532021266
2172819892
3578918734
1360257329
3591918852
3653673217
764634885
2567547167
2524960552
534026641
1255819242
3729750358
4010306065
2233882100
3501897782
1318254059
3370125748
1881571496
3703617108
4190842688
1094898903
3834170702
598775682
2841856278
1193131729
3968342859
1257205526
3717874761
1717080364
3271276322
4182485713
2201059641
3732108671
1464283006
2677589652
3153882643
661081971
94579290
1924660354
2353821097
3338994847
554356945
2103996716
3290433146
840931424
4193878394
3369697629
2649590000
874640326
834555046
266959139
369858734
1221482287
2289602759
4192618453
1826072186
436670568
381917247
1900554747
3328478797
3861895324
2955358880
1112867312
2034315079
3502228318
2362876039
498453793
625894628
1486186652
2048558980
3226122933
195139935
3252230593
4191375395
4206694526
2408468893
3160366640
2524107585
1326164553
2221295098
2373267888
624506699
1459495913
1474266591
3644330406
805711583
75900756
1685649094
3612092709
3386701839
372672715
22903506
2217909821
206454796
1266563042
2455531007
762411928
2201519866
4157206782
2898422925
3254772415
3888284705
2924493536
745134409
1910852834
1432469521
2037183401
791066875
1051814868
1911039117
2007533725
2931150866
125014321
4231021533
1914749315
620691930
834842488
1292786069
1280302725
3976624864
3681376755
2183115482