1302918053
1921771366
1344886114
1723240889
3869585494
2516042251
2216660992
1580433866
591143754
1997555070
3091684501
1472562558
2021405197
4159262742
2667362960
1234252730
3742192949
480099929
911601656
502173975
3864792565
2714012050
3375256979
628718712
2249531371
2725888261
3295243653
3014433413
1251526658
4264424644
2946973444
292120272
1726343283
3011900020
3004336662
2414055154
692922615
3559285022
4204373396
3600455626
597371145
367937671
1425496655
1461980574
3104669287
4243015538
4059744486
4258174910
3580234873
3889274032
2710483885
4277566090
1218257041
3902678768
3452514014
1284576121
1811998476
1269314909
1584370200
2760902103
696044384
1453497753
2333468772
642986568
4202291598
771092808
1405338394
2688848094
1376464635
3559583664
910152082
3272086577
528452027
2491413556
3365016687
2490900706
2178715620
3737226275
1602025941
2761256462
3376687168
3779475220
628641209
2041248033
2429745356
3663733463
774006839
3390812311
2953327206
2563474594
1138268406
