4131467519
1181332841
3239838547
2154647306
1771674124
1853602195
3580801365
4019736752
3897713302
1700843295
1152228271
2881953063
2788494839
1858907419
2211919796
3509272289
111022581
339597423
647289409
3897403341
4104801068
3393102100
881669101
3072156022
1572206538
3422540844
2961181091
3465398172
2325491770
1678004385
1449794216
2894926134
936525281
1763500584
1440159107
2184264834
3734465814
2318430486
3191561660
2281547172
219304800
3597578413
1856213013
2167901703
3374056929
812733826
2170497021
3571089377
3339198459
2949082670
3749825061
999685108
1474277869
3468941867
400812710
3945476432
1962226162
600944878
2028822852
3965670066
4183768370
2889791312
2319455703
1758370791
353552986
1320617656
2063576153
1225020570
1948945027
4046984895
1228549122
215227062
2101898555
3182036713
2081550376
587603033
1945609334
2720864115
489929603
1026196074
1708926324
3652268360
241077775
4091128877
3509035743
1148247153
3704484342
3382555552
185909679
82746060
2872412355
1450929508
2372508233
1514992397
2120362147
4161647646
424585877
162106251
1559985988
1699381862
807034083
3719023477
3026741176
784283270
