2909559024
2121876650
354064019
671629196
1569729742
1972334679
1527782635
2582715845
2725768609
1771549682
2160988108
3878827968
4093179120
431250166
687778694
2118379450
2144414596
3385548730
1711964050
3163905722
4263979477
1483845664
1745326033
3600325838
3392915557
1654214091
3416538447
518707748
3906725650
1013059832
2778745066
473262654
3624574865
3563178335
1574066648
2577971449
3535389478
1440654541
2643036418
667999815
219975167
3123644305
674704782
2819721191
1217709150
2029439800
1420274457
3359077923
3519934470
461507939
3259192128
1776113438
3837482491
3244205450
1360379698
2506047967
505261861
962386289
754596326
2910365830
2440918064
1950880656
4157838269
1654339689
3666618377
1183769013
3570933559
721046409
2478264233
1545769549
3581191354
1134932464
731274352
49316255
952644295
3606182089
4157781742
313852038
1297822962
71521327
3364695020
841832184
3217443049
1834740287
3947176569
2279177910
1068629802
1610259787
1007884335
3437385385
1636572064
3464078724
3865231918
1280886783
3938702277
3666880731
629105037
1768088205
1345957473
2731707292
1175170961
285228284
2049382566
1123555909
2199959837
3429332300
2482382156
199272071
806328381
1679284289
3437396147
3016319408
1749168044
3130709356
1672793091
638480416
4004029261
2232983147
2101555508
4102019163
2385716084
3498291242
1744113144
2401004540
60691089
1048508223
1946636816
521467210
2772272051
1574122472
438719346
4126663835
4192477787
37197980
3977270166
1027529310
4024680402
2909541252
3720813571
631415582
1560917042
4222737609
2505355585
3504604902
2430426094
3926799524
990156028
3925239021
2655643092