4163107504
833364566
1506346443
1903493849
197544499
2818908121
1462729806
1982505249
1388095000
79189505
229419227
2965193589
45504879
3705181261
1580270042
943980270
968403504
2590016059
743901766
3822178832
2911811272
3117880055
2759241330
2190831466
1652914879
938983276
1020912238
3160385420
1278629956
1409709158
3091835052
4046448435
281846119
108226582
613318212
1190448394
1498734104
2028674646
3645127947
3321082552
3378545219
683689247
1364356522
3214800879
2227449018
4292183131
3805156676
395954654
3423118009
1893359200
3623574452
2601533886
3957692729
2448688970
2186366041
3755959189
314146267
8305020
543834275
1145992121
3570229296
528692510
2003374797
3019974686
2174462971
700526159
2169285032
1804233182
4265445819
552651455
2237676884
2226065538
407362207
3650259851
2613200640
345702132
3768285396
2464177987
3981998605
3371968086
2322128383
1631822128
1279350124
1561458908
2724347112
281573425
3079185858
2285668793
2260558937
3213696434
3419311555
2434017150
2622816498
88296028
3899054460
1804679694
228062130
4165275408
540470662
107631913
322218978
2506874441
1621991622
3648252271
4127216222
1537091804
2762454109
2179932770
2688052291
2162822039
2274477533
3678522217
1130484874
312154141
281690246
1364261363
2459997597
1660637216
2157128052
1756896878
80282134
3107314514
1935522999
1799077663
93192
3260546465
399413770
353645684
37256554
556102042
1511706653
743680642
1400513091
939753898
4092881479
2442828950
640107597
2377720022
281004189
4136411761
3851140633
3848475932
701270596
374053144
2781063210
1385526518
3988375959
960454670
1918121260
2613152191
1425574887
1612270029
2319937349
3719864728
873103465
378739062
319947513
625364586
1576350866
1875679976
713047505
2768094297
1012190438
3180474427
2528017810
1680356861