3388212466
2627744604
1952500836
3441802432
1410368846
2528492304
1234929665
454733916
1010405724
3005285066
2297253483
2963519677
2019577019
155252032
113068460
4087818707
2601250455
1496234450
1205576719
3815826240
4012577595
3750642322
2078519035
703477142
399165123
2874097678
2007535871
2510510726
3968044390
954826059
3820860361
1387802639
2675451135
484910283
3399179196
2643973752
3164259073
2169371789
2020508460
3305590047
653072846
865869712
1309648091
548501385
3404945086
3941826897
682030349
4236237199
1077814986
2268924141
2662946539
259077293
747055585
51492805
466071176
4003450740
1196042658
3935219119
2749923228
3463110650
2197690377
3343732366
3027376149
2974890999
1498034304
50345142
1410187221
2573768581
3387971646
461105202
3903565405
4133775206
1781667552
473289309
1781808152
1297377428
