29228431
4251314141
957489103
792603624
4132508698
4061952573
3410575964
192213932
2963154973
1572844534
2393903787
2483334400
1652405097
3471607529
1297114961
1070222878
1106325891
3574192464
1394278943
2736609312
3328685779
1467908553
2826968179
1397580653
2359952335
4189937849
3904173067
530413985
3320658608
1242677722
491685674
33485843
727329579
1217894470
2067649759
206092196
2264275993
4191124889
4087191940
1064870363
2868318610
4086822207
2538264937
3153311958
2416065509
2718896723
4077801261
3469379383
1302246058
319473340
1030060055
4197577008
3557342207
3917984072
2264687903
3554283511
3888314827
3111731377
2680199132
2786966557
66164223
714340482
3733539341
1717242920
2539876874
704724052
1138184707
2009560444
2867070830
36060653
3292591390
2073245411
158414336
1317007178
4169443334
2263270026
987918665
1147413612
2195926695
300464353
3733203790
1056366989
2618092247
3115101807
2904639773
3751358968
4268378633
1613120175
1073488594
2915002516
3552745137
605022907
1490869998
2186673495
4277614309
2232936753
1271290391
1604788861
871354091
787413396
1466330166
2254940438
3068648912
1228925713
1482757788
2005461228
422857410
20304391
583294420
751492273
2483059152
563742557
2006946445
2705121568
908537934
998078101
