3929220633
2809809239
1234716123
2302178353
4125053257
905805616
3656555715
2036365955
1247048867
3124434574
1213403829
766595143
569936572
3498651229
2406906441
1135474165
1181045699
3339788685
2351378878
1272310397
583896505
3101383128
4042393543
360471902
4124691173
4049023753
3069227531
1022845390
1375033423
2493164554
1522388685
3317683203
1302370105
3217397462
244980177
1229929100
2887276715
2741535712
1215754916
2138431647
2145124837
2172064127
1907657919
4194674935
38440717
2592427411
3096846943
2536047277
617815706
191150788
2588324245
1159824794
293251368
3854617704
2058605425
573712836
333964707
729294905
2778343988
678835546
3388353507
563993210
641629805
2190222875
2859284000
112312432
3706146633
2827990168
1762812535
4125252866
4203908496
2694021392
3955516369
2243809343
2326317438
1346214836
487029707
3263507077
2248309930
3653588701
3784642057
323141826
425378196
1769488035
928641800
313498083
693401489
1056190651
797839753
805687651
3038648509
2484948122
4049453402
2233070796
2143381550
525617221
2768694275
4181348356
2755750589
3339202647
2832961066
915544985
457043715
2848331482
3861305376
222271566
3703876510
1543578314
3372159212
3842773064
1946455963
3678955041
1801322045
3525472906
272772010
1137938495
4197421616
4203607039
2230600772
337400578
1612216875
454077509
465840856
1189119364
823452682
2912779976
3789819314
2695653645
2444720003
710970408
193137395
4228122286
1253702842
2050215347
359680742
3941205582
1343683011
494379106
769608802
1530137142
1604769395
1101484866
1414007562
874364969
1723321511
3016725995
2778354433
2805499059
1296594669
51540540
1193336627
869159465
665513656
3138309275
2965044531
1895478525
2679274808
165263870
1196702102
535830569
3777721761
1781313897
817233653
2738715275
3188152619
3242269839
2649016727
2528184732
3274641774
1944179771
2518863597
1751109117
2181549498
1939907269
701687324
1125132443
1968905297
4281640617
1405045759
1208870938
2830281137
1928166342
299063021
3849387887
1704306890
1295691059
3672843455
1161948123
143740480
1322843313
1722108348
582685521
3919263504
706314659
1679280464
819897617
2304031539
1232291379
747028194
947927438
1639728284
674908528
2619464379
2833873962
820137459
1986816203
1924197938
785469534
3649113384
1481907048
1751494678
3119157097
411104472
2223826299
2966628529
2848194031
3718557567
2996484711
602163289
3328467829
1234475852
248992316
3602222815
729396775
4107492310
4137618488
3758952053
951795198
3594782597
4006230875
2464023432
3674577722
3950673773
1660022758
317029625
765519695
3890372758
3067516197
2547841319
1819575351
2345859897
1757703516
1868608831
3907163479
70789523
3677894688
1405560422
913480547
389824533
2097696790
4287462051
3079208130
653741315
3091011340
151560962
3103369915
895407582
3700360087
3047584351
1213081891
715369458
2464614467
1698120474
4120456524
2548916489
289602990
1384481624
700144491
136384737
644425549
1354795287
3005589899
2310884168
1418452291
1649841965
533805587
1362482454
4231175410
1704855793
3175318799
3278785891
1954249747
3472332969
3135796200
553605991
3175191704
2898588355
2149788285