2750005501
3813519229
1869843074
3148364615
563102029
4264714345
1306712671
2421164238
3077473279
3073878539
3570394697
1273908978
1724639068
321427032
1882773444
3781905553
2815068751
2306864893
3330142304
4167767768
60299275
3831711325
840057189
828861572
2109222952
1387513794
2739182448
4083915632
4198863101
1119289529
2132295759
2040090389
178091996
3058460986
3120216573
1944430431
1383017891
2442829252
100145700
435878292
1002351084
1576752340
4023021979
3981627997
1101147540
375445925
2317708891
3572057401
551832430
3371049655
2917109287
3345053508
362740262
2933022941
3094135276
2582948561
1555772527
2540636027
506763490
439008656
3080293580
2344488768
3588993234
4142617936
170509634
2814776201
627770269
1904631022
1809749863
349648397
1161715922
450272553
533899819
988041112
415718757
2201438416
1006347494
1230868134
955894322
4100634958
513289195
3161471575
1932398200
2958258766
10046079
3201420654
2172549038
1699448852
3663389982
4228611542
1198669840
2098545218
1120124031
2843855095
3359898759
2521708486
3232868959
3043466769
48958445
1513729186
234530653
2617004094
3779966803
1822220014
2760005409
515531322
4010935690
3328224237
577460018
982189432
2892818444
1773614834
470548164
1617127421
3183625055
1276380670
1912774067
2063106193
2916193560
3921685960
305420536
997065671
448109943
3279349442
3999460785
3613444111
2484030681
3175534282
2642118026
2074975463
3718073241
3562119354
183173633
3864174202
1581030921
3171778511
1202053235
2329534323
2211254463
2401166054
3410142544
2135717868
2808437075
926721815
1016313994
3638283252
3251177482
167468881
281856960
2447713096
4185616792
632055769
2457109413
272330095
1879102053
3605295686
1170958095
181491114
1464080187
3838330314
1089668341
136055921
4202873648
3828497826
2392350328
1230893349
2264875544
1500456968
4149130662
114231139
51910073
3362023452
17008051
1172305355
3761465184
3792757608
2483718729
2298865579
3399142434
1707303901
185184162
2126578858
1666388140
1687956891
357473414
2963533374
3032250985
298979080
1416101306
69720142
1335012011
779369396
366224215
3790992823
1140955309
2861590424
229265285
2304081903
1486952276
1844803626
1675505549
1006385913
2075762180
3112353745
3932457463
2253441714
3796472479
173360325
3128829364
3263027110
274499121
1423768985
711948604
1187906085
3242265888
1416561021
4013943577
3755558602
639749087
1485552183
932348516
1677161790
280651993
2836344231
2137044816
793902679
4194530701
4071595867
3956559806
3529280442
2274273244
1497330261
3168201487
386926830
314774930
2248664445
10912407
2169145997
155024299
981171348
650221254
4120160766
2170792153
2826937213
680660370
1764332865
495648391
3978479980
2849200266
2739777700
28360134
2342061298
3984848496
3735865759
2374655038
3633797323
3666540427
1172423481
3006344115
2102442584
2835465084
463300385
470885182
2340708445
1861540739
2871945978
1578813876
810748504
2098097243
556989577
3331845445
2711932145
3761031297
4112075354
3911306379
3870258285
291868517
3016765407
3593880434
3152595452
2668502502
3879684913
1456048645
3338406421
4234260754
3252547615
2350000631
998612344
1746621126
3622453600
3507987277
2821839900
1851701826
679723934
3352316425
215851095
604924413
1562065517
1755859410
1777558031
2116514614
1520066923
4028080805
1268841572
1358200773
1041054226
2731822051
3340704327
579968129
3071118564
388058683
582530589
1172692207
3182044033
2367931280
1155887146
1468620383
2471866834
1046043172
1547721759
3384211092
478804168
2443700775
433376384
2554545620
4026533323
4252895052
1078053227
3983841964
2655726157
3993948911
3590950548
2694949373
144210677
505481901
2730069799
4279865240
1664927787
4209522844
2689155911
2104397521
2412912686
1352961110
3869754623
381306506
429892792
535844554
256682504
3099808837
1570280146
1138172709
3550813430
2657994774
4036074533
937103295
2050194219
1404111477
2108564200
119512623
2984434480
2048684020
2424037287
1039015746
3018763158
428220263
1902653165
1236100878
413910958
3619533415
4115759818
4032083857
3558235603
2123337748
3463034523
2388965253
1845123425
1462582194
3160930997
1470010756
301516764
14021667
3926939891
344773259
1349246092