405494890
814539331
932609047
2336424167
921271346
2418824832
1767545276
846400146
2130052743
669713189
3380213893
2204451365
3372897205
4205226710
4025768142
1918478377
157082914
188516235
3088255752
2134018327
1916967109
1418814443
2077896284
337057139
1789868315
2727512068
1675580292
1576338003
189940891
541355294
3789306523
3128942495
580939595
2862778555
515816583
2001263010
3108513995
2290985559
3763526261
1397750666
3074592232
3320723165
2923873694
229755844
1710069141
523418593
614267367
1056877975
1762026865
1958833528
3846920712
1036272656
1359367447
597349168
3053463882
3308896980
2368462755
651971921
1348841762
2508633207
1305930394
606495050
980085699
1403592573
1901589255
4202916154
2592967273
4176461010
997236637
2668079255
2265912928
1254765967
4196698588
145234476
4273512369
3736336837
4081385887
2939338910
1706555881
2491774723
3750978251
3946298959
814774058
2952270231
1237161918
1599731554
1778547598
1457234035
2729255885
935211002
1440084551
2376730192
8295683
2450223702
1832027049
3295339575
1498136159
2869021628
2716526361
3866627082
3996071641
2413724498
2230811566
2513511582
3859475424
3913264247
4133925241
1911496748
3963560152
1053042923
955174958
542283632
1373277736
3937893694
2179099994
1060710516
2391594332
2450080980
3595577751
670686326
1203856673
3432366133
1264077024
704592765
3655287828
69289180
350558669
166323985
1489978720
1420137128
2875339467
1725382606
2216144805
3669283505
322797719
2888150157
2950133838
2016558977
341966682
3011233754
3031853582
1178212074
4073274278
466288210
1775570179
2398662871
228731872
2525751850
3740852537