3122545008
2407897595
1909810973
3947559464
3098535585
1194747585
2994680652
1530143532
265380682
165041312
3690438784
3972390262
2810430043
1231934307
3367546221
1870042927
2032125649
140707511
2498873302
730959566
3974118259
546948026
1032719925
1558773940
1636446151
225861372
707293876
2655902453
924779927
700069567
3582275131
3247429555
269463141
2602977476
743045116
4053147368
3220936011
3860121034
966597062
4272862537
1845338503
558801169
2243668417
2864754942
2600361684
4279755620
296571175
3580907487
3242856495
3889936618
2374780964
3374003940
595819898
2778362133
611022587
752263582
2322601581
3839571420
467736122
3607557941
1938811167
931082724
739756754
4254962869
2924907187
1251496007
3852079568
2281967157
2232098225
3780065491
1060914723
3949324792
3118190192
4112282115
1360610235
208870191
3472995059
2677116941
2452204209
2713645313
2683661698
3521565351
4060207053
74459628
2866980009
2223385073
1991394975
2917786748
1743757699
2517432470
2678892846
676385740
1273490294
3498946128
3017193976
3319007892
1616916986
2397305175
1924596154
240493567
147979794
3204061101
2810446279
3552069420
3566127378
920880519
3978359472
117922623
1563269527
4065218506
2575089685
1922443757
1915542389
3871228538
854414983
2686842546
114927904
1078348379
1686456775
1788024118
2961470007
3207540632
919269900
2197937965
3430447133
437300367
2153836065
4003785237
2192075943
346709855
2931385418
675509172
3514975297
349722080
4105708249
2033438546
471364022
3143078117
1870798472
405290440
2123486832
1351467211
1716811215
3788790122
3582834987
2621073236
2065219267
3675930697
3167731403
108065936
791505085
3300146173
1580522923
4258302769
2756106138
3450957826
3066166745
3112747740
2441934640
471372405
3889237921
35027360
896725792
3098255277
1234362257
2694037837
2921581342
3052792248
1059766903
561942636
3545670089
1057665746
3459481015
1787956771
346308707
4009210181
1831878265
4248246940
3808444853
3340818801