1745438163
951075233
178058574
4110826578
1126128280
1871883601
3499485251
701699128
3100479091
2608697806
1924959146
3999811928
2895184224
1498237854
4013498541
482265906
1982392176
655388098
4193231100
2601880045
386245988
186545510
3056378144
3669509736
4233423969
2779950347
360565289
108912858
2054645151
1387540625
3205582265
1221926053
3400179639
2306904922
2986933510
2339187554
2616233129
1043319466
148299022
166508675
596668821
2227200857
216841597
2494486454
2982076355
1585721603
560093376
1091423099
3798832054
3772383366
654195515
3669771468
3073698255
