3670000466
4094483007
2539986752
3924808171
3197908402
265055580
2004265967
1927668791
737753886
1764308944
3120724111
377759019
4214198045
1527850223
3164302938
3790854699
1075738144
4010961931
4038796032
3130152232
1897473276
489187673
2995907456
1752357048
743609674
1650582561
4115850008
939154232
74944565
1471680871
2398853348
3547807026
3052077265
1781189535
910780404
3289415464
2819363598
876749607
1281318410
1426589343
2586696250
1206241370
2958128281
2895774319
2286823872
1493945758
2047500286
1965366777
3825468647
2540122600
3094915932
1582120958
4173870147
2784690391
2342557805
1236479253
3780424959
2210614660
586389316
1414543695
3836928859
4252665087
4182802036
2775316332
328243821
1361454058
682501055
3944935628
1510075507
2265966524
1342115616
3765669643
3177848513
97794282
2854010256
1390645896
1486758781
4281695445
1916312999
771832991
3829003562
3024214460
1256500797
1028095589
2890533579
2622807733
2151708127
732659725
756635225
1925902735
423322566
317777774
3549769908
2588074095
1517552183
2861921691
368480197
25077137
333028980
3881648438
991493609
3612217638
3048950631
2790055893
755025734
1050698867
1040049745
112666472
3697651560
452439262
2727978569
1834943889
166026561
794988781
2693031983
1644105050
2990095972
495404154
2392037821
126585075
648782436
4041573163
1424673051
1251420905
3922475763
1629030488
3601467882
3088215346
1805837144
1820942962
1794835425
3128009602
1545092639
828687748
299573573
314740957
3318032928
1785482449
88888414
3435182922
1077172615
820847570
961361939
1231957037
3559050679
3131554805
1168510454
2073038421
3585887409
1359785668
939084071
123831685
3203257668
3637699941
61843210
2484120953
2863688720
3320548892
959713979