974090410
1310371941
2580533978
918567709
2261803534
1880831114
1410210641
648217472
2461888246
1815172212
2468523457
3197490480
4070837612
939212518
3651473488
3696845305
501627296
2091439313
3084847877
319551737
2716577303
1612972944
4193617361
4211241500
1090552367
1996701109
772196323
2319782194
3029065610
975893965
2417657529
4177657906
4200118926
3121838199
2838873807
2789397117
568699775
602461301
2496649710
1270895417
1473342773
639693093
1351782715
762795430
4163680411
868513050
1883451033
2843095170
1871769884
3970794324
3947889753
3363605375
3745446612
