3461021140
43557440
1214842544
2568273861
1369960860
700906300
543967424
582008661
3536743280
3266996929
2258869739
1001147186
1992972862
2129287254
3202566297
2234832232
2373504411
4257514884
1385941092
2438426490
2177806626
1082120648
238235101
283312321
214573973
3048224332
3726999458
3860403438
1879253646
192191348
1189975332
4024998946
3120357120
2784048251
82792716
3453673155
3061974172
1284572272
2845458203
2857367275
303270630
2036196189
2478414656
1571327001
355530120
3398066771
618357919
589209674
1761916964
3954356841
3778515788
1371732798
1748503278
3628210709
2561007374
754776756
1348155980
1757658465
2108706473
3143787251
3049827232
2452465271
1677078529
2934271276
2758441458
106299190
598009916
1818318751
1698929821
34179057
459094702
3170818250
2657787134
1802936478
3485308743
2842353986
2409114801
3352026948
3073468565
3629861452
3376580829
1543128615
2099081943
1169698566
2825308720
579058617
1554327188
2175867035
4167670707
4108716370
3538108110
579020307
2712273258
1425085681
1815069335
3828860759
2647668012
2859330833
1357687336
2313260801
1669466496
403615736
2793308965
1794773782
981630125
3980420899
2173221021
2284100597
1124991289
4177453730
342393093
1083317181
3744010281
826454331
2884551038
3164820113
74019919
2561886236
307668194
786030150
1006951823
2868117602
2257052788
1191675510
1244677430
2400604673
3775040762
2486154303
3997101824
1151724461
3088327786
674986678
3105016540
315682581
3097901028
1752413778
2506865263
3078710784
1597563475
3586072252
4139593703
3612643849
3026214977
72361550
3246956994
360912200
964864831
4057760362
3464266643
3964036137
4103947727
135502676
3597968107
3796435354
3088250187
3660133966
1508629693
1122743204
3365076443
2934967917
364384728
2948688733
1829268175
95661934
1135435290
851417345
2906022717
298743859
3172648161
622388115
361335223
1148231583
4015399784
3289157575
4278155195
2219699280
2634034857
646214065
179774882
1456838973
2681638645
1533289040
3963799497
1026475641
1843509903
904560424
2782996570
2886390563
2956526758
2683132504
4222218514
2457470193
2262820549
664131783
2132993986
3674274615
2219394430
2954414709
297580888
2986379649
1455062006
364205146
501902909
4111364864
3510612436
3995912660
2150558661
274248986
520079434
3430339469
1407693718
2248729523
3201936289
393141137
2197645648
4265971055
524134455
1141911591
2564819535
1498924624
199751644
1265027154
4237863540
280796355
3866619377
3764570506
38474479
526656210
3203497246
163043191
1292281941
1417651446
496157
3381714081
2615901020
408521266
2074609507
34510820
3042827700
1972904860
2571401774
2459896671
198804399
3859945516
3829151670
3737840215
1974698444
3860806903
3007866076
2609100021
3663528973
1338199911
2897448491
2749621224
63184056
582807364
401434898
2590420310
2634297068
3862369379
4106613288
1121525564
3408723193
4209633933
2326453675
1542359873
3024797067
3615007689
1006720627
2547746680
832095711
710266521
3148279831
2239713229
2804139710
670847702
872249694
702099599
2353534739
2389496895
2172593262
1305266120
46645872
4292073651
198060989
1123882546
1972992581
1027427288
260591051
3301798110
2739615353
2182753751
3690629430
817988062
1287561325
1961690045
3607105087
2340093083
3495189145
3129176862
1631224702
542843507
3454097892
3760257563
2771792037
3302915826
242251113
3442904343
2596518844
3071108106
2364804222
1166024860
2742275947
1694709651
4136472095
1517377571
813592089
2342128855
2054846138
3408243426
47488105
3920592421
2153012866
4246434974
1238560033
3879383556
3627304786
213215123
571259225
4230523847
3492884310
331499785
3142859068
1925804403
777024859
1018720126
1941451562
1881147677
2799959492
277749400
1441116558
3909112703
3487059417
1853435118
516049495
947578086
985913109
2055871454
3703737172
3672952550
3885370136
2021011986
1723129599
1405637516
695764616
1297916543
650312378
576437421
3625173965
755359023
2654894058
3473363587
69148365
1528187275
4163664620
1296943018
1463019907
989873794
1455923236
1746238031
2327341130
1736178361
1216569760
3010873504
722819390
2726970191
1783376713
1703927478
2897990467
1437376595
1453436174
419285853
2515379704
3748841957
1612545218
635072647
2117364870
3216845491
3222173424
1358082694
716633486
922374157
2160977112
920595966
32957390
381527799
4248442639
686609788
413239765
1410410422
659983452
179751202
3008815519
2581412325
3422213106
2498742853
806558591
4238778235
3049563206
851004087
289308964
111056495
3039299636
3986595861
729347254
1195293893
120671022
2233958020
2214974527
3551961401
1545974977
105476877
4136546232
380853185
2791463393
2624169748
3309286586
3991418977
1743933228
427642441
1510137466
3303256552
1101983767
1209776181
871268526
776456592
1226715686
2932563398
1573628004
3604314139
4050886152
1858336602
1042389960
328721426
4204321250
3531177512
2127132893
559255589
3095147562
1302997628
1855133190
3577905214
2319712877
683674000
1193770295
3748949350
4092788414
451587055
999966761
1504668296
2387019342
3407597993
1588001369
3011555059
3808278699
2069657351
593102947
2076665819
2577025018
3320934542
1175146710
2182825025
1583035791
2808655326
1752883312
1571635427
3777367012
127899319
1891865357
3064736073
3688638268
2587166296
3585499481
3994451031
2073720303
2954211758
97291142
1311357614
2416317937
761803951
3979795217
2141227108
2845714689
1461951562
1674884532
2855379826
284772039
1269970404
3296296737
1199483851
141841126
1403875975
2725141751
2102794377
2436793199
2919868178
2549042140
3722705829
995949257
4111636907
2485531776
1759848186
1177793181
614466675
3300562129
717226289
2549893014
236317364
2394563592
2686959291
1173502760
201700227
4065815106
2953958432
1589266915
3098357715
4176129382
3638859660