1632173035
1858658096
2629679659
1836098563
677976962
1959816191
45013938
3816450541
1642862659
1158491083
4066443638
3347969287
3207161057
3343792759
4068814663
4036858492
2893944044
3993827396
3408734823
2952252281
3096095703
2038281785
2265412445
687656825
2326807871
4259824892
4164500024
3980105638
802291322
3236634491
3819168239
3981699046
4138563467
2380312757
2432779812
253488512
3052669207
3870494828
84436099
1045914047
754910284
792705056
2229337177
3357007721
4051598769
1828415534
168964922
1441085113
1797389432
3720859648
145101983
2815653784
2049971417
221838067
478759153
1994524373
1312121749
3044146323
228278060
3963370267
1838851058
3543627055
2859002165
3388548905
1728716040
2993227339
4031722571
3489725004
836182910
1376759998
3646756766
555702185
559496854
1349696339
2470155057
4152725713
3102319437
1464999218
2656269141
997681167
2160560771
1128756092
4270060570
4077781039
546084945
3793973995
