4175447454
2624785860
80874073
3879525258
616043863
796550225
2896179187
3361038497
3597949812
3369521624
2623590316
555863794
1026498608
646148541
2187460467
2003784055
211980997
859416977
3636852051
855871009
3406712003
2191216700
3160226136
2881442838
1353637487
3057712268
2935569188
782689017
1804397449
2758748763
811756708
1624468629
373552981
1675256157
2302708198
805161643
68706546
3225954086
1653298216
620185919
421194643
257484485
3490193421
1262816353
2034455291
1749415400
2808606603
183541048
2947006375
1581215300
2410644844
1054369417
2710197174
2564927503
3145357131
821918
1417727134
305048903
3748739422
607337962
3411162320
2876054317
329246528
739013781
3316232264
4289489080
2753686314
350587116
4088044888
1249566435
1394012418
1131486914
3968877851
1936147898
2742438497
74095890
2877282292
104095566
4042544953
2011123002
735281316
967671500
787487412
2442104060
469077204
1916330706
932185999
201275295
3628330566
4038378651
1333949638
2901932547
4027406815
1077576780
354768832
816133706
2634008562
217938866
2937845312
2709035179
3155128212
854382313
262875435
860954472
87015956
2632492726
3866252509
869899936
151339435
