1697570504
1153995172
478872906
756512537
986575260
1614534506
2188930919
2855509197
30686349
2593817501
4138345317
1042984000
936037786
2120661119
1957377833
1937076961
1028190158
1059665150
4034039214
1586287064
32103059
2063910560
3509241148
1622296445
3827944407
1752037918
2134063969
4020110638
3916137016
2514637622
803825057
2235534841
2955134445
1363221193
3797063396
2745414504
2621638406
1093661033
1027852416
2809525956
2951744409
1327799426
2167188601
1576452947
3891211087
1561000200
2780515737
606336632
354360904
766489876
2592697734
76181024
2303385825
480826162
1024221788
228820997
2600490537
4258666476
273294763
1819735946
3732423035
535596971
1072247239
3145642284
146581536
328288832
386228230
3207133377
3971623549
3994054318
1564497975
2528884324
699748049
847222442
4148599991
2858686453
365489879
545626099
908970439
2040035191
2595998469
1157832351
3984528420
4063972772
1515720095
2267471916
827478823
917299500
465696392
2488899054
500304743
2529463981
1033590798
1933225863
423324055
387935453
689940664
1862163403
3284229275
1059528340
820804157
3694579910
1615115887
835681349
3037900847
2364610811
2882484047
1228858944
2094030841
1196240282
3135072396
142789046
212492277
3900828040
934300131
1465834777
4246803457
2049280113
3881258805
2702719139
