1994074890
1255809686
4066562843
1784436970
890453558
4138416187
2724277401
3878085641
2684304313
4005331754
2330211611
1536578355
1636279688
3410435794
2564227112
179238248
877196372
4282743901
1279444430
1686157213
2185641933
3283236060
3945842030
2108810131
1131497482
1709881987
1439764864
3865408107
3618389971
1968648741
133802420
3473427963
92039581
1760907594
1404572235
1140390565
4280534198
1718842914
3125562007
923458610
3721052887
1729627478
3238367204
1969345550
2331909013
402311195
2778943607
3424327444
2034456753
912876459
738044632
3463566110
3148604242
3290695112
3582993757
2278149989
