3458694012
580604702
2961688481
56218479
595729530
4260511588
3517253161
2732567397
1605266485
3146253368
3172300478
3034252837
1120339083
275174830
2174574080
3747898034
3555510034
177202136
972527302
1416380022
523344013
1408941095
3447664687
1401245456
3687691370
3374589944
818427609
1843471719
261380580
2387632450
4034146984
1787872268
2784832683
78760088
919044224
3275285156
1464048858
2112171712
616622744
2966552824
2238323417
2066771457
2588192241
4017576543
782845701
341196126
2302542281
1041239612
1014528660
956945371
1013277109
641494072
202588806
230596115
2898072453
448700779
2329338553
4276797934
852940871
895014156
3492355686
2454050026
2065232420
3495106288
182136872
989323768
469498723
213353068
3232424640
411184890
735618442
4025922212
329755532
3583506591
4009482341
