3055740204
3859263411
382206583
842107824
2962886341
1602169117
3568200875
1430870155
1418227483
1230082963
2384757367
1623838468
3637673800
3466457524
1545363199
610641266
972483112
3676985817
2616932633
1445335226
362258117
1389714545
3018269742
2923935561
386467743
1210078492
1715788286
1327263033
4194694364
2242474134
3918706473
2537494482
2988402552
3074951385
2827176719
2308040580
3027961458
3476935344
1801366598
2772028220
517713585
264764403
2087966705
1719719932
1534759743
4225108205
1274421038
39439119
3667107299
45711371
915261526
292470914
2960192541
772695225
3187473194
76923965
2797638453
3646526
1190513542
39736713
264573550
527651480
3574563913
3028091280
3788964219
3306683723
3042909740
1582799561
218072971
2038479627
4275018255
1666330468
4203987732
1683394422
2556357828
1507671143
3318173404
1120602716
1713038342
1414688845
430821714
2394245516
2899002742
2643987557
2950594521
23648064
1506229570
2204587807
2725452686
1248508138
198348814
1321115587
1400292385
1610667939
1329413287
4047801067
3677929272
9509209
3739155819
1555619666
139961190
719301290
1775750435
2947016484
1381108472
185127276
