45741825
3627620482
2712150353
2786350348
768182328
1438876620
2021399023
3595806462
3079645335
685285479
733155492
182220842
3143731762
2792761333
4026189642
1045531024
3997076835
1261348195
3339090677
3265599178
2264646886
514640388
881574010
3665792303
1350188777
3976105856
3874767999
1328896121
2845759362
2523471271
1503868877
3940441017
413324675
1177853995
576335983
1447439956
3034997108
3151668817
31479086
4293725785
1591708294
2946774982
2412401125
627811708
1502721181
1134397627
2320862129
3980786705
1189988690
2920430404
946693079
1326421289
2729739927
3533550588
1326163566
3433373379
3706287046
1354793843
736926954
2382094775
1144597877
1805085367
2384241481
23202469
90425678
2072004618
147776300
3191541558
1214389117
507898942
2405762415
1735247821
1386655719
3335620019
3836002556
432614161
368605587
2122401361
1118235400
3308489244
1063916727
545155161
1902154116
1219031397
1152519135
3311161870
4290488679
2517386046
1453454479
1558555921
3473492715
3502476628
3822998547
306440888
345794632
3847784810
2467031856
3830864780
2889007590
2480551533
182849718
581862973
3381182190
3676976609
3630786935
79448619
795739801
2395043164
3382322156
977467723
3467616908
4155993330
615082818
1843904465
1637974747
2851720968
4288239609
2612175336
2190629829
1599040989
533298738
389012843
3639976427
3203134374
3669309846
1886740154
1230816523
1663825161
3577219986
775335938
1952975652
3970884703
1116454377
3844009803
595056099
2817786767
3535072615
2794669554
3558807471
792692735
703247268
1442861428
3540248412
626205630
19521209
203624728
1298806767
4114857502
875663146
1458316202
2174848678
528026962
1505112899
2299694615
4178322539
1151962800
427071687
274714871
607529674
2349277447
714532513
3816587296
3473306875
3536963541
1066164582
2062738969
4159433864
3569165770
1322754414
3832513396
638773730
3907759033
576092661
4216462085
1424642200
2925974726
2990341953
2986988259
3224177134
3409258252
1211625020
712884956
1033301535
900087761
3957246014
3909489659
4154760728
3516068922
1855295700
1530411177
2520774450
1167981374
1322986904
2250945485
3427217798
3076821058
2290985570
1088767684
84118094
1124826744
416319785
566686299
1806603730
2148289328
2623655045
410074345
3429921621
2625216332
2793004412
331741133
121056831
2064988489
3597073468
4146445552
216638461
926578815
655337473
3644249081
4278578294
1881618898
3458798818
2617419155
2627887318
3393600186
410479234
144325160
1827249952
850451070
3580058043
210812271
3464156678
98658258
2328550628
2813946717
3045744135
3550208493
882223922
1742733028
4211380447
2364775346
2599219077
3551305958
975549628
3880240331
658547938
2425470786
562755467
4028410991
4097704385
3997207097
2957907320
1563282154
2929635944
3693470781
1891926914
3259508426
3887947401
2367245131
4156292190
1052521625
2950247746
1875866915
1844170838
216470134
94431837
719939782
2813036514
1540336850
694615945
3461686832
3894839456
3573571203
1718389395
2246605778
2184653212
3946474192
3078278919
2822491220
2191450815
3310896251
2709543036
3098500326
640255611
1197997718
944558828
1963349148
2544167221
2172307249
3512068948
2275965833
473439128
2448415407
2982311211
1586915151
3997564943
3637918107
896083761
2048577731
216643366
3915898923
3226245377
3260191447
162684171
2940115765
4178253995
1277476542
1051472720
1666109029
1476401699
157991781
93250296
3115464641
62292571
1732197095
2943103937
4074463611
3939697069
648298262
105863757
2756647914
472455726
945268687
2456565307
901747277
3932096152
1698326550
416383374
4144056950
174468409
189450733
2336854606
1946297513
2148131002
3500572302
3008289061
967409995
513898268
612857977
3294101285
1556705166
3743563566
84152085
1910681029
850012559
251245760
929214615
3102484128
2853276600
1611307564
1592904857
2254222638
3934395345
3868762505
957805978
3874599754
2841013661
2000916681
1235678284
2371694924
2788330343
787929912
3992023514
1884592371
443044357
613350663
2792191444
314739320
3978535210
2173339434
1568973977
2783774877
1971182312
1625456471
3629640308
487455115
1023781856
1197407433
2680346094
1346126766
4144132146
1969128172
4126593832
1389869004
633648023
1464879753
3605363923
2653540510
440930252
3077556194
1080405713
2262742438
1376033352
3733878696
3705945725
3440715725
3689104953
1758961951
1896073889
319664310
1011091013
3323474798
3753840590
4058106938
4217033050
3735629136
587176170
2007373755
2860995294
3760506026
2776758552
3094949630
3829691011
2673756706
4079229610
24699088
1320586210
3973470295
718624730
261908451
3209559060
2925328814
4135659537
3031070721
317324566
3071839313
3536149859
2853006716
2552576493
3623458590
2007288179
3496619584
2268996030
2720617736
543987923
1292532493
2570186460
3813337522
2130329803
4214655016
1782398079
260835473
1514867889
3041620025
3465997585
895526036
1038129734
208429720
45084895
3221730707
540018217
945398121
617250104
200107272
494354460
3116116898
1596879859
2715844932
2855840237
1468530461
338274639
2757391337
1095142685
4232918221
2791876476
2723381297
1172899721
3410953875
301757060
3128776303
2988833266
3122034571
2173733041
2925687067
3069847879
3252191149
2478293353
1704176288
3124143661
2801352412
1377185121
4137835565
670344416
1591643400
4059938796
727335686
4083529562
2313309266
1301093414
645299014
4282784014
4114740652
2331311675
476400090
1774309356
1565999853
2021470946
2907377446
3484660368
3630663128
2244194427
2215989278
2604710578
1672737501
1517897737
295728364
3560688277
2711706998
412094079
194166007
2329394603
1292679515
2154186326
3666379970
486763388
2691195289
1974732009
3614849373
836472136
860089458
1598370746
1048494259
3878938695
2303994988
2066586677
1518757864
2034168867
433493350
1047432059
933780459
3923570309
3630409318
3696920560
591925880
2762125301
1550045441
925370327
2262587722
2074028138
1588219257
1711726223
2899502475
1679730540
1472337010
229624022
1290223672
198705100
1522036902
3838774544
2027689873
4114051852
1379143776
4277348657
1513879319
251657136
4153498998
123899214
2652831631
2008884106
647367641
2019183298
382294327
1013016035
3649585766
2410395831
2065094789
2289707348
2776564287
1333456829
3537698161
1121443604
1858265047
3705782406
476236371
3686288260
2739018369
906182360
2971217331
2047775626
1543415850
3676814769
2335939771
2922795660
4275746370
1583275882
2113767715
3327982175
3312368586
3760325203
2099891992
1626303355
289810275
3300958205
1095397858
2863044572
1370102080
1566263315
2225201701
3982812073
2454214545
1113381240
3214277417
2360825195
1992800375
1964086572
1185141930
1024739571
3089621554
3155557842
3697880573
87749527
4074863505
851940770
4218101861
3609909496
3979213939
1519129990
2430905396
2316619533
255036129
1521118807
3154214257
4267199136
4202231324
1555780154
2095971906
1906125376
3614596189
3133183513
2200630990
1713946861