2190937583
1008117064
963217234
29887239
597466314
2094932801
4257087121
494667351
86326645
688996031
1066890297
494295595
1590212796
2113786801
4202608489
1652529108
1454852363
3042697704
2902215006
343932086
1095926086
1476796502
4164583719
4156402001
405624815
1705814876
1313173110
512399943
3248265737
2911057148
2493421668
246979120
1744744489
3810268266
2743150361
3415704669
1416964681
199108253
2610821633
2374055297
339573491
3084523079
4155106964
2702883035
4271308026
4259091523
2803582064
1828386433
3859749881
1268916978
410485513
1821683680
3079327376
4066956284
3346079736
1631521242
4025659425
1192368876
3701856352
128739018
2860505323
4230920791
1823007494
2173996418
1703491284
2333294742
1623795009
1879763746
1441772609
2321409280
1742952875
1727948266
4268380057
3263992376
2612715379
1444505307
2336184937
2595742141
3010674774
2920550405
213795050
2528774988
2398965112
1802471382
2923831847
2788503910
872931985
2293364751
3822650022
782201864
3574360573
2742216970
2315868025
1567679793
1823118498
1189291856
435530728
2595664808
2919815576
4130968227
2156111330
673997755
108964799
269373140
1895609439
3444027763
3218114388
3439974559
1475403759
2601266690
890052096
1647469794
2161966410
3919728900
3033079293
1670752986
627651504
1623609095
1225816946
4184712036
561046515
3017193392
3793054915
1172240813
2686706000
4021966338
1012273642
731597225
1814962454
4022287393
1225929063
1281882964
2639107104
2507769011
3554502812
1304153766
2388558939
851736962
422245365
1328938118
54125085
3343123954
3507277601
2868459329
501257789
1409209494
1911046624
4127036912