3972528472
3752616553
1122543082
1396627181
2586954288
1604450571
3899378783
4261741300
4231861016
1294305860
163413808
168258566
1781636199
4004660267
1124126499
2821888450
1911405790
12495396
141195261
3131724789
2319243172
2818000849
4263056629
435774947
4044778072
4026946048
194826994
2228646483
1249656540
1077076142
2299104189
4036966673
4139991141
1466726520
4231983050
850112681
755936608
724468677
3896078767
2297985063
1172249295
265203832
1527908893
2493849044
3075625565
2503254814
1952378480
1335987367
338262520
2000853217
3627156753
221075981
1605722240
1924303196
2192268219
1850538627
2749433104
1337819904
4031116754
3169570014
3049618242
3999436152
1436932094
1444606970
3120571875
2336852959
2108017331
165097934
3081821024
3236438645
415747125
3594733760
2732714881
2863942941
2867429381
1827022359
2444311341
3315031235
2469177064
3494718091
2720510685
377340619
2214036470
622720669
3955615794
1163852988
3658577562