555964351
1474910019
344643203
2723814099
719832910
2641408614
3370385057
2939539621
4163323241
354379148
4138925579
1280135268
1649964
3817378794
2397303330
2675361139
4177873792
3901105247
3768352807
328102329
899824006
61966553
448515524
3254855092
2928764142
1196140750
2670594431
4113943143
315727528
1462163806
1587622413
3600313205
2409344462
2700486957
1721000926
521656981
164151699
2086613318
1071960067
1769865337
3974477258
2150754477
2306474766
1713580770
2040166593
2920532880
1954029871
3952927012
2464927918
1912074254
4201355739
1880137683
3365375457
2138890091
2346189818
1227575419
1853166019
1445262800
2864414337
1874913174
521089903
1824054901
339951104
3553355500
4288268955
3695762749
3589977873
45822803
1838760784
1363641400
1566384559
126840300
845792497
2846717366
2128697166
1089992583
2533755121
1663061741
2276058599
3111569242
2895006441
668717611
1441968043
1540086090
1359868539
878013459
220524010
304648584
1358690507
1995576672
1329422566
659873853
3310029542
2097163244
4096464315
3624257769
2338019678
2667684262
409316236
182885519
1381570003
220716562
2133746091
2680945301
1179718874
489668652
853520967
2260143027
3254332576
4285917539
3987718125
639345091
3006105531
632938752
1432408347
4267663296
1246793924
484459459
3273771457
859727682
1086467075
3260263130
2370550978
93312236
4067207059
1967066627
401477039
1776094345
3168278601
3837144116
573523126
3504848588
810063799
156463799
1409155119
774996492
2246005788
804132453
3587039889
1738364845
55786453
2569774862
1589481180
1276382039
415397948
683578048
2140439073
2416871093
2634254301
121025303
1081267288
1974058685
3066822970
2126388273
2668988350
2986992264
3796196769
3805979334
4195542941
2778569717
776674844
318107563
340952762
3982297826
130262458
903555071
4210297021
24767800
2368891953
506332859
846023707
1108868780
1377661418
1601863355
985585549
1092793132
890516369
3286672328
1335127137
1802776242
1486173063
4078744282
2236717022
1891745264
2997023157
3958160841
3449449997
3644397292
1057848358
2292319323
3688908893
4261007409
431158044
1734978077
3208520467
81710606
353162635
1112674302
1409673834
181503271
1272197440
1692534415
3360100405
2051486938
1910340779
2450229221
3908784936
2993320200
1001242635
4225095307
3418736110
2633169404
1401974892
79720710
795172026
3447881725
641530020
82053378
2618132557
2156051514