3291365938
1343462698
1163627562
2716065598
1974635091
4197639054
3721719848
1052515078
3895286183
1790891819
3860594644
478652815
3778350198
1531066967
3820181245
1801092345
2188492135
4149253236
3393725095
3190618421
3669915246
4247873298
232709959
1955031938
1344982
1762418640
341700778
2326127266
3560508093
540723140
1298726470
4292122109
4111478102
3257869658
2687704150
771102831
150224456
2571419998
3285468148
2620604846
2705068742
1370070894
2005255383
2576964374
113213587
1303479499
1078227197
3628239476
3572644165
3352929370
69309836
1280594192
971376166
531648245
3624622997
983570905
2758486744
1354828507
3417177616
1678395285
3077850546
1966488834
1453309496
4030177603
110281781
3179785472
2632299051
2749148422
711069419
1686016687
752400430
2221918417
3974641840
2062272453
1577926780
3392131420
1420517151
1756534269