2261891346
4108901943
176717486
3187202106
1820640104
791074786
1982602681
1124342231
3961884209
3984286188
3406227559
2519983491
1551798954
2125653296
995453310
1157899298
1426635863
1330715523
3286327966
1340331397
1070846704
1533036003
11123094
3848783990
571485205
2327198347
335545967
3738179060
2712844108
3382753778
3302761322
467444899
1632685665
986915254
323816514
2241225541
4109849722
1687477274
2061645205
1600121019
2480996092
2814215725
2395263168
3488809162
46310466
2142005992
854871891
1709520992
3916611523
3230279640
3366793939
2347173875
2516001430
3623638575
4126934700
493731517
3972128466
1868819943
3107625537
2293085895
3430007181
4264781024
3279347458
3900914676
1370539913
3153586837
95737553
1788922145
3837830666
1350916750
4113262941
327971211
2609531181
2056760877
1848050952
3783436403
1598191104
1336922596
1690904116
3948513717
1145244307
231020393
995172135
3371629440
1948312605
2260146083
1259998575
2101108288
2524490029
3640732797
3873063585
861675695
1135031507
2971978243
2189000584
3520622269
134368710
1373437252
3435153075
552879842
1411349912
761123073
669928619
3291577575
529722432
649026682
4261259395
794188342
555184259
1582802395
2468289750
3184340943
617340349
3677989273
223323839
2209467259
4181331401
822206172
4062846661
2631336694
176200806
2667311943
2526334505
3570816114
2899945518
2610974851
2731268176
291722167
3318278950
489259200
1706667758
3158632316
3497976101
3594609330
3583743959
317521146
2455322782
3001737910
2888778133
2761790618
2594910931
2478719995
3381145283
4169297813
2786055971
2071004834
72475831
2462499126
2868883765
1537965467
170627785
3045471866
1879856266
3041997617
3270156917
3555618133
2666854819
3891523767
1688404692
1639067189
3612544392
2285228424
3199097124
3069765330
3335951994
2742134724
4181728088
547261792
990658082
1371687790
1056367680
921791326
4291729432
130645542
836262768
3746589132
3478401533
2073507413
1562323656