3610779164
663703095
300461974
3676734358
2388303529
2518628173
1311781457
3389270990
3273541184
2623689635
3981532108
4174373329
1336307198
223934425
4189468534
790660387
2594555304
2119205198
2807867520
2181388637
765101188
2489974034
3330937448
2977812125
61069627
915607633
4021277359
1965643058
830078247
202862245
105600627
716212578
2598219959
3586012923
1776377002
3013696967
3716644527
3453039334
4294717339
782076734
4239463839
866166295
664688267
18101385
3361326675
2504594612
2760001197
4247598580
1102689968
1765657068
1210765830
2569833170
2332185773
1706799795
3077376773
1176327956
119486404
213253922
1747537188
1947120173
3344226480
1047383955
1918423989
977793938
2004190731
3587606137
1433480331
1001980733
1215194125
254206384
2682498312
2088167201
3433764317
398959194
1470786880
2955921015
76071902
3509658973
468738130
128967994
4286727817
3552644079
3419728157
3394542249
200170389
2285766988
2960215380
584324505
1297580642
440445974
3247746430
4256639197
371900801
668175198
62589074
2313822155
1356009754
3182878574
2570136355
1373812897
1833541075
191142325
2652331471
3342254298
350625358
763834821
4139163311
1606928209
