3000219440
1900001705
4115835036
3460691942
4173495461
3380098638
3236056694
1331223036
4195670778
943980450
2739637246
1101809183
3313750974
3700546827
773509814
41187651
3519075362
510085911
3128024990
1784724837
2238002543
968917810
3386944524
1098867818
2516569321
2523219215
977181659
3117074918
2634668777
753811882
2685688375
1233973222
3516820017
2209892855
1786898477
702865036
832411796
1553497972
3782094201
3805477582
3298265888
1248531939
1047252294
668708353
3682788705
1211272739
660336904
1665191061
131704005
1368197593
3514846116
939045193
4065204599
3309770745
2945582578
1888401980
2102196100
3735907648
3673378065
2043635015
2246639791
4254901933
1855164827
1590714059
1062138837
782830432
1758087502
3592756446
3843941564
476477351
2258384250
1331022604
1998177125
1877950817
3463748739
1171337810
2558690567
481023189
64622418
2994349852
1382430285
1906364913
4238005256
2543613456
524519613
2195518215
2921475225
1893087484
3645261176
2166881049
2926492077
4179252603
528588559
653254272
2931467735
2083065072
3223509211
3515934252
4159801335
4119345565
1325721588
864176757
3658697625
3833407743
3302253187
4273954156
3416329654
2891918997
3871179060
211998626
1288397565
