1787871652
926026719
1528052872
2136935612
2912366326
1763973290
1065759573
1867753892
3942139110
2391840990
2347269079
2551369751
2936201005
338939566
2900085308
4071601861
166156314
2676311765
1793517573
2693484476
2263350629
1392908000
3501633286
1929426441
1656583020
1708313084
3430376882
3639634813
3853528089
2335301455
3266538565
3419102399
3148325435
326630442
2401689418
2663704378
3284942297
947114641
1410232784
947133692
1979746946
2218897972
3480456621
3133420427
219733813
3249472037
3837610190
4011121911
4146095768
68647708
1044165188
3648752036
503994331
1709147399
2145756861
4018397773
2477988164
3927858342
1803552950
3889437079
3935070446
21758914
3351994898
3460866481
2025687862
791935672
3994355686
1998178663
3987113625
3379403087
2262862006
57247349
3910126027
1949645067
650420249
252626171
4204980115
808048066
3857732877
1186341049
1341108569
2224344141
4039468825
1620186640
1395288467
3143075557
3893882044
1809591031
1035002638
1886258908
1735787129
77621817
2413368201
2864890847
1754968704
1451487673
3255955649
785336715
2619142836
3465129692
598218786
1836973021
1439318920
