1482107138
3513954812
3622241732
2405930908
2129909249
1770792084
721094209
457862897
1971737240
164415361
2478163369
2722158150
2279270033
1143272014
2261082369
996864663
3194046196
814882184
1959417133
429495986
4093547923
890412249
2299327934
1606711479
868296972
1457363179
2766925296
1373066680
3158738669
3374340495
2096400773
2121355255
1217879698
4156658773
3055927545
1697453968
48426857
750725292
4136867520
1615790087
2834369153
1631240575
2230455211
4264234548
776543440
138988511
331627723
2820311208
1242679426
651402332
3245703797
2144446076
64303604
3607192717
2174348881
1017949369
1631562354
3576639368
3901291300
1126782252
3153723657
1367935161
1379492739
4131714533
1072626748
