2322713579
4074736332
1588203429
879407160
1259643897
2795038705
3563043513
3645479649
1471402554
649646630
1186713731
569733680
4156950622
790270635
1991180632
438644333
2524081428
751123858
4034125812
1497104002
3344484459
3411218340
702807972
375754748
2251841965
1163687012
146606527
1708640562
3940717995
1018274205
3234734569
3443094962
2689178690
3365836237
3352145079
2808374186
1516135281
4219978501
1728966629
3254002549
962174056
1851754142
3713776851
1669461767
2026947861
179416982
2147912587
1491151644
2932526338
1493120728
893538224
3985763753
3761636708
1536346503
342925266
4200593267
1329815929
2467571427
2085238526
2050069309
979452287
627529938
1714183450
3469795947
824605987
794162836
1232660338
3503856797
1000180524
174814828
2565884948
158170550
2431158832
1733930960
399380190
1294687148
3307299640
1244370143
2493087218
2405948309
498189096
3884588127
1098390819
1557019225
225642956
1982756549
859437662
2602578706
1161703303
2025082659
3154271642
3187767138
351263957
1523960283
2821761583
1802502810
4262675446
2223520921
3487235505
2570951152
896050626
328063576
2735097486
2027497570
2824647617
1712288988
4204147113
58662414
3588533009
4268786243
3235304282
354298070
3589428598
3374990269
2467457223
2404810649
1290264904
3512266285
2903599425
3166819283
3233155343
3522973781
753703153
3924898537
3695525967
1679929460
1877052918
