989925363
1111558312
3984382629
1597208848
3762387242
2319890804
2441046825
2426684207
3105581200
611375725
1830479884
4282817162
3740887686
3333755485
1621506841
1112420038
4014185302
2349320670
2669283327
3807175947
3217383912
2137969378
2952800989
347629926
1746070715
3755940675
4246012028
1160593160
4035886899
1649110399
3890949392
2755573425
3409849325
4213056185
3996361975
4074143088
608099667
864700987
3066430478
222294031
1747656308
3623654016
2058190034
13103689
539667172
54487279
2374780845
1874087700
245183899
2547689043
266077537
4002242538
3970141664
2688781164
1833505255
117500410
126152498
4055935285
3375468825
2277233843
1831043130
2966451430
2827559597
2097808434
4253414666
3242247098
2961983370
2430155460
1001801490
4037013540
2364799823
630828732
752546566
2468704114
3137749195
701467708
3006149283
3633834056
4080404245
1655950463
2627621551
1214384068
1061903713
3299465810
1174742844
1836009154
2026707281
2318245413
135790889
1225315463
1572753583
1258802284
2505724891
3662188314
3480918823
1473445133
1372262538
334833225
2722610581
788485704
773148544
2321718730
2534703590
3652080493
679465812
1480334789
2869758095
856505905
2565618733
39838291
2573381927
3676356280
738619476
3312479058
937418499
1819314394
179701714
3724473283
727148023
1440693492
1846322848
1458269248
2273816315
1965173633
2572355841
326237575
2591608157
60096317
3030343573
467981519
774074382
1692458712
589070879
1605696178
1344664623
928990926
2272454144
1067105608