2317627452
2392851012
3777237289
3019101624
630660720
3904386007
3230089779
3192464857
2352347838
2925056885
2647137750
1654332093
1984439824
1285501458
1405103497
1665308217
3799257728
1835732734
2120059578
1734779976
1941166115
1531554149
3157117912
1993627550
2568910191
135656040
2948716446
1489784917
1883143464
1369147888
4064739262
308326917
2576058957
750595668
2837949831
2575753197
3204864878
2087327114
1418962311
1685242860
1229762587
1864662758
4087094501
7173231
4188261511
2262274142
1974029187
3413100740
2416327842
709523621
3249460871
1501066814
1940340007
3512270246
3929769975
21143042
1876233368
1487706320
173190142
139619329
2051824881
3946650437
4060222931
792592429
1274836526
4127055215
2247900565
3896704327
294665753
2082539964
1586798144
1936582001
3691146462
2321074492
3074530136
755587908
255971461
1405554381
2753585540
162010702
674407151
2197855681
2603001826
818491838
3933462411
2401833827
772965512
681406193
2966871759
1450183774
2455541884
771488280
3436513315
581993253
3944855029
1129947840
3611519281
1639097738
1987591708
3731853991
3715552959
1541128976
2329659493
2426226487
2721741340
3900057966
1863836646
1063476932
1944476820
3373825982
1929735312
1010849063
760657466
1371165818
2371312701
2875306842
635361472
2168517142
817157698
557506136
968954527
514037854
1246165012
440990160
2797228916
2090165593
3826991623
189291359
1745530330
3437718313
3193574396
832956190
1115180703
3313903017
599696256
4121710951
2511218911
3700642839
2091049659
414787167
1597901910
592772752
572946115
102402758
1470250777
1017374913
2668713177
1050177936
3993981619
1702201917
1343316351
3819929813
1232932376
784313654
1535762129
991513375
349489662
865703066
3153049662
2814786446
2813394510
70247108
3283419003
782085217
355092812
1964326802
3483814773
1513482165
123586716
4094638545
2223275128
3344537258
953667671
1801962343
2672397590
1549244346
247269563
581789375
475997856
3754547330
2814827954
3688241512
443337912
1878838083
942803800
876854272
129296931
2260126211
652110750
2350869610
2898772706
3549615894
1774054175
3457568600
2581815931
1845946744
425111510
1434490233
2864566835
2464126177
1618536396
2152510947
4018752154
1595955546
2259442299
2679080846
1772086871
1120606043
1560979977
1720966368
1267249872
3925336477
401472628
3015496481
3336962082
1412295232
486196223
1889159654
1009762691
2789841787
1502114236
827973000
1414902171
2224716987
4029443353
3734032197
2258547745
3762998072
3804100837
1351207219
88783980
630685905
54209638
1213987176
1165835616
1485721753
299133662
277751668
19447413
295918858