2431880478
2337612448
1276820464
2037822441
3919309818
3858284787
2898848370
1006513866
490147990
3069476671
169007435
2292326370
3849783007
768683910
1434507274
304687165
2294270638
986820852
3780443153
2593272149
778434943
2949238470
1632535970
1764677014
2397817109
3076137417
2249561827
149849884
2897139394
2847189860
2896823428
904526380
249924932
675565116
1377027855
1463887992
708192331
2547208997
1944979077
2732043455
3386719532
4031052706
1809639070
3045671933
1040982187
302879763
1906990988
2052923435
639864652
3773544809
3864260047
162311544
2901838503
4070544530
893028888
2824335774
1332264035
421172790
1746206751
2022362312
1663623000
2595700781
1905086682
3051917475
4036534042
2325532375
3675772966
3576182141
3984460909
802262578
33260721
1411635757
3662792086
3686241545
3295747945
2605642271
3751985103
153618864
4156230165
2764422834
1437629568
2675215856
398316330
3369160692
3645914583
2466968150
3199774915
628220226
3682530661
1938882476
3983646431
1807770491
1906481139
3199001368
4159085106
1837595161
2511598251
2927242351
684268991
1892077725
1116774307
3767521123
1641652353
1778518025
3231371572
4268155891
1777011521
3117660629
2652208422
3566921383
745324099
3444390047
3363274822
3665188874
2378444384
2005069487
2855805684
788811260
653677941
888978853
2530165915
347418834
3869937287
2721396854
3030210675
3663020153
2125985822
2388182574
3215091698
1554719415
3078752804
1744240863
1406100315
1160433563
68721158
2302258905
3093318058
1632769152
2199375921
947400613
3126987241
159416804
54117706
481105374
3810008896
3769063433
2362741397
3389101692
3252824233
3773756230
3206194629
4111106858
1645596489
1952660057
3407703766
2093796876
1831150382
1250485710
3442569937
1499702777
1125968939
1199928931
1283447186
2614213657
3117400401
3828010605
156454727
1953922383
697378056
3336458908
255757472
2732269630
2430167719
3235794477
1323924780
1964263661
2293903970
3200368594
2924011870
3269052602
3574653378
1795814703
4162228138
184661081
3288488055
849099921
3677046278
4235457824
2178791574
48366074
809428344
3060740053
4155039365
123837222
1828947894
1093473390
3606876446
1655686844