2440634906
3327123231
812098702
3987327076
507143819
4268825097
3242621581
4096823985
1335403682
266252736
2515462255
3861615721
444068534
216036851
1483735991
3113934247
1687563333
1700211630
3432875033
953372686
3974982054
809075219
3157363551
3047917759
3172844622
3442416855
283932844
2889726654
653267836
4010760312
2749472723
2559895092
1760586584
1642231013
509136749
3366644588
876533598
1608274997
2733727898
2859653425
3261223704
3713001124
2488018583
2561679998
541214797
3410543648
2562666261
3987953448
2782398906
2110157355
4017431445
2790004584
1734731360
124796787
39090677
1570164759
753034653
2243359734
2798388109
937607437
2235598646
3133270658
2085224142
3023462654
1797899160
2081722688
2776832730
248627364
3578189207
632566083
1144600772
396685194
2149064823
3708442685
1190783043
3097847156
294853023
4276834740
2236038312
597313353
1398610262
3266904861
3880866881
543279158
1833091609
1067866858
3055485312
3372841947
2252053417
804180245
2574144206
2227984527
216779464
1064827737
501981489
2366489947
1447140171
2285442173
2883225713
328390748
2756356906
1141814532
3246994884
513665152
1209744001
1913870584
781874792
2220680442
3241667680
1679582590
705614883
