2416527023
1424953755
2160282593
1658051594
3800685272
1885798676
1917923941
601687287
78852159
1498316502
1620401811
2532359557
4280195590
2306043949
1744493729
4186582222
2160886175
2215664697
358370528
727650264
522114110
1216035505
1850291951
433537558
3456737675
4175492852
3637546481
2189454156
2953734931
2245354957
1335037409
1283944785
1576241285
3472199979
3778249570
4107436870
1747512732
567368930
344364278
405751631
2407990377
2458098860
2766674023
860845248
850051358
2532518473
3850575276
599621445
1679048213
744064054
1709074940
3868698595
759249892
545755842
71691353
4248367930
2428540479
3384910081
1020076590
2117788683
3774811997
966840676
3102490580
1892738679
3587528654
3589219371
3103472768
1090878960
4183776166
1885978505
14346282
1007301151
1381908804
3656109835
3557108360
212137800
3764279284
2702436371
859051578
2941135342
3394256894
1353299821
2464535027
298860294
4194572731
3037415407
1504918091
279045710
647721343
2820153032
275286311
809947039
86424284
3196705223
727929469
4128577020
284092811
4070670231
1461330242
1789803806
2478838112
3112618857
3002760105
1871439947
1086087260
3187427014
3800696918
541361353
159099515
2799490620
928135153
2348506628