3621368081
2566975217
2557376585
920569230
279156454
3719014995
4151006109
1420973714
682308479
174216772
3259212451
2921549367
2237413976
2590467813
72491043
201419848
3365253325
50386815
316532545
814530134
1020921592
350305125
1415656745
2277544699
1786813048
4054847184
974552519
3896916491
3586574231
2484592432
457713470
800377920
2420849093
266888436
3644398437
4108685755
2209155839
3627906227
3818000568
2014089543
520489259
3434737348
30026285
4167498824
1334001072
1921105678
1665578742
1808854616
3513369227
1962537587
731399303
4055455668
4208126036
3624733375
2938827189
2087821593
1023160712
2703776832
1759801828
1750796063
2812265364
3959390310
4004892301
2887873995
2148337210
1357478100
158013889
1547012451
3919498279
2270432831
1038573872
3212753383
1373850765
4160012016
397474676
1873423380
4032971442
198679723
3623044150
1399174430
2614804578
1885108209
1973297527
194492525
3774430651
3165034269
3681724002
3375135713
3501612992
1564252784
2927603834
3152815081
3869683167
685571448
2771522369
3925623801
4081382410
305032648
3301569554
3372079005
1527251667
4293790331
3991525239
2130307470
3902659585
2655912960
3040261947
1705510640
2630076007
1242353363
1998639540
2471185329
514083570
3458515687
917562271
2765147727
840368608
2615446659
583523179
1042462663
4020882720
1330897910
652543677
4251341236
1016498618
1144259708
2674863372
3004336723
3785798093
1197243792
3472371131
146507918
844764702
1408935754
2880171217
3924378272
3816710113
1868053559
275720997
2642255546
472637741
2348884569
3784546660
3325816937
451358241
3616647996
2322838931
2994604120
4207378660
310691711
1629334949
3124347183
3242474708
1886029884
878894603
1902900902
234115757
3641870752