3630965890
1049793876
4043465743
747882518
892736155
1587850956
1361841341
4125765457
3862313590
305991762
3617827054
844971079
164451119
457952330
143395839
2232502581
3036230346
1655225634
3521847658
2297982577
1508087390
710199101
525776320
1628011379
3215553324
3128377854
887973394
383359617
2857804931
3545910754
318844577
2949828099
2109713283
1216060765
810213900
4009130048
3878227649
3902877095
3173410518
543443492
2528705085
89054967
4024268604
440272954
1452360312
4011289375
3720120425
3610343559
1007289136
921819189
981067890
1367536768
2152532496
2713890668
1104740462
3090280577
1194341127
494778251
1936601150
3366561364
1910738096
382020361
1259046638
1993183279
2384422686
2998442795
1945400476
1963000972
1403543040
18020730
2703459244
2912464664
2628416476
2125306436
3230730252
53022479
96587698
2435989341
3450513594
3211392807
2911526307
4031805671
3449100017
3961600547
2058933489
3077411698
870836019
3275214635
976399407
3353547910
2695877425
1443881523
693235086
2622183074
1413891252
1731369963
2438425532
550928811
4054428373
2638079486
3857826859
635993007
984865257
3087516061
730210006
1848056109
434283971
643657824
3272924464
3757491811
1817673073
2453050531
3667762793
1053654043
2563438452
2491018454
1776220704
2316816284
2852072817
855548784
4166638879
405057281
630097816
3952245717
2107192578
4058093320
3501908930
308096121
821862867
1788677709
1018349922
3136460044
3551939426
1228904436
3103664746
3746683236
295975481
3109126654
1041372318
3899310840
2841629443
2847486118
1666765320
805318503
3322515307
1082296038
3956564283
3693322381
2112594616
3997628986
3043833944
4262915027
3295588382
3949004583
2485295318
2711173923
3565023012
2657867572
2328495872
610394660
2893164788
3985477850
2562571719
1564543145
2643923475
1926614643
2401516046
229636623
1728292824
4140236800
204989422
2965905224
2571731510
281325775
3438029735
2243926162
2287436485
2564951019
3223344544
747773184
138306966
3010340777
1894210824
523707578
4209566078
2425364216
1622069036
3273261709
2380628095
2087105306
2645384674
1611307511
1727907298
2570308873
838708532
100148605
938365369
3893739864
1496163426
3334543883
514189446
3855904988
1073330508
3739006195
1542767166
78052426
3997189947
874630202
1064940925