1740733472
4251510502
214621210
495345457
1178177596
1183536430
4248784860
1564638283
3573355278
3598670406
3781914860
2474341523
4271209171
4232162053
1035468159
3378607708
2434084522
569406173
1546022071
3648798796
2260085042
915291805
691415262
1407490552
1420380681
1257871117
415882663
828258832
905752259
899773401
3235371289
2211634141
1020033940
1746383210
2681530080
1626388250
3900942524
1383260909
1769317305
197704593
260153099
1311637428
1980131657
2761061133
464325735
621742475
2648774219
2019427789
2158756214
816263193
2239159999
1391309219
2642033581
3499571228
1182668736
2916290892
3073874354
1535928872
2901976701
287236460
3151377148
523399267
2337934962
3767713552
2836860853
3104768334
3703376545
2428265879
2022411698
1818340529
701157691
4009760021
4054597373
1982784504
1165746891
3305919520
1363303094
4285558666
1353122168
987616979
1034611663
2469649467
931543678
473742046
2817754488
1949046890
1646404772
1024100106
531834518
1120442514
3854539307
873470642
1112262630
684212293
3205066885
4255185447
