3665666079
68130456
1609869647
2854051713
1146976709
2150267524
3722133958
528300940
3491536833
1288267733
1136807229
1621002920
1670827840
3608152756
2151934943
2598545962
3357536508
718025019
6193596
1400959774
3170070775
2886567753
941341135
4249629390
1593904743
342332777
2818090299
4072335005
2612309512
2755035241
3922626682
1819226807
2119095076
2051493832
2903469760
323751037
1736746801
370450729
372092255
3660053592
1888504036
1588222416
2305435390
754054190
160750788
3241352757
1892948604
946548496
4033760332
1074243715
3086758933
1112582882
1597929109
1517828513
1096175583
4041269243
1485801645
999753880
3925637373
4289680881
2459624958
3936113827
3063225077
3834521692
2789049796
1101378280
3592976093
3573790099
3560734596
875279806
104672974
2587094409
79007902
4116605300
439992285
2027864203
1272125385
3807753763
1159429148
2932723076
2938808269
1244039323
1923247698
1510487424
4199738999
1897739530
40803327
856582798
318019344
2839413279
126418686
1086355249
4215453831
2618270028
3088144465
1136692568
1823983480
1541701644
2817842868
3634589769
2252956180
4253652953
4006228071
1059384751
1502241712
2943281361
1619715705
1857036286
2070845023
3176700249
2143913460
1543068994
1797340023
1931923618
2302325233
1894559906
2857006108
489510464
188257996
295439375
2602721091
3236607206
2661626385
3433867366
791176864
1622343746
590357690
3760822030
1970462035
3943262877
1247596589
1877270375
2178061955
3188701303
3979827867
3760703647
2519676143
2295083722
3256570589
37852941
3870991498
1744550636
2278407874
100675478
686474645
2073846833
2839464779
991005524
1242190292
3322163060
1717458982