91012922
3580456809
3585409430
768210190
3341942781
340667637
2235029579
1558786903
2250270443
801556199
3062318332
3071338276
755702681
1347673475
3766019382
1186004150
895174011
1943952549
4144447206
1964664977
1937911887
3785883819
3688480351
2051167263
1629015918
2480920438
4453825
3536384746
4264697589
2401236385
1999679959
1343537765
1262394459
2765710026
2743612222
953372888
1831059573
2677725262
2142779094
263813065
3290734470
2837586395
2051512305
2591044040
110659172
2534522035
3491885201
3656740471
944396624
937954355
138507037
2149679242
309759287
3813588721
3042202759
1057630
789901302
1723809902
1157027166
1670070669
2341331138
4081846494
3696543852
3979489732
1818760729
209101201
3471374230
3667967590
4216339300
1238535725
3612989959
1256982805
3114863567
1268849373
2209624807
3692990641
1328744245
2240674480
2214188825
2648253110
177925756
858510498
3423558562
2485323087
1709506600
775362475
1645166891
816843140
116080672
908184781
2021821741
172244819
729211149
3253926562
308008079
1195887241
4263507435
1616935951
3629799089
1095921156
1978771818
581516586
2302144753
3135598966
2179403336
3930778926
1601243144
2918707169
1730213388
3923444429
2610767092
64003394
1979376362
3987556469
2888906703
3135474140
3778185486
847084517
1085915809
2908023542
3098430750
365355660
1135137712
731041828
3435013586
2865589339
3618801107
2209530721
759445502
574349741
1343092698
2635357158
814828307
2452893884
1949294688
4237023919
222172519
1774294383
1491782733
38515557
1161247470
994126743
3942845830
3487414978
345703990
366414287
1141244716
3064003163
2895397510
3023061330
340221609
1832243576
4129491397
3083021039
789004473
3754794403
2806499097
763106723
99586684
4115075488
4196187279
1333876077
976495153
1740216788
3913574000
3807900820
1384280345
1218461666
86599110
248037284
1678455934
3469002789
2209581993
3057605478
1153202775
3086784553
3274700481
3736338603
2171195211
449881921
3880837523
2976757152
3771752489
1834174196
2131406979
153053146
4215377372
542089658
317603662
2873339803
4132559876
2086368439
2300805562
842600091
2294689674
4273903759
2132745401
3032901846
3022904276
1022848977
2859469993
3578063181
4064013643
1863174815
25872210
1729010581
2314837374
3743392474
2569555140
429726419
1161375058
137282475
3113336293
4208057896
1555913599
1796522530
466861378
3658835300
1386564686
2161449809
2959800804
3646084091
400500177
10881943
506127279
3582213016
1337304656
841802889
1658380218
949193262
2272848299
666206763
334956605
3657742939
673143296
1054797511
3874514566
2221468977
2950540000
2704776301
3064931521
3533047566
4281075272
1334746989
3458569646
2913108480
1070505330
3618042036
3361351345
1169651543
2079912987
72133878
2009937725
3412555198
2677778988
266948878
469303267
2655996821
3675871412