3731027260
1564115565
3720730391
737882516
1301403994
64738028
2008021348
286846792
3544027954
2610636902
4052351887
250465880
634804859
100926293
1058698027
1270639517
1732745078
1288566417
4204333896
4044485030
2004445018
2365185223
3014738561
79217910
428876000
736614917
2555947067
3134099776
127047317
3894304272
887992151
2541668146
205821500
863273696
2093632606
3917438288
814993893
2194691862
2645458355
4080763341
903212212
1133507477
2908478165
4204889926
105234339
1973059065
1763325261
2749286475
3877064692
3314208870
4066286846
2305730993
3113446728
348783087
2887805207
3719320439
340678858
1142578296
3833600443
3950956598
129549867
3718539592
682588437
2143366280
805248336
2384277640
110211724
1041367640
3671939969
1698311041
1006251899
1881754693
3222398457
2146943774
3285359086
2199100642
2047303927
33217292
251740291
2919366217
3898006371
4202742699
615814894
3295444162
1311653735
1542428960
3965006317
2144096918
1723134102
2881944897
818370695
3504172403
161402825
121900548
2618183665
350453609
77470041
2483824725
253379550
2155140238
2966335224
1088756399
