167352992
3681330170
2846538176
2480556185
3131017599
3695860689
1741725024
1241048330
1823418160
1066899238
2696958877
1568536027
2543952327
2945080272
3936765710
1511364521
1851471970
1523977824
1039632243
792784898
2229550843
3348369847
3336712653
2578707782
4100672264
3634399333
2014205464
364954984
2131110618
1596436127
4233784057
980295392
2106119171
3059050134
3130576755
1476611219
1317682557
330009697
3265263790
1539973113
1753218481
3719390777
1105676583
2319314405
4071528237
1787553179
3821426955
3003434267
630788456
1096108337
3693999106
946438641
302281229
1314965781
3951969577
2540775829
1494256705
3177249521
3652188485
2688304489
3581192381
1559332830
3299902061
569950865
4013807598
4212917401
3271628019
3140239753
3106833277
1451873970
46467211
647917246
1163671542
3704205257
135881300
3572395203
4222298859
1621647056
1290747910
4002767864
156978223
702757587
27916216
4037379198
162051041
4027376239
1525466835
4080067544
1013130148
2259398966
1344912877
2551034484
2401319260
3009223585
675966969
2933533652
3798623932
1714169730
1576673647
4277772873
2176503851
1142955459
3722823646
2145723637
2856732140
3722595579
3823000546
896735161
3616608576
520146324
629609667
3167088566
2141036130
885978758
2209889876
349423398
1710272445
1708069949
4175071419
1198792814
2812411620
759373071
1573250167
2994504348
2978024911
4049381787
3971949293
2648430760
72557118
800092355
4168011365
3046992335
93205809
3687037398
2620338927
2606184328
1829445418
3833180304
1598231344
4255213695
2793241729
2510213233
2012405298
3953623785
2573735828
833276629
94177604
257896079
2089420629
1482754641
954921087
3605009711
1805005136
3896810470
528619266
227173966
3182037373
4135533488
55634272
2824841075
1691099230
3571090581
1199576503
499603984
3845220200
3427184176
3923393705
3282738949
4026615033
1696583482
3786800090
2660487902
1335874375
1732308699
3410778691
432819715
629798975
1131608573
248092871
2002758899
1801183526
173427210