2400598466
4042147661
1790040304
3355850508
3600717545
3824712151
3961068079
155347964
2982197829
21395633
1420894718
2547280957
3408750743
2277710454
3738441081
2530958723
4078159247
3963334645
1091623087
577516041
105775215
1886727279
2823737205
1260223226
1825038356
3834253744
1573765941
1238540425
2673745274
3462154773
4003131222
712702461
3699399056
2042830879
94558765
2863481770
1967098012
1673211852
522500486
1478418880
1244786146
676531925
904570252
2590212785
1429818874
200186612
3053735371
4175582463
3864844160
566923626
1307694074
3451516187
1874052471
893987134
2034415367
2976798672
2909702526
3130694812
306274964
2929688347
3730891328
158405599
527564911
4118083712
3803171047
3667877642
613294966
681410495
920139258
2404965379
3366978051
523591523
3617325820
626433726
1570691295
1373770563
620699096
1847314975
4099862701
863662961
774177831
4187856234
2473183348
1164440772
743116897
452125191
3138613773
3363698669
3604102988
963152952
817733457
393842681
2018649410
3369577426
2914200993
3751643752
2469579930
885624989
3003470322
3407265482
3789908118
1447433871
2351866104
3842807548
414167964
2164911476
3145167277
3193774541
2952104407
2562678748
147241864
2473437439
2258753332
24662125
1137682373
1305453943
3381205372
94712507