289207451
119648601
2625217325
3332911510
1788906786
1879232904
2625633528
2213751028
2779532193
447110814
931553500
3642633008
2122480218
2996228447
2701282579
2758023114
3789868374
1240794752
246846756
2192436916
1716712074
2963849390
485983195
4038084361
2241431528
3712464883
1642051177
2339516631
2227496049
1581751362
2835254909
3440982205
2508034180
3061877673
2165479997
2254490362
3581863268
600099782
4084342756
4143129815
1422092244
2041757858
2438283846
288708350
1612474738
617112205
3133249281
3551767130
546361426
398342826
895434100
1223646789
2954544776
1132971568
1821437560
2937692443
3610221437
3158448905
624261885
509248140
