1561890084
4188667011
1422245315
3019164831
714217419
1024872001
4168327559
3584914209
3287532337
1257404502
4063460092
1743199060
1414353250
773574133
1728376694
1591914427
2679208204
341944570
2113644244
934239842
2422811243
2716954179
483362893
1726042975
1855381605
1758143217
2330813539
2300134240
104015913
1060125517
305388087
2980903568
2284589829
2668735209
3632519469
1124554449
2716382298
3089790678
3107648060
341121088
1975354382
1799514557
4120295709
181455684
1780727413
564235839
1148590252
2343847914
2311487956
742771917
2301039967
1129067445
953973122
3619124251
4042627919
2152971136
152807510
1151710710
919109067
3121432930
720783784
2347569336
590357948
1980332756
2225277288
1274296056
2920352225
3670222651
2375085223
3839728297
1041256345
1840125391
3600768670
2078746291
194038921
4049821648
