3130884789
2911303830
3099463686
1655671653
2259725126
2098602877
976669808
640178514
4277775977
3143115291
2582169929
2761220673
2296408959
3730843723
1060364775
2936372507
1318060664
1233298427
2636298357
2900776504
1667483548
2652419542
2375936000
998658724
175105812
4135535269
237527483
3653345768
4068651161
2568848017
1688585452
1009588241
3987219969
2263402105
2586321278
2862996049
769245196
3371739685
3179662471
1959298049
4165252673
1162668859
967549311
3210927375
2554730604
3932764384
2410839011
2404499544
13814085
1799033494
3968022643
1474476325
3219646744
1444748165
2873437918
375574671
1344732631
2605790044
2480735093
1877729878
870690833
3810523192
993961768
3973230261
79176732
2353322501
4063555711
3528881010
1171765155
3333536898
1254298005
2929578683
2386355312
2910779015
271398707
2440326420
1564776201
19712699
1381660809
3218821056
2941032172
2820930056
2649818125
4042842951
2679304161
3573725681
1918409844
1551090529
406786607
1856497259
2966302498
882715190
1414985438
428663686
2549748420
2183077626
1411911031
4272772563
2968659949
836973524
3402596619
3598157241
1988164638
2302105422
3781463006
