70397949
3897179209
3419054568
2528667059
172648995
36938620
2980096721
1040170370
599267483
4096810646
4282395965
3196623761
2228845546
4234124754
107068967
3300102252
3417206746
1727710975
1165791220
2075725255
895808767
60051745
1875651275
3420011584
1779742424
1359251846
1929248831
2502144032
3116134532
2357569549
2432228207
1062326208
2548806055
3285079819
3019119606
4097318777
3501704547
4234267889
1384390273
38506203
3739321804
1480632192
322996783
3624627865
470140069
2066913886
962793107
3333096946
2744781264
2383183070
2265471715
105452704
3701704524
4218705157
1869623817
2813124095
1199069101
3059374371
1394353670
653017510
3390468644
88103904
1112947381
2010309784
685791531
2929645612
78802572
2118019193
1694858746
3903486508
2120568745
3597955901
1393579794
1826348934
296953281
1895022456
3349074896
3426381465
2455664527
3930082704
2646086316
2580085322
1031756204
79336586
3754461761
431850836
373062053
1162789236
1799319277
3210539199
1014038778
2227420164
289398634
924527166
1973835639
1699271749
2076570862
1209318076
3819824385
1272415445
3330049588
856571243
1325267108
2818951874
3146417857
173418690
3898005024
492176588
1008710215
2101897626
2736173533
706163870
769260422
3244681620
2357627083
2480176039
803535208
4294957473
1472091755
2627517183
141774681
239999865
1297627602
3562558302
4029881197
128445202
1064394531
233392547
3624413429
1165517902
3898973177
2444466775
1323679806
2709943597
1352736785
1604611680
1932295900
1755956956
3326410797
2906619913
3836883741
127641384
287837086
3364816412
1940781986
1129430638
3681916343
1824979030
3024673590
2994977091
3282482245
2569111304
3004423105
654244530
2471951702
3443206316
1968225976
1211240123
3863873174
3482706373
2221782592
3254753660
862722158
1323953518
3399205523
2304055783
375675949
3113761205
1483485478
1440613690
719032670
2576852566
2744703209
760120840
2754525619
3447371806
56824556
2948257972
3365293207
2283599120
3539585439
231292178
1827780876
3037928494
3163755419
3693318196
3632186464
288909719
2340030012
2372139711
3038110587
2804527643
1498876554
2684545717
3041763527
1777914451
556722715
3005696135
3990066200
1027870410
3399359949
3922278887
1387640973
1909728046
988323018
3269172836
2780746595
2241219382
2994358825
1949956415
3350950616
3538368102
627530476
2153276702
1014489795
2068543886
1631439617
1327033730
1348150577
2725998345
1379227175
1711499509
2995237514
1000284052
4235936294
2634224774
2143926633
989605873
184151156
1365038948
253292975
79694155
2298054021
1134400455
818239286
1372515432
4005927062
698791651
1987860724
2131776831
3822829885
1751515723
6453069
2314545046
4284705436
1471311411
3114759111
1474571426
298104000
3806844520
1978489835
2159500524
4286605342
1732491835
1178840574
2248216887
1100692301
755549324
1186948141
4095981775
183588866
3513452446
1824785496
936154529
1127802237
4263184821
970553222
3813267646
2318305985
3559272895
3500241182
1433484017
4228119692
2040011512
694370738
613759843
1022390825
1375642663
1574018458
473442287
3182044517
933019931
1528301658
2308041153
3469861439
3395989467
1210355377
1086703917
291035155
4084692600
3602511733
4079375992
2440118288
844815851
3865726276
1087797808
79103728
922558937
1308098767
2990852161
2285807762
2571214383
3033936002
4291002813
1387179804
743834615
1543584116
2810353359
1455789500
181347394
376221141
4289801085
1005537192
1053126976
2670993767
1385906102
2581341851
4261640165
3575287901
2910512417
890185296
1565905870
1758866635
288154599
1443418657
1943843476
1841819033
1141503060
359064652
1446814330
1276925735
2704500789
4066380411
316990028
1880081071
793652641
207911815
3389822748
2483680526
2576764929
250407436
1901162594
1396325563
864162935
3200631304
3232526717
1936415447
126791809
3096947827
1513754727
1616343669
3261702162
398422932
391310087
3338174101
152901286
1780686963
3590047752
2661653891
2162785175
3025455202
3609954171
4203989775
2264234966
1315107699
2551753095
2151008473
4027773937
3736926187
908809837
2205836762
4260688422
2902618181
3726232393
1905745685
520193627
969343746
1049637548
1747695996
828798058
1220938919
2758048984
1154294563
3024866165
570269259
1208600643
3827938932
4015211465
2634658072
516453169
2079630497
873134603
854609227
1585063927
240191592
3349004730
4163647996
4009158875
3622550724
387304240
30582782
2588636410
702133630
3466295121
3869538041
2073712099
537367317
914536241
3324149048
3015622273
2857938334
2234272045
1963864299
1979250528
2155212349
1079319125
661481532
4178508615
2705966529
41284006
1219059652
4169788781
2643472012
17549086
1147074815
1201408168
2041174309
1346380606
826914447
1043333654
860364161
845832923
1062604188
1237693196
3101826779
1443262930
2276357816
3867617325
1700821704
3599175508
1354172175
1997318545
4216669759
1778781311
2966629384
2658482887
3413343277
3076731702
3025956372
1399769703
132489008
1668421305
317980827
3273063998
2004956331
1397577589
3911960830
1712416026
606207827
927865106
2860289357
90015541
107817301
3863543263
3326128353
4048790392
3322278987
2305216784
2363833701
3372974596
1302091560
44771261
3492900458
2495713035