2695023720
1207291569
2114862999
2498570713
3886450309
326344456
3228617308
3673678570
1669059883
4237015538
3404840943
1425804344
3928341188
1942886581
46640417
1462625102
178201325
1019445993
3148835784
2677162096
2509152851
3316546091
725019405
120232178
240089366
2753638773
1915937862
2696383716
1473133013
2444276125
2090347757
3413595408
4063542476
3951122473
4242705710
1350573951
2798397213
3167558760
811529471
729453764
3870211619
3178643657
2426144928
3925366181
2866960303
4031135115
758329490
2267738197
3365058045
827350894
242706502
2462318476
2122150089
2441824478
3930462197
2565164196
2556826615
1066548749
2115423608
1120038939
1667915213
200412092
341537496
948499610
3278959053
3331244574
2520200188
1570427269
1089546828
3269705757
2316944741
3256586550
136334689
1117703853
457471114
2656449487
3487878925
140707550
2460149488
2851774743
3182704810
4275719915
2553183041
764097020
3811289792
3254538454
1892956699
3712734691
715866389
4131668813
269591579
2307892843
1424365497
3987965623
4076850820
2342591438
2871718498
