620531376
3135210159
632000747
512330051
1292160035
416311022
1856721250
4287209183
3790321540
2339889611
933892196
1287566619
3188941420
4227359499
3381271660
3593165812
1742300793
1891968373
1120903739
1683658255
97568007
2658228827
902158099
1153305857
2738052902
4202552996
2005028987
3561331783
1559529540
118923619
1763258583
3009637642
391143644
1507016573
1337622916
1975661571
3607479621
918518160
469442592
848190962
2080509467
3742383778
21161556
841400116
1887698436
2980979906
3084760176
127139007
3581465759
3125858538
3013548257
3395354964
2895694788
3094561388
3527502658
3215308639
866566973
3086171724
3696715086
3464206755
763474518
4153636354
1793258358
470512906
3385458977
3630720932
3730130907
417431969
136377160
3498606297
718799685
2841086858
453533814
801611104
637551311
1366719194
3255459786
1933317936
1198718178
1828912272
2640310410
1886819131
2323451261
3820991877
4098170061
3848453573
281002975
3749581799
1074706958
