4099594012
1083075785
713227462
2482714339
1751239145
2791044539
2509705044
4140730208
2013378782
72108985
747814603
1994001073
3172026023
2907112113
2027079800
2170547853
3863693270
264726160
2020143969
2319474315
3173297917
524987607
446922178
4204364252
2023201908
3523602382
3394827391
3694250528
3254945812
2426273357
3929220974
1669481825
2041616419
719259959
912802320
3358400361
1445605066
1582280038
3112452844
3517655776
1838575328
3985954750
1048080056
601626539
2124158547
795991956
2133509071
1836159055
959866560
1885144488
3357542698
4196044613
3677672426
114632838
1067317445
2405307960
341125419
4026232889
1009135256
2889725296
1559215883
2618515228
1969299849
805710353
3510496604
3317675028
850353886
1753597454
4040694591
3456604960
4198310900
3854752880
3617967284
99137326
1783906830
212442595
2827764098
3823826041
1591709450
1628304328
1383824227
2849014215
1397110241
3055080221
142376324
4112314262
2890504850
2799208018
2351291203
2680814199
1889104759
2315138905
1198497185
3908747108
42903309
1555318208
4279024697
3404349914
1100839023
2917157133
1237615657
1406579973
3056857932
1024664332
3360569457
3817978381
3986717085
499895197
3654029006