4282987375
260497006
2753839559
2196839925
1228755441
3740096232
1612966356
2961129809
339054330
1284687404
689268008
2330516870
1730563697
4222104612
1125824536
3939439827
140435960
2699712738
3848270726
1699860384
711987839
2634299866
566494977
1658645732
3546100998
1908165367
3607934897
409769766
1312973361
3391878609
1748327558
4171144088
828324310
2777864269
4041428624
3982271553
1150033552
1621192922
2442356543
1021089727
2384154377
291327192
3763644498
4254732367
2653288219
2221869608
1793006535
493357279
3195816428
988475326
171156925
495469962
1311566000
3642525365
4116080591
3201746856
380550992
1031840632
4285242633
526052104
3864880740
1761112426
2021445018
2923660800
4164951007
2379283026
755934615
1983019759
2076857452
1826479873
740400410
252826302
399102388
2179644580
1347431262
3384891726
2984096460
1723033266
3578411389
627531973
27718667
2649078295
1242850698
2821734219
4160230265
2425900796
1768125522
1601384154
3941575099
2703425853
708139879
2228517175
1694241803
2000138261
2717225888
1483181792
4169316950
4066822112
710642840
315581067
1944708077
3014310486
510012778
3630306871
1161489673
1146846307