3739788261
3054933645
1600216986
4076108822
3475874351
3528772057
4257625103
3810838450
3663949359
1530217001
3800173344
1515604868
2674987033
2369996346
2720430031
3890074378
295438986
110711618
1392925308
1119954829
2890181888
2503893357
3870202689
1374432701
627725968
3945518210
704214349
1017648490
1721247006
2895675074
3784573244
2604410913
3912075972
3670531897
763571485
357320188
814399051
2059892625
3564122734
924763377
3461651621
1182089490
3656037215
1023341485
1001302521
3957146585
400408067
643120752
1626160542
2023831312
934055967
2292214352
2111941373
3636562976
4119639443
1071085568
4030849397
4184576646
3186650178
3208135232
1140100621
3047190553
493947707
2651520867
1592742272
2501131704
4187729012
2892150033
2136262675
3151369124
1478338858
4058484703
4084248953
3195925886
858223443
2456499607
3154198553
823689371
4102953101
3662578274
71840423
357874899
1608695121
467812189
1966251688
2932629658
615713390
1988472423
919615199
449845774
524075881
4047954114
557629054
2504366296
3630808408
2130062765
941418481
4090152749
4230413749
558393384
2903471543
4000448027
3484939165
147430313
674181779
785873807
3609338107
2518308410
461602718
2539551662
3042508724
