1809920167
2308725453
3363326558
3529934755
3384182314
3127098103
3865762316
1598029023
1853034655
1262105616
1599698019
1675089366
979912138
872030613
2277439042
247765219
675176130
377868566
1841764480
1730067439
3415001804
3314353329
642833717
3982442463
1809776744
3224933757
2690064625
274311858
1556699978
1535266366
1873766134
2430786616
2308054261
1949304615
749422485
1240290450
625324541
142190067
3643008900
2047378430
3269642193
2245204000
2006829438
3806235378
764119183
659122299
2767244107
298236187
1290753408
1819685790
2545483711
1815959309
3957206713
791315824
1613826258
2664302527
165017915
2421043471
1411005011
1427286113
1842621782
