1752958481
232889723
1829841269
4041370511
3572646060
3068485140
2469819049
2967040548
2643057472
1215221601
49217447
3507726470
3919311402
1906280298
978708101
4076793518
1566500069
2340899294
1981705025
1783949046
2616388979
3432704899
1325870185
4079514751
4134263735
2234606570
643715424
1415824052
2588164101
3671489976
3373838752
924737678
88249189
349702550
4190250816
2052914463
95066863
3738160999
1554166697
2080634768
3625118845
3613504210
4213403538
475465599
61878192
3102215610
4118798182
3775164255
1152642364
842314606
3376379213
3740569719
3241737758
3518219257
3290808101
3857358381
583686190
2339752690
4171791936
227395439
3733402825
2789057999
4264341851
1840038450
1773978888
253263122
3206329278
1648047132
3048398877
608201340
829993012
3481954603
3472228568
1376202320
3581382851
1728932915
1260291396
1462587485
2125706511
491670307
2394177470
4221902097
786024915
1269857525
3556901481
4072829198
1419972945
1606273960
2630662592
871979962
4040906043
3287227608
3641398988
3309941278
1189443806
3455447171
1286973202
3103179451
1418259897
2493057917
1679367251
3714630477
2837900361
3047850873
1588763560
3517445195
2674505608
257737472
2409155050
1123865323
3874635575
4126746585
4174284025
2708601396
3165919274
215973350
185190556
202080332
1981303801
3496706608
3236283153
1731892518
3780166610
1324575943
1574083350
1975725354
1302558010
2702242838
540171938
5211358
112759196
3176987587
2322547435
2194850517
3834073677
1075547296
667153139
324832644
1149608993
3273124695
4118050454
2599058767
579827673
2926540791
322099201
2526302586
1695402347
1871692318
1159252870
4197129018
567323037
1248902786
1367229349
1791434619
984386382
2311539396
3944556536
1283269641
689899615
2642285268
1174698412
2312324374
2745424975
2598763224
3470885509
1166588475
3538014420
1425539127
462029122
494046963
2999552288
2766632692
2756430113
1446917455
2963829007
849238671
362524510
1925752337
965416231
193398161
3802753291
3097495103
1385361815
403550215
881146781
486916200
2762190790
1279427252
2647726141
4015738875
677746438