3789805402
293961632
3380376277
2065923430
3979836763
2123098092
1633222676
1968084341
1236348642
79431139
2693249589
3616464655
1208922711
1241643415
1657288751
226543518
2256491295
683023252
3633019501
3654159459
2691607046
2186702010
202929004
3560830074
3480854006
3282718699
3446874300
104786459
3045644332
2025610826
3525708655
218628877
2619695293
3331074578
3719127919
2564547232
232503591
4234691928
3438217670
3463386362
533294159
1375067430
3206574922
638972616
3460008973
3502809764
2382192875
4207597404
220052205
632494941
1803238981
750287612
4071867453
3399214251
3928261489
2030171536
2418724840
1861764981
1043785989
176732201
4160576495
715560228
490536382
717289954
3195787068
986336575
393369375
877543947
3659184790
4038015826
2093730882
3631960021
3910248978
3951457843
918374155
1651689832
1383758319
634237451
1608874158
2821879182
240369781
1186400932
1902375093
1989746706
223893467
2238679182
796739429
1313587963
133365140
492029800
4197514427
1410585544
39088787
54983458
241945855
799957506
3257478950
3227151824
1734427044
3848824093
860225842
2135790051
113432162
345309283
1476988315
2179550170
2268842538
1288066135
3198203305
3851049367
4172276890
1700345171
3636102365
110468126
3660493658
244100785
77711793
3282558808
2832570438
2589695646
1046474390
4045127368
282284783
3399756167
2908672751
1289075231
4195276822
2723071832
1370550453
2270322647
1470454616
3961686030
3202624636
594199621
2738910445
3826805420
3983701342
2398743849
604316530
76538360
3074860686
1060164893
4198817121
2133961013
2657389613
1075892356
414394521
2583892342
3885518474
325746675
227085069
3817851239