4020898577
1393641179
2000803327
3003853723
4186590262
853754140
3862405613
2567220327
3674824257
1680137822
897605580
2615994604
3789733869
3600737895
2426186394
1567891996
2006875700
2932911898
14919734
123982515
876144454
3973996161
3110725119
1526680978
665689085
3480507333
589197074
3447451109
4162459868
3677577482
2593508813
3279081033
1906597630
2878637753
1775673325
2985869040
3620829536
425263979
3075181123
3578671367
1107583563
780508276
332513678
1197220118
2833913215
46337330
3499769394
3316735846
1255795817
269267897
784204727
1644224829
1306707553
3810132986
917469602
746620639
2553290149
287445585
2597821157
2797930376
586012283
