1150900210
2272778331
240902762
3194233541
224858836
2253715932
2424596695
1727064753
3807673943
480841041
201136451
3148664330
1981128986
2907454216
422268570
3058613246
3051999301
3544576314
1486971442
716585856
2922594012
2494853017
413202363
4267928533
3583349472
1351828371
551917304
1368995829
3543405106
2368745274
1124515972
175595558
1469899611
2809949603
3535611738
2866133758
1606760599
466420619
2721566066
699812221
2618784879
4263009633
937336781
2027307103
2528585914
1006303673
1262851913
1554083662
2199321445
