4108901943
3187202106
1982602681
3961884209
2519983491
2125653296
995453310
1426635863
3286327966
571485205
2327198347
335545967
3738179060
3302761322
4109849722
2061645205
2480996092
2395263168
2142005992
3230279640
3366793939
2347173875
4126934700
3972128466
3107625537
2293085895
3153586837
3837830666
2609531181
1848050952
1336922596
995172135
3371629440
2260146083
3640732797
2971978243
2189000584
552879842
555184259
1582802395
2468289750
617340349
223323839
3570816114
2899945518
2731268176
291722167
489259200
1706667758
3594609330
3583743959
3001737910
2888778133
72475831
2462499126
2868883765
1537965467
3045471866
3041997617
3270156917
3891523767
1688404692
3335951994
4181728088
921791326
4291729432
836262768
3478401533
2073507413
1562323656
