1072189742
662499249
3885555549
395185782
3312381806
2126553137
885543837
981820364
1827848450
2905621364
3038843112
1930677692
63132733
3337021598
1959013556
3567964883
3520943490
677611939
3216573765
1960277898
1299130796
61525386
1240207685
4256995982
1580044217
121830986
3903343529
3896574651
4241885395
3753348012
150344497
1857148804
190350185
4023497713
460353489
831068881
1067098329
2971820654
826060513
3497899497
4049571333
3567856326
4267760418
4171868080
3200603361
4107903223
2131177138
3115755210
596056791
2284001261
2672673766
4238499326
1874727228
3809184386
2062511877
2700490042
2178092690
52356181
