1175295727
1195415812
2712041023
539964322
3631491083
732647641
51948142
1951410244
2095655725
3369401295
3168501292
299575624
3394788331
2777371812
1755949155
959907983
1029987657
3764168040
3113336653
2527300755
3672033029
1380482571
2611544444
2168070935
3021548702
1162809528
3178707283
725007412
2274445317
3852954700
3452534634
3049514208
856596403
2075966080
2010988311
1313514205
4234201482
3136866642
576488895
3516398879
960479389
2277803542
53262645
3275893539
3056298458
3782059857
2029497206
961723662
320567185
3934546876
248277595
2927405117
2081140145
174193318
595372572
3354192112
3991043945
1630893424
1226588124
3735408065
1287900620
3101485537
2419429440
2972835651
1847751705
2955317418
1485316479
3475129120
500258512
2432865684
217153704
629914253
829889156
2636751766
424171117
2377566517
857068584
4140474866
925653644
1319898632
3194357866
1423352104
3521487090
2434962146
4206834751
1628629053
3996230937
4269328169
1231181513
1403684455
1074570496
2263518775
3741691838
2869045022
2477192658
3552056323
586748340
1609939509
735814161
3065177599
579617503
2580067698
3283029344
3608782024
37319669
954289829
2329907260
2875016208
1842886208
2767094369
3130301081
643073510
365872279
4126475266
1355423093
1840616103