3982557869
4045778911
1646306250
1867674041
4210007251
890438224
2420904976
4104382104
4118453787
781044389
1300772260
856317810
1114595258
234268704
746755960
3418568315
56247786
1415236242
1328001822
2153766961
2297037159
592255071
569307453
2951580342
614234976
3885230042
2052417421
2216165787
2223212852
858780677
3484864521
2565760346
4260786039
3837336247
3439489706
2231955805
3703062806
2403885401
2924268517
600739743
2399297054
4084611937
2566301020
682443883
1413882258
4009772470
95463967
1280990901
3375121254
3554829991
4012220740
4221321981
4107934636
2828321522
1429540549
2940341990
4276421259
4286558714
3532738178
2778028431
3445162610
170898541
3028301429
1089744820
3959045243
1014410304
297056449
2394241010
1702941593
2052630086
3892416182
3097328582
1367196808
3330959242
2062804233
3212080287
3313772542
3928982998
2663447989
3153325200
678658902
3836209467
2585237164
4235176320
1684473866
1426826544
1286163771
1114469575
3700066604
1919129781
2009629819
1450049538
2049321820
1199096896
2718142747
2219663598
3134807715
2858566724
938488512
855775865
200103876
551281970
3299382763
2527897487
517133609
2088021014
2603267575
27031475
285186249
3150133881
1262785598
3523891127
2277531099
3892684138
747362505
360027766
2494140610
2928091586
2437740009
2158508551
425586539
510876884
1934934119
2114962862
3228708898
2087332000
160557778
848277777
54674414
2667751441
731380104
2625946749
1381547641
3718755802
2983148863
526541410
1099407409
3332214096
1789825640
2537694
2787191092
1286670120
4092715082
1272138928
3968010838
2166685514
1628706987
4139883950
4009409640
1186022339
1899181040
1203496550
3029718086
582164375
3905737610
3325841584
2773208532
1945049694
3872800705
1365633466
2488371431
1683049775
2267481735
3454851362
3074792198
2980451373
2993139435
1346052376
1208894578
2456959001
3257193894
3423317390
200072577
3142841156
3693676200
3567575923
3952915975
3192278472
1721320092
3324123730
2494116922
1691815194
3163253218
3074351784
1027218611
3020566941
2949189728
2781950500
3280398248
14879530
3620815667
417346504
740994334
4253817833
1402860669
3289923940
2655726583
2022703979
2659104643
4245774570
1864988957
2715360768
3016088067
2698556202
3530844394
3776509232
2096677712
392830925
1058150963
2379712052
2212773123
2796524066
964575910
1010644941
1658875824
3895771922
2370892728
2741436282
2108217030
783151017
3819889689
4139784542
1446348660
338915083
344796847
3523710529
3829555168
3699534237
2988702771
3100635999
1982216421
3521567792
43510891
709426064
238745196
1094844274
4230481014
545906118
513861315
519271214
2676141628
3092968682
2777811895
4266711189
2176811672
439257213
1193206473