124948825
2187689378
3483151128
3588916087
672193578
3980687350
464743831
3649742241
700007878
1877616681
1001497645
1259483550
2135120134
2698695349
3466536113
333080824
2746795708
4271776005
3150142983
1754214030
3633439158
1340594694
1088507754
3582015185
2753815460
2322910659
4126433857
1419240911
3246423053
1596587374
2768607568
2180607176
385584652
1412102362
2994846677
1650819210
984553764
3361640563
2953509822
3602759103
375340705
837288612
2476916066
660255698
1132299915
3103554760
619338056
2052848071
1975079848
2446755162
395392552
992813250
3888530214
