2652137640
2804169767
318560983
3584839294
1902555043
2712084595
4026408123
2411478200
2891508583
2228439017
4084136076
669874499
3179106322
1388249713
1853486187
1919631441
190010604
1463152186
146334310
4216462182
1203240075
2192934001
4092879610
4075124594
4067052896
2767947471
411376872
894146875
1519005102
1136300819
1449293660
2327490061
4279971919
1247279684
4068791286
646111515
2122830162
3210685998
1221693577
1210721819
1564022776
391403582
1968452742
610888381
916018121
4171373951
1483800723
1599309009
3263292569
1524510328
3393167585
227614968
2549255688
1673873036
2039575309
5888415
4058001295
127780872
2667860086
838905758
516905433
3736813391
2854072584
2755088548
801942027
1479861098
4005177740
4159515860
1306002080
545092225
1367372227
1109258429
1434310420
704181346
1736128359
761687950
4216172196
1294228046
1082573351
2790701073
4052629776
3155717045
1689646
3554428484
955192386
1202350521
1033184808
2589639974
768553482
1976311199
136461414
2749792132
1639441089
102406268
2061100311
1725338835
2178828135
1246824254
2166875901
1538781389
1623380673
677080879
3634452746
3518904334
3645504374
3950471862
1182301119
3099588607
434038339
988796482
358544130
1076845322
9436719
3696274656
1850241654
2695135626
2477107947
3193903479
1951611084
4221818557
126498487
2593137961
1645191705
2652660639
2525461967
4199263526
2873656148
1452249353
1852932658
3880215993
1971917585
1718930597
3214756536
2872490489
1616800344
603305714
1729216307
2415223645
3502953591
2883128188
2932867625
3459941083
610105742
3153242084
467861719
1726775938
2456308658
1259780290
3434467029
984563569
4051780268
132062802
674124668
2925137182
2763044236
3553932339
1179267318
1148874203
1497936915
1211921716
1693937218
1038619529
2839030209
3725729777
2809528005
3127854037
1215713433
2587679494
423402877
1934116961
2592867905
1030665876
3005413963
1404317778
751759453
2263340886
4104146528
670108171
3827898910
1680160796
1666959327
1644186234
1926013688
3632966432
4170932035
661783270
474923288
1029245352
4066409445
4115642789
1351351035
1641158624
1780024360
2831282433
2964154506
3088048406
65488659
2255468321
1279950738
2248600214
3337354328
3961345743
3766763227
2618772323
2787296346
635485869
3707833061
909768940
2177232645
3485660181
1861343153
1871134453
1326701969
201470083
3516398229
2503733423
86862570
1551887963
2261878763
2979826526
3672437864
2410016133
3015441205
386682280
2799899141
3821456436
872166677
1645764257
3929522128
1218868275
2714055301
4009501818
3790453026
741739717
3539718654
1576608633
3155691024
2466523368
2767860438
2608183994
133677643
3966071726
2435560989
1822213523
1764754420
3076612119
2036022660
151500396
4145717256
2175546112
3025433720
4044209859
1392887051
1006793173
2999390665
800766583
2214711248
2670399904
2701097358
1747869325
1706925781
116223451
3815336146
4162159606
108317592
3402916305
4264405828
1794066077
3296387375
1007772549
1947745780
361834708
921328142
3824450711
1225003375
3362554135
3266173867
3356540539
1876434132