1920989703
528341936
810388677
3863189729
3329295816
2960186917
4091005803
4045677803
2706287465
2944097003
1571430994
1579416120
805985891
2071167073
3686670735
3254514229
539275712
364110115
3215290790
541992385
3307483621
493113610
3599362040
2276196719
2227939631
188478542
131881978
1263734996
2536176041
2247190194
30697596
303243003
1244010691
325479840
1712340352
1928537696
1559630320
3168250938
3661603588
1139006447
1548232946
1121014543
2549965585
610532420
2663647403
2876761147
298169123
437500086
1479674584
2514009286
2344164673
2719578011
1467314339
1310495992
2214751842
854813164
1563006263
3343136584
262534295
1947584322
1013448887
2890939309
1782742930
651234222
1830503809
3604829027
2934961461
12966363
3733860845
4094535035
2452535805
3594277152
40293634
4182133210
3909478277
4202969190
2426964466
243909971
3905988918
42739411
2725228999
2950543859
2795981831
653940270
2882212352
