2902074395
2944320539
2443586307
3114894559
513712924
1307744448
3401867673
702807186
3922425640
753403998
1241482883
1556984617
568443978
1187784810
3820434911
2003485902
2411692706
3812363937
982836195
2310826012
4132044446
2892946633
107974661
3122072307
3423029904
1946020104
2409514860
3607449996
2498913148
1432552143
3985547918
3208696815
447481592
4051654794
3758808147
1963887813
2257487411
2504798335
3990215791
2456712859
2095071798
4193324112
4291481982
2985714447
2718330097
1890110940
3689834965
3878035099
2959846202
1780217262
569732317
806411560
603437406
647576070
2877440761
1344540422
1859163793
2461421847
1900522951
2952781567
2553538522
599407513
863266182
1280442121
457337248
3808710437
3702258021
3624133557
3424946044
3563784193
4053854007
718258709
2767552401
1258246761
