3370539503
3286316013
1131050221
3454698547
1296656120
1916072757
11407946
3749400983
2423848298
2089666698
1675913993
1880184024
69795396
1267550015
1976155097
51298137
1855733495
4081528985
1090933494
728479672
2753181639
361786101
1160230221
4080144261
1628631048
2323495540
2370731423
3307545051
4116894392
3499372945
3930876475
1468861103
3413741014
1202734663
256772545
3001320079
1955514289
1683878665
3148913628
3909508516
2270709746
2366920040
949240503
142741586
1530182916
2789917544
1660879486
3343999881
4258021365
2153661073
417412009
2144478041
4125286989
654274858
938796264
3687357780
3807961795
1379090714
1728763892
3055912953
1990628909
2550083628
2340569538
339155723
3527315052
897861882
2103184602
3158832410
722941423
3035995162
2496827298
1878176338
1988688707
1295308614
2816767097
3120936613
3356057827
3385385166
2460548610
4122922659
845178302
42901145
2065952031
2777575350
2853539763
2188432065
3984918667
233580824
3214949209
1423569817
1656199078
52947456
1113481548
2138548895
4158381981
1240300292
1429778023
2219739741
2827203627
782894619
1946000499
1526552838
2528130833
819796417
2014748498
2703213749
3839750812
2384301879
3463184307
1485469549
661684268
3640238956
3996393157
103062126
1695076792
4261386374
2907273228
1254144390
171102201
1479452798
2922843811
1959503226
2909101918
2049274983
1226345990
2320093889
