1076279215
2615895534
2975679475
2108816750
296721013
1775379828
1944767062
1267772135
2754436388
1698158515
3992492117
2306686110
1666279569
2498106171
2377286723
1877076823
3324714761
490574022
3490712267
3450986080
4279471807
2580302124
1776567922
1590527729
136661343
1521726948
2025899399
2474806230
568899867
1071307122
2732267237
1268877372
1583281487
1967829750
708917381
2690520078
1246688104
347903998
3574870646
3197033348
2373150874
2861917086
1108285801
3782139025
2278597051
3195950087
1664037907
1221207989
258704711
3797285233
2629430580
2357741348
1589586171
2847877837
3696755254
269176206
3215742574
3168220992
2991329983
540842800
98858989
817769509
3276786945
2260922811
1601320699
2048288327
3687849706
3514626129
2594966567
1833841572
80988945
1833796931
2533806801
164039953
2882311188
3231294503
18660050
2678383309
397288920
2232617545
1537109093
660672847
2588194723
451949996
2934156108
1312968319
143069081
3919207027
2322103278
1182278561
3521025299
2103704165
1604284148
2819729609
337098636
3936529628
3220149724
1768098932
2108789373
2702469630
918463905
1246948865
1288458491
744560853
3824190915
3891478045
1823712994
2010305109
2747475131
74393972
2622721408
4253012824
1847402510
2828173677
397472920
2310425780
1196783993
2020124202
1000908401
474854556
417546226
273478722
3682905763
527804711
3759827079
2476484945
859725987
1442717276
1558641975
2963736063
2964562398
952131344
557606452
1142254263
1880505991
1142847094
897622165
1379251266
1989379829
1849245061
2681057267
1769216320
2702180435
1696042946
2955575119
2645875674
1971428252
136124015
3025073413
3460720331
2381070491
567567004
3889248130
289099507
4205165779
1230248248
3781468061
1062707881
3324761776
2612664176
662534452
42074383
3120638770
1801506400
3890267940
290468787
1026125743
1301267119
1585280543
3156791437
3118692239
1921160663
1286133685
111976863
418384053
2149392800
2379409048
46393422
1983543464
3484973469
3422557006
1812486252
3199195989
1415274738
4090095960
2683566941
1419512672
666697848
3593361160
834046170
2853103039
1625564957
4236130557
1285221435
3950087675
1478770621
995443448
2560039450
4123796934
391502446
1732632328
2933153804
3745055823
2496035866
1764178449
2500947910
578922226
3914069223
1180851343
3077972916
3942336173
846330921
2071535197
2250837933
2585910306
3145857844
1465276015
1610554985
1982002761
4266158527
2096102283
2042900076
424242217
1447759191
3157022510
2564939812
3791862907
43525756
1403425880
757926634
642589838
388323440
1717401685
1592868711
3278282485
889362615
245014343
1762242447
2086742788
2286781500
2678623650
3454024844
2082519179
2124022789
4058875190
1092747131
164674685
2589622522
699405976
4251803505
2143751657
2193175114
845100584
1784327365
4264067550
3831374884
1747767530
994750347
4112095760
334625789
2500727163