856084824
3792772457
508529255
1225588220
1995249000
3307077649
3512602626
2144589074
416824216
2706889498
747253987
3634209912
910026366
472430520
245945926
2871025358
2717426366
2493757020
1966460268
2202996688
3680542529
1454651393
2394658223
1947873694
1973531263
575129856
3581394861
3321706287
2348180027
3200474931
1771099365
2229155061
730047561
3956089934
1540311883
4244401111
2393427111
416027142
1973902326
2130125857
2234047087
1454571743
3452271655
1631277500
1847532883
3563947177
2992856692
1530314882
1241929880
2637347948
1168107327
2036303871
2781228795
3862106954
1482055796
899219259
2639719970
13093805
1516321880
2853452273
3709000139
3453436436
1794555387
140537996
1281595154
1390925552
1327648972
1093116891
4069279815
1762574989
2901619482
79661438
2773083201
2680566219
2105611100
1409087050
3802183834
126673413
293067024
1120610096
613482404
4276135527
196783530
1183709316
1770580760
2541353124
3575503899
2484501190
1914446307
643795573
378156417
2495013244
262582809
2512772657
3980107265
2135577239
3326956539
1812612733
2335726075
1343074458
4231081042
931203448
2521587870
2725701807
1444322643
2877038519
983722664
396205899
981022101
1844845601
4223192002
299704526
2979271812
3837621176
4231837274
1460261475
2386133915
2047175163
2158081877
1542544428
1950336190
2106895104
1122274434
803669523
