765401904
415622508
2124483298
3443397678
3716766756
4102653916
3404719995
1752630876
1202103673
3243975328
1305239564
3146547234
95004034
3885264835
2199975805
41562961
1064717442
3004735741
328275569
1164395874
673045019
2671951287
1264078536
3640886352
4092948506
1065288456
4057061904
55214567
432908751
1936746114
2155025475
500810320
2485673901
3852394280
1073802056
3674491574
2217534378
3833305238
940320106
4185726414
3062111671
43196069
3459921921
2239598615
3682498885
3212626013
604996168
952617090
4132631794
2448468838
165673967
2091432250
3206633935
1043046927
3755217079
2871555403
3185745389
230750311
1407421938
164951477
1672886701
3665614917
2631477190
494884892
2977281308
745216639
781734817
2466164185
4104249092
1651400082
417073281
1472405110
2424295064
1954007757
4177760666
3640057476
2417141115
2092438423
3223879506
2066663235
3479145300
3385204316
1896509487
4253764701
2385999228
2622588598
205728721
1988309240
3014519158
3927686007
3000567714
198929391
131163445
2870702163
4246145840
1776393746
4118956483
621353128
487178780
1368417707
2203412674
3413389125
2325958411
1405370078
690325906
1734297946
1675555471
1323354845
578541328
701789328
2663804953
764180035
1003865112
