4151457929
731235935
1410159456
3175209565
2181145534
155073884
2650908741
2760298791
3986970468
2365092612
3964908120
3391704395
2839484661
3235405796
3041807391
3393065425
359506599
3556850430
3097332305
2053472215
3027566372
3946179715
3192790351
1259520848
3764688620
1211641233
3760264980
1995351924
2263793600
1759465934
3941686576
1571571037
1570968035
3130723157
1981915260
2997131052
3510609387
3603593184
398318198
4016931921
3763368111
2439541742
1478793929
879254282
3088472566
174098227
803182144
2664410270
2167174057
855171603
3878213607
1786720994
3551111990
214160117
1012567677
731063712
84955154
670446300
3101268645
4055409417
3472009203
3687762428
1862109698
1613367686
3276793674
2623320976
4266506450
153181513
3866388308
331812028
1934368063
1024946427
2106246324
4185155918
648207777
1095597494
1293028524
2650800682
3985063558
1673701726
3273855310
944126657
1498365722
3271759051
956558585
319237724
1200673042
1678280255
2256610790
1582555964
2411825309
793846625
2375777087
1486484422
2169928493
3308348016
3728700678
730524588
3386059412
4012817617
530760
3750861150
1908155295
3646022536
4036226750
3796842744
3338854607
4077438709
3387527956
1472222861
465311324
79078268
608253819
3811695022
3472180047
28897782
2858993842
2378104266
2586472816
4062743273
3877692955
29379510
1063753793
742015751
2860704572
4222545997
1529175030
2569776541
3786801587
3897618804
4039334506
2070790738
333239790
2529141221
1673739959
1694630004
2347284627
2809023393
3206991690
51758444
2021241093
377005341
2742762859
2130692928
1497314932
1907471899
1835000884
3694013326
305237304
3076877257
4000223711
3629052594
1129596649
3688949806
3812949097
824308821
1671610670
4098873573
954517641
510374843
2918405949
2485458777
3585126985
2485608244
1295305935
4247007193
1852710193
3468711790
105194428
2187762519
771517124
4249960212
2405053866
3064154624
1750370220
1171687520
2062774294
3529935244
1648209149