2914089010
163372072
986938274
265278069
1457407755
3979135137
1652824579
1002847283
2678829675
3728321078
2941361610
1127637464
1891574450
2483331950
743894201
480254292
1666430574
3239630200
2700815905
964967742
4074905549
624212734
2194721204
1818984335
3699435111
2864108605
1633626951
2711402402
1649039649
3570453803
1880766323
4226395825
1173350646
1119577586
3974962773
2663245226
2145874599
2030904259
779583782
686742555
2253454414
3877975234
3443468713
447856873
3614809664
3191765612
1152682017
2758784960
2448209186
446991355
4233048025
3723711395
2047509671
3449382497
1485266404
3426992449
285966776
983527367
1027974074
121247297
1974484658
4010723188
3710604360
2439797703
1880987883
1853827244
2903880021
2015281201
1238120272
3438463583
3570582467
420150663
506482514
4150886498
1085463896
1833781919
967347253
1778181098
1281598952
1203648310
3426673265
647939910
3941088805
2496289270
3068268127
746700899
3569512227
4097373943
2809048013
2756091105
446912016
3934473001
3652879295
3278363400
1285599166
506698788
2033847969
3133344405
2955182506
1736538243
659025493
1049205910
1785328190
1555938114
833423437
1495010108
