1070028570
2952829951
3601276540
3238268155
1587728882
1156278467
997059887
3182140059
1067690087
363323742
867636697
2783991634
306715316
410106065
1788295491
3380268938
3141813876
1024118502
2507940770
1902578530
3178633792
3082421418
956220881
2795297883
1246594262
3510113314
2251367530
3200486907
2293476123
1675085530
2458654289
3732581831
564945913
458962663
2472647080
1195557000
2162238534
2475228510
933657582
565507551
3633439114
4264832875
418113597
911532527
2272322786
2251625564
302969452
1173157912
893762489
1384835821
615300125
1746770533
61250260
956061203
497545534
586970493
373975658
1966361354
4051717032
3227573623
1968829864
2686646469
395268445
2257339997
3107330685
1122091607
871793352
3264309558
1578265800
177951956
3748164737
