3870556316
558442381
3023579541
1278996172
203794553
2856568152
1674597504
2689851742
1473176554
3133120489
3827933928
1549348504
1704760161
2903194998
1184904226
1300502634
3536829980
701482655
894248985
3926044317
2156272222
4238625443
1126102632
2213780156
2431925837
3125284781
837680134
3833733271
36890766
421731889
5422484
2740590912
1936171938
2688980907
733289343
1316437846
8226369
446191505
2567776067
2166250380
1497979380
932402137
688478455
653910029
693998732
935434241
3470169905
438802179
652081884
3329926911
347010145
1676083009
1161451042
2577071554
2044000317
1595706151
3052077032
554098947
2234079339
1594294114
1741829486
3616575879
1250000951
1095348034
220497144
2897787096
3844332946
4283374240
2321856245
