3121217679
3111919176
696124610
1286126099
2755119020
2461681563
3979229081
2119148615
3865989060
257785126
1692682416
3025444265
52277256
3856213432
728409080
2117857845
2925360960
1491387050
3807551585
3566594859
3680701780
2468956836
2934851206
3057844883
1289459596
3400985742
3273223215
1238989303
1007035647
1469364597
39430209
2411324566
2261164209
862601494
1207893636
4290865214
1185349676
1322404628
3705217357
747549632
3533614305
4047843978
1843382121
2549934154
951285110
2900796097
883091860
3455151043
1904929197
3140578866
2994766684
1099062489
230864809
