2170250583
1733519559
3858980708
3204914370
517217302
3249928275
2993593587
4033574335
3967663665
3132200721
1685567488
4052539098
1638325294
3873204671
1159258439
1573367162
462224548
3716140324
3079825925
2238490749
2338882802
1069127043
3957154323
329793600
2241978484
338778162
1042442785
4226495048
733179263
1327012583
1554425025
1598439436
2596586305
496301665
1029681600
3117556440
3804300925
3229970602
759285447
1130301777
4253434440
2178814813
997746978
3685585188
4167493137
2357526519
1093895939
3810632103
3853560567
2102001242
3032196667
4213095163
834406424
1518215383
4285831188
3179047750
3188121535
4210697017
2241263320
3671889930
3964221468
4093509492
260104052
2814380740
3495662877
1374176114
4240457270
605062200
3460973833
2320277819
1640680947
4106210429
1414188788
3134505762
2995726529
356652525
764208469
1778940745
1082417106
1161559079
2872060146
3938694153
1784165657
853446917
1742405834
2175827697
3087301098
3025625238
2245510687
1975620228
4114023165
3493067073
1435794490
3895565989
638439485
2858853503
681088775
785887283
245107575
433698898
4018415558
3896362184
3002152054
1147432600
2546284213
1640863126
3203804821
1620969759
4107351180
1206201732
231640249
2503243366
3576019068
2518396573
3585788807
3511548882
297647664
20470028
3667582005
744786285
2306760004
3575849803
1734738868
