1588745085
90783063
2994174799
3302782844
1785108659
3817646475
1144057757
369097787
649561064
1612877230
2052778315
3568095620
1615992899
1677995106
544616411
1761459158
634708299
1992133822
1209174611
1838897505
4269236330
1197859160
3865812038
1472567212
2225369108
966709043
3620890698
3981635324
2964378570
3422183753
1853697184
3529817781
883152468
3464534652
3414942171
1453999866
482250110
2220273794
647112911
1426817485
612187183
2673580626
1019897966
756532302
2906417886
1478129002
3413189258
240040491
189329278
1047951312
2928270664
857018989
491803406
1064017188
4255616872
3241490485
1452816077
3755767799
1984814961
2978271892
2968823438
1457202223
3049203416
3227149535
4062850862
3161481327
3414394727
2474436154
3862462999
2489907640
239828524
2661038983
2114844050
777854651
618932046
1651925421
66823829
1043658650
520227886
1298694099
322975142
3599969559
2801691651
3834396910
3827987474
2099491305
4036092872
2027702664
3610045825
205973495
3773306354
4151693941
2251298841
1286652880
3032626929
564762639
3466793574
2510243152
3699836978
653678900
1152185049
2023244892
3399804711
2134285683
1980977498
2189847428
1584256650
1653160561
1363812920
4294955190
2137536546
1715677893
1460019736
908004322
