3540394467
3305487441
830117491
2188528864
2606049273
4186377016
3683361748
1663297953
4120518549
3321258018
1373766421
333195700
3553647503
1000857391
2352121490
3523329603
4117110064
1601957046
928574836
298619903
224543714
1991245014
3194982026
1248350704
586811988
3784902695
1553150538
2324656930
3888744495
1359306910
1899636836
321407365
2478901867
2548451865
2112385243
3809948327
824707775
3893469320
2648436744
896356972
3423783303
4032759049
4258976656
339092332
142673506
10506496
1628104180
1967685402
4133269161
965789267
1002224470
2451822375
1151431344
1736742089
1805166543
1153431160
1036497661
2499329289
1103531533
3891922200
2620817707
3209561299
2147324258
2910736544
2484721451
1059876749
1436068133
1124963744
2886353548
3936176863
935661432
2262589426
2360488891
1458134880
787412764
3764174640
2399524406
2915611396
2038838859
2368497919
2530665926
22314143
2001333061
2507967931
3978579235
1671185702
3844549250
283285105
1372948461
1438278721
1926698195
2326582349
1993221629
1011431637
513450036
765303373
2505130815
519398294
2611719452
1044018605
8886051
3607826888
225890162
2824462911
1426768310
2233635847
2737480667
1389620760
1476931047
1893603486
2176209388
4151090878
3362961155
262559147
4047118837
3041841691
2662697105
2511401013
109623870
3863364408
3918300393
312416777
3852313722
2265419853
2733417803
1461085567
2849447339
2219112433
245843374
3308550490
755557322
504344764
2771403153
1745764073
2173749339
1397614026
2773387285
82778546
3738602440
3878285225
3389517063
2948603643
10760211
2582189931
3184132051
2162771595
3872773549
3311045397
1012596081
2190964155
1231588556
2164394001
2059544763
3108112463
4140496323
2105240686
270710887
1513472035
2265768738
3280481467
1720719183
159500619
4179900538
3137351267
516751464
815473077
683003266
3064539659
1936721571
4279957186
3347829798
111683437
2941463582
354972105
3701235445
2447957641
989341689
2681817851
3618701651
1298517087
1096223586
3900171270
197432008
237482130
4006303952
3422961725
1378084589
4170411047
552682056
1584110511
4262434816
3446077804
2903880351
2620616163
312094151
1282871136
3024995568
77855908
1905264210
1624005287
971153571
746304018
1368570642
1512164455
2012166523
3835522857
637888301
69494851
4130089726
1235794697
398599507
1441638154
3158503741
3927386132
2596364589
4035075479
3931529482
138418718
1348846599
981663904
3034980041
3753681774
2382498513
2244021027
2588237747
3223355989
2269758727
4243286954
1149655208
3208230463
267910360
4108464399
4002729425
2987283042
573175605
1880449228
2445047787
1368778945
3685355045
33312166
1408347636
217535579
4069600586
2803563973
1420411248
4260915381
4109073226
4135545587
3818835861
2406424955
2694513312
1449686167
1759289379
882177430
1391562916
281114901
1548492644
1233207542
4165394008
1040678004
3129975804