2227905939
4194277351
881709022
1155478183
676241926
1491220141
3480666385
4148817239
3820647304
836595020
489551809
3602132025
84679326
4023204002
2493381129
1310962726
2835595012
2998802360
1723564421
1095520076
1259795701
1429715159
207984380
1012685547
1962350570
1171993062
616428923
4082754648
2007502897
2737771837
1683260284
2831997242
2029575649
2707626149
2003152643
501904190
1187312755
1816028905
3038541923
3880531926
2863925643
45137763
680029098
99363964
1098709719
1931430068
1815520214
1585977153
2294204637
3749163931
501852295
947877987
455340139
4024854608
4143513427
3033363506
603189291
1589209055
1031996848
1570556573
2038987037
1687054949
4065480332
4256651274
4237029023
3166447656
1768390412
2291328566
1753506193
