79062289
2794240930
2381194727
2959487553
3070995510
187439952
2581999746
2390730323
2516724700
415855945
4143561056
3105794351
2356498663
3284950887
3843606104
4204809114
3748189854
707851199
31555300
3888154119
3993414977
3205463621
3248781673
347096918
3472465265
473738508
3953019086
3998342848
1847088650
314673034
2635633056
1446769780
2762508199
132503917
1524428537
2052118819
1142163620
1802059673
429112759
1588340482
100266795
4125944879
213827649
1583445278
2203231732
3407250979
382968069
3057427439
1147281516
4219076575
1570423299
583811605
1235384730
528960109
2563309650
3878505607
946773276
1295579510
3749837405
3719871998
1691747354
2122557602
2254463041
165732601
3395337698
379474272
1757102259
3892407483
1031791922
3755310283
3338136111
502297887
3275115537
3735411976
1944953096
1649273868
414090455
1380706225
4202686092
2826617478
4212539793
2957585188
2539655921
3444258068
2676973639
2149185795
2597949522
3357148129
2068342547
2506450678
1360291701
200333061
507624662
2781143331
825960120
4274307036
2221708088
1418766035
3457137987
