221752309
125447794
2417677520
1838668146
2815469429
3751857170
2349242774
4006258120
2575839736
2569418078
2511620453
964648175
2043056650
1654179412
3565447077
3510266584
1131955578
3072652674
3096862406
1667816164
1353724205
3991082165
2201483438
3712869029
3036767574
2959402528
2244877772
1957594100
630621365
2194182509
485390255
3088549815
2259846886
3417406443
2227643607
3060684815
576076986
4170580148
1684983412
1172525348
2793790909
1070396954
4011560897
1952403145
560996215
2423394200
1651787584
932063976
2261432289
3694392356
1524207956
451792978
3540130617
2970162360
1782458610
3986007587
73348264
730658562
828828142
3024622472
2195993779
2480024210
445032038
4231919806
2491714158
3407261166
2612519909
2465558888
3380540181
3792855858
1779382699
330967738
2260572610
1523993401
4257486348
3092859956
1512727951
3679341430
4194225053
1890340850
207473896
3733376981
2170227428
257354408
1830252027
309613136
1313708184
3476373695
2473425701
1892829428
218985230
4261120560
510340599
286999165
2015940341
2394806780
4151779042
3207836736
3549513091
1517593981
2122826313
458038914
2421552341
1657172195
2643244429
933903582
772810212
869858413
4201303636
2015825990
1727691205
1391783948
3750431660
805587095
1093688623
2185433881
3352828295
2256236888
3421935463
598531850
365027611
2351994554
1561689147
3947138321
1928915628
2617696028
1580971115
4108900755
3971552103
2949099996
2681054906
3397194291
3030498998
2167556346
3594116315
939058058
2557960572
2260880451
3332074628
1656904992
1960387763
1374755305
4076620207
2017362477
615954039
601187686
2381268097