807977310
2774550950
4277172326
3776322010
2753632852
3075493247
1888557906
2835273458
3853712582
894561997
2479394418
568647598
3006960739
4139735323
1969628468
1279127643
1620303124
1569384727
2419552900
680146957
2389000908
3471804039
4131907528
2269380865
2853009517
2592780790
3870895585
2210011642
4106591766
3179925384
2453506002
1682348037
3963126988
4142747558
4194751965
2598549718
832990449
146136580
727037077
1093383325
1117111725
4006053681
4108340006
2787608794
3698902162
4117069972
3884721465
1797144206
2839890804
2164643584
2755759230
327115989
2063761465
740173127
