952242131
1623457526
1150386591
1605773551
441018667
3289921977
4126765564
875011919
1840449127
2414078197
951012598
240232443
1297488754
2397726178
3866302442
3143605067
3505366618
3091489631
3566370084
2141341135
2010387109
2309141274
1828670849
3521251919
1421776941
1381687941
1166009935
1545515460
640801671
1139836404
1934961217
3540905478
1796490312
2116579981
3823214952
821235529
4007236015
2344045375
4059926575
2980198305
1653745699
3648407610
750328656
3449466984
246604543
1417494025
633501800
3935768680
3253183658
3151949731
900059694
632041555
3665291008
3100472892
1634166480
156958023
3241215280
341823777
1060629802
2792978524
3376454983
1172129977
2161151180
3490511735
3381894520
568151618
