882966141
3534912675
276033115
833307878
294349020
2462723028
2971665002
2069115303
1895351987
1571215195
2467047343
2098741229
3341301609
3511916410
2408883605
271383293
2541628279
1111564227
1966104809
3160463420
816239722
2584518749
1359901257
3510151802
4072587407
4183450050
722754005
3810558904
2417431162
2528662250
738951698
1603136555
3488780099
4096211428
4113908552
2366016499
1266565128
3040657019
2958066484
2898625647
1867377378
1241152960
2661026404
1792188393
2073801106
2678765369
1356197951
4122490642
2713244926
149287661
4176653695
3517897134
894380420
4084334201
1913200542
1581002536
1002816571
1054255796
278866038
770133698
3016274067
1408560798
4215360065
1850949623
3730926243
3279136786
734612277
3037396775
167583828
1490566724
1244215827
2095069434
2090416705
2515001253
933233843
2571317021
3192252637
1653550586
3192391341
4011916146
2672396920
3921798815
3983389986
3117750132
1556422839
4042921051
269836434
1177112443
3546758404
3508400919
2940630617
1530800960
1509253801
2253827175
1000707940
951384303
1627124610
2036694867
3941859146
3094283797
2044852983
823431683
3797730689
1162352146
2073424852
2551138460
1445720626
2165672012
691689363
