3109317394
2823156150
750912105
540835596
3541981664
1598682438
3562134250
1821460902
2881967126
1058543722
1112643339
359356710
2369683032
2421884717
882068952
60036002
4215171377
2422949601
963465482
459081296
2964738560
2918464059
1840085243
2870089086
576898442
4000942101
2135859473
4017530901
1102621520
1865976269
211244741
2547228259
2530575338
88163050
2732941823
3368663191
2501577018
1680798375
2138349705
1101018391
1520362458
2605725133
2040068240
2961283653
164242553
1107042089
3113504980
1705195580
2817550501
983599110
3843272199
3512179775
923341601
240771815
79835008
1154363251
2715714382
3579592722
2170502387
2871117037
2636927073
3382437057
729774323
967009210
101631861
679400243
1270904139
1884995986
3965869198
1923200277
2736007234
4014332345
1251220034
3948742734
3975036429
437924281
1066541805
1441658402
1531955381
1427829851
1146624153
3145723887
1875163701
4167572779
3421692412
3231753464
2354355872
1963529409
3178921184
31601696
3136379892
707983110
3376637208
