3199381153
2602297153
3649777775
1802932905
4196828528
2234372626
2435535065
2964906424
2477907069
862197774
4233396777
2085882159
158324060
2062955176
1614570443
4215135800
1144278289
4244569916
2722644513
1266644582
2650914696
3263649956
19351600
548124090
3149875365
2105657466
2659242647
4288959202
810953152
2029521796
829982820
3428904966
1136783604
1687591434
2522731019
2531300762
3185122950
1370982696
2935624825
3005284496
1418558662
187987968
2184215069
215589723
377806809
1070767235
1397726697
1144843466
4086864761
1175728329
1392367951
380344234
1309893760
3427221803
