1316946112
1226558175
127137994
3247826674
2406688792
1707528026
1723719066
600488274
2803615759
2441142110
3561308163
2268031897
3446458904
501475829
3558975026
1248645414
2152803077
3938166860
1648653733
3798515714
3505162805
2717517919
1571879556
777668761
3233040891
1962016703
2797413785
1593318649
3409105821
2717027254
501988868
544256496
338495063
2804972441
1401503451
2209656843
1038845675
530990811
1045418022
1798337635
4138589335
1814735291
2394455617
2703602417
3949424510
1940399642
2080780119
2448986858
797683576
3685426729
35645738
1985769578
3397066543
3378441827
505723282
2710926410
758555532
4212109039
1151597713
1078671639
3946300663
1350201643
2258083250
743781431
3810593231
4077981685
2711798974
3269741857
1227049590
880456497
2886619360
120383777
3903632558
3135684734
3889737496
328883442
3481581209
965820298
2610763726
1840988733
1007028781
1226447586
1410543614
992179899
1408925292
2763281353
2978361811
2939225224
2977564978
4110862396
1891447007
3078848119
971523395
612162803
3548840120
2705910013
517464851
2507206392
2224534161
3547641883
2080430677
1809594247
2937669567
2100014012
389777412
2642438513
1443905288
2358433518
4188580308
1256356132
2844735898
290197542
133353149
2955093193
3291845903
2519797246
1282144615
781534949
2533002252
3643268336
678937482
1717248614
829127151
4019635206
1750174688
1567160594
3328153398
3379157023
3781164437
3901941658
3639377644
102168062
1433041390
3361830677
2820730525
3071734722
2679978730
587183430
965057701
4000007402
2838598132
3551148066
2637468164
2774101386
336696095
3508491435
3402637887
394964989
1488355793
4260519608
2015161687
564833713
3856597797
1036393248
1581421071
3389361058
3862621728
1098867646
538077147
1245479599
3351341670
465363371
767366151
2690066539
299327649
1201209287
4174440301
109182019
2320835716
1479517007
3453690921
3446233677
1316130061
3623832015
987883709
2550555720
1721421068
1955356984
25341533
2262367919
1234916292
774491782
1308848619
740913071
2058370670
1131185100
426062144
3773093681
4169275676
740165877
2371847011
1757718847
2678239283
917512186
2314647572
1885626793
3145766670
2166824278
3991102910
547366617
2444260945
2118832522
2252661695
1184641552
2819795692
3164646202
499042416
873323567
1183491032
572227916
21815188
3326056168
3645891506