1243331113
3769977165
2350465047
4175293148
539535068
2945709336
1436317835
696257596
3100398076
2991851884
763206348
1290755512
3729557535
3095182273
2344445077
1550396173
2173936809
2560740083
1023438689
2467683508
491406313
2464695097
199184321
1881549625
857338266
3783137389
1506233428
685062089
15241674
1866423695
386381110
1589855833
12844469
3552645560
2415843553
723083184
3390083533
831397586
3123738098
2230018432
16527218
1707099456
2578081070
2260548497
3827918792
3278171490
2513949968
4166414381
3933208475
4284336829
843597601
581629699
168215869
702177280
77427839
327116757
1143404919
1567630420
2617786419
3830066773
3427299557
1440295345
1351204747
1135279383
1403970881
4179535652
3283008505
644939237
430738041
4197753078
4229276428
3748728686
1503502420
4157567825
2311528264
2663355581
4018375597
125140185
3474549270
1166089364
828291844
20914996
4135852669
2845612896
4156102103
3730988924
1262722861
1203358772
2548969506
2119943985
23153292
148852937
3104469904
2462196645
803054348
2623911629
3938872774
2229673010
1959913397
950564066
2925123784
2193874272
2002710941
2374146656
4024773732
2539962799
2774295948
1748311172
1520578886
3054493434
545583923
4190292916
3322483313
3986272261
814758568
333036712
1055675242
2652782809
245535999
278843296
96890363
876977827
1236780940
2780817610
2569081176
3997284303
3045540511
4268506510
3380000313
784324135
3903126432
3243110959
348893313
3146050798
2637555055
2560382955
2987276459
4053250218
2958730777
2526389670
2423487432
3977651004
1769656493
4094719055
2143288867
3430584854
3508541626
1773904357
172860038
2567821499
4159195188
2316866633
538050110
802049303
2444674755
162098805
2476363619
3305373830
4191956074
4258148392
3303689600