3349820557
2101286268
2794208381
3538754687
2605851800
1847930152
848434875
2453947869
982543769
1158104179
1754311384
651970202
3725691731
3026420243
2032166012
3515499457
3882454059
3880200319
3650246008
805401699
1089725893
3922935600
301579231
2166201931
3368240334
4274089224
3120167605
1723849736
970427857
3065283884
1408139727
290508515
3921881499
301199207
3676696351
3943493041
2562875418
1077963291
173728027
2271215530
2463601042
696496337
3635586126
1195031763
3203060769
1320487201
3069410011
4266832184
3155404371
3404786783
2845253523
2025893188
735303070
953408760
3985914377
1087256517
4167630174
4125649147
3734071082
109224775
3957186944
370453689
1452190635
3449277394
4042436620
4074804448
156684124
1187053370
2542891196
3868798396
2736667232
3242447208
1505640302
261830583
3967161112
3884168363
1413678341
2879825589
1995978398
3875669125
793521703
625635107
2788187925
3984475931
2103275507
2601650382
2605626206
1138583743
3538781059
697053889
827744444
1421069009
4111637700
770940628
771642074
3790498643
3179061397
2794935567
1640172126
312621590
3484854325
4136380679
425850883
1636437603
3764808817
4188919275
3799147358
1327315447
1745437304
1780148243
1278055245
2628431100
4107812571