4157516654
224616440
1173695681
3407491348
4022985459
2896478588
3909712341
1381045668
2253079725
1092022882
1422177787
1171598163
1789234913
2322284820
3700459683
3487181663
741475292
1881328540
2593135860
3304119223
1580812061
2859134493
2597193846
1739943134
3671439877
1586151170
477761072
71648153
2835601495
3458489952
2782710899
2573917474
1465628217
1816031569
2254431104
3661148523
1004164346
611508546
1149690436
3621772189
3282342543
2865078448
1729882214
213316891
1912907324
2236402550
469859731
1278827488
4025274723
3558350966
1603603921
4188861434
2551405831
700288471
2266535409
1397837094
1231115637
3410091521
3570388479
1357411128
1946956681
2804714046
2892096489
883632478
2753657113
3417807577
4276996921
2170541547