1430927024
410221156
1303610709
3971752199
3970288137
3949657960
3498796202
1978954667
2912830885
2954510040
2835296952
3250152745
2150746501
917627512
4250145042
3636322730
4276052941
3090549608
4025508312
3095009892
1833777099
2063826062
2213641851
3509449305
3835962618
763693097
2090984225
1311417012
2496403392
2053908099
387977320
2183619693
564242451
590754989
1437006222
796237686
2723545278
1896736733
3095032624
3965580955
1790211583
506624683
296275170
910357517
665692408
670789373
751733445
2415781701
1422378938
783083666
1333100157
4256710918
1122077725
3888956884
671142319
3940093604
318646374
2622258756
3582390983
1294995235
2633762214
1679696525
907601912
1363614503
2847233686
286089710
1917208010
1152726928