1007112917
3156802846
3535963806
237894088
524260789
4228688733
3033542483
3055675833
2024867551
2095329533
98516382
595044146
4086644396
3560431364
2550100698
2309765285
3656321675
3998348630
3027752981
3185606088
1164706418
1173296762
750696200
3355484720
3482750226
2239227114
201142772
1254496480
1374002887
1455741742
2923682570
1690361179
2991040239
3970599620
1576160339
445001639
2279933004
2296674840
4110522007
3247448079
1569570665
3976448052
945223304
2411113488
3400826234
97632762
3390207268
4017586653
1537276088
