1106596498
2286601831
388192650
2802973733
3110642544
1890729143
4191793461
1502856357
3096273573
1736103741
408253311
2188865333
2524955406
2469925590
2398952230
1630671176
343408923
2008092455
730274319
655550894
3836166591
3921913780
178489719
1972796755
1616684586
4214330406
594832803
4022482953
3509070962
1416872069
681654354
1247828760
2174350137
1220522934
1615296052
1336956571
2188595143
1996241247
4064984875
1002961703
865743865
4259524617
3224370033
508159800
579952004
2146809951
2898309955
2223566986
1883103672
2878932635
591507526
874058819
3090242656
1366155872
3317368680
4064742250
3077971919
1496473080
2403210068
2471269279
994172020
2255405449
1329432382
1634709096
616465182
4245266787
1663787238
430813880
1214288905
1662530552
3711816987
2949277393
1893560376
261296024
4194449292
1189210317
1855566611
3004201658
2998059827
3746119630
704003171
691255097
2174434761
1026108703
