5505452
819171638
3304872372
2194739860
426229083
3052353454
794956296
3454524230
686610887
972514750
3431528791
4057018275
880083923
1656645374
1495408393
2037386707
4110779255
96997549
3779387866
568032764
4204000547
1514348626
2610764579
1974098892
2004202318
977455425
681129976
511903936
3609269770
2546257792
173208245
2156054669
3083582323
1126200009
1024557751
2393990886
438135397
1689034159
999776470
652417985
1031632368
1014151504
916477150
1789068371
3486128066
3435897909
2513073228
3458675848
268351936
3539167564
975736913
2372326220
2418373221
429460816
4004050247
3935139795
4067124552
3141055330
1205697429
3854841809
2084452906
2158457958
494490630
4227110373
3400925351
32000581
393479261
1695486766
2294254702
819013113
696627335
3322759732
1732106619
4252204234
652626402
4205758327
3310841270
4284033350
1455534900
2337420581
876662090
4260238070
929965340
706678301
869160354
1986987092
1306850237
50606259
1976813911
114608371
3395798457
2494152017
3092146498
1612937368
1909341480
2045337734
2892389413
368390213
3960676881
924723837
322827489
1300457889
3117662219
3374760578
4283477558
3498473713
1422004922
2302451558
599474254
2218927858
200994686
2532209576
958478257
1027675959
38130939
3931381986
1774710906
1443915986
3284384051
4058906460
740020129
3891544430
1550987284
1881545992
1975702314
555573069
2069779747
2607651400
4271867061
2762973467
301687354
2854163942
1989114650
2515837808
3797119890
314420316
545137833
3535791298
4011911106
2138105760
3256933284
2713276509
2014847155
3001527718
1867671706
859299918
2879172732
2532647866
1634525126
2843440239
1334154487
3395575587
3454007791
1379737012
4233057196
1646444047
2074414901
174648068
2197851743
1083045074
735884804
2503646710
3739491653
3900338211
2440990018
2644602544