2727624453
3402559201
1370423500
1908488155
1454668715
1098086328
1395711796
3286296798
3838527435
3768959102
1424800836
3881281658
2498481991
1894244760
4271269702
635555328
1200685443
3483476574
3111374978
324388897
166667908
1575609265
953301377
342660676
2200132847
4140044879
3443689065
1101412956
2048128439
3341343283
2551271101
3694896763
2180635375
3053822693
859206172
1639648097
3698485692
4156109325
1947665299
1627115052
3341763399
3608579587
3649387508
3502389865
666303981
3541008609
522228905
3762069224
1516203342
1955461602
2079088145
838380803
537871694
986912809
3647517544
3181362813
4248010227
3398350685
1160354358
454573392
1294571214
1563826660
3214398066
4251617055
3089380513
9847368
3844871353
2373520577
425328067
3498136337
719151030
2113770237
2884409178
3945567411
2941561990
170079201
93860171
3015047843
882489154
28269989
3507151756
910963230
3792500278
3240941525
3776816816
2615906668
1696001292
3960358213
1026247307
3745601848
