1037696758
2084918308
2011272768
3765373494
3469376663
221239664
4240041502
2350608501
2839775006
1094872721
2107100938
2270512476
103420911
1047918029
3030043388
3639535483
2016713072
2527185691
1790459304
4136851995
3282446179
3385027062
3349412662
299107834
2632957971
2605549081
3471161502
912531633
1818905000
881369014
497984910
1456487955
2970884878
4176704346
2776141272
2303451074
4151137422
409465808
3851762589
3897580699
2552689636
2781070011
3973236158
2282676598
487225617
1849176702
3442140194
3063885464
4032563128
4150793464
1740256602
3072498090
3337572458
2931373123
808830200
662495963
3398335049
296508526
1789030518
555334930
2347721214
1019258301
700525181
3840798384
2335036846
826312890
2342011147
2161802881
4278868028
2494157402
1274060948
281046386
2646205875
2296455002
3309065222
2164580421
3824311829
851552625
485422332
3400614919
1592342353
2004842047
2916712716
2652580737
813126914
3878211271
3016233009
2094518763
2238663074
1029345169
143914337
3374994158
3185672719
2362608360
1944887566
4214121076
262552326
3333124830
1433091579
962511633
3281712350
3743220038
2775736987
1197766417
1628163215
1134692036
3528864359
3364517663
3298569225
1459718817
3793272380
1465348615
1986763882
4213177357
1126586776
4252442723
3730040723
3832288178
180195829
