3297597372
2155338467
4261229967
1190824873
3719857364
495364429
169822767
846471759
1670917605
3439384236
2420488346
2149118792
3422670729
981264012
684775156
2541958695
1457195184
1324038375
3269605687
2132013282
1884956392
813229103
2193090191
1728761460
994316850
1819505840
2927175518
579192692
1557470696
2374268129
1005972117
2404357137
3419425175
3421861804
1197259048
2230400737
671312947
2713487827
4090012398
1471942059
2731985999
376533239
2079434010
2579294562
656086400
2779558160
1130884171
232625452
6663969
1644081290
1129083560
4155619338
1084583706
1786853684
46344317
3651384701
1036352146
3494997387
1161179639
4030501456
4226371577
3648844916
3884993831
1621357361
600860889
1595445025
3540219750
3550326391
1133851116
710467809
2379201658
1848985045
3133044429
3718336843
200721003
3137197678
43295749
3560208224
1909708201
67698259
1041877837
2520536875
19059464
2711102549
852943980
543572613
2345059062
4272365554
2599367134
3532784288
621896318
344334003
4097271732
2070499008
457245015
3310103116
2345232488
910060372
2412299554
3865522605
1257826186
2596616249
3773534363
227623848
697023952
1519879295
82468165
221483708
1052077716
2437688579
1804761704
4051188753
2575129664
4028361528
238842740
461945470
2240600670