3563322708
3912844711
3556957874
2919883883
189724673
2065968009
3232387611
2200243391
2025181958
3248805453
2460318544
1539358939
3287047019
456540635
3677402943
1545053593
1307090221
1772832924
1560603289
914663942
4032217783
3967814567
2914366839
4123865613
3907055656
1385315214
1679497968
1712392056
1561891324
3658821607
2190607658
869192004
3175792131
3346492137
113604140
1491185273
4014996787
3280134994
3345397303
930985579
3703354843
2289949812
2555623236
3274275688
2850116244
3049665803
321518380
379065903
2067632897
843828793
3149513197
2544054575
301733163
2759773274
4155996578
2979272728
3060061631
58742240
1652140682
1473680277
3697733051
3012128162
1992497402
1065734325
1327303341
1514861901
827390802
340120715
231884622
2274974997
2246421545
3418504041
4178611246
527027870
2045759690
3900512296
2842365412
3620622097
1076727138
2078991792
388798991
946782705
1167818878
3362693720
91931822
1115129832
1849322517
4016467749
4175037826
1811905486
3946398932
1717238923
1960005782
3026175123
914901768
1770819465
3518964359
407601057
4055803596
2955821427
893869572
3596877401
3509209786
2209636247
306630390
1727746155
2107719504
2839104851
234263087
2900733047
959070858
153757843