3870247935
1235018798
3166537478
2481446266
525525291
3736134000
1632163560
2769918555
399748656
61685177
1251789941
3506205366
1811521816
163058623
2715378288
2443539351
2903532887
2396470799
2795238889
1799152843
2009008866
4071401439
3118455179
2618763061
3617978424
3000670489
106514011
3377803375
1190988237
1365925277
3709797883
674953290
284653981
4237010385
4154847109
2359515648
2540911009
3840644604
1207246212
2135641708
2115617014
4132851038
4097724892
4269487494
4264378547
936292924
859501227
2211459655
3851329139
556675555
1636319947
2720921505
1639706240
3809622085
740426237
173720051
529834321
1502887277
4147905354
2660577968
1626752189
3257441822
1452517393
3524286483
1944540815
4151425206
797923820
1981440989
2189341711
3869300678
1720329483
2427834818
1169351840
1937938709
310610445
3555720245
2318741546
4058649496
3917870774
1165601522
387091959
2670858866
1570201098
60379935
1677106753
594029772
1782599192
499798096
3798740876
292307106
4164763694
1132473297
270765611
3393220465
1194206580
4112077534
4151996209
595963735
4054870443
247798757
2112319466
1665846562
308185058
76519555
3850177424
4049117641
1710545086
1223235413
4012685891
256518310
3590852318
2401429299
4202171372
1012026044
941924899
1969686675
960139361
3453365171
801170912
1463980479
3879718768
1904120452
2600651118
2377028977
1801935418
3528622961
4293724463
1300831311
2015808259
3044093595
2623216449
2353928226
263481935
2785877996
2295626461
2285340871
2008367104
1806769567
989107070
1993050014
2096991869
1439709837
2766676219
517813428
957405681
2220992979
1706596657
3954145741
1132820054
2198322411
1988637687
2087050908
207768326
474735088
2312045009
1954365900
2572883538
1887728053
3248032556
3486871101
1117930559
2091066871
2016431994
2814725210
724376618
3004890885
2159234652
2565478086
756569397
3647632792
4021128503
3343752080
51150990
1194323286
2956288116
2238283197
2552267221
3796555516
1922947083
2824109399
4038868187
1115010048
863484822
712422358
4093316172
1672560664
3361543722
2618175700
3614570742
2669974945
3565359450
2745160228
4070691132
103647708
2458435789
3601169695
1314601530
2639184645
2114386612
923519695
804898239
1127600034
875284641
3407593129
3197425865
1128708320
2709009012
3899861901
529048909
1877229637
3635837438
2075991806
779692292
1692171185
3567279055
1418899603
2495645156
3210534911
3497885147
2928157043
2725096610
3723901963
3731808791
3306594467
3032776985
514454906
3134761137
3211041155
3267103980
3484674553
3738427341
4040569070
2845134894
4274353051
826233085
78393425
1457871144
3483290340
3207442059
511905739
2076622330
3746723481
2613335235
27528563
3293839825
3320950957
2890602160
2372658162
401136331
732478887
993047277
2661398847
2623574613
66266956
4147379225
3742609250
4291751893
4236013216
1683006237
1581750317
752479526
3558759076
2388572450
938455182
3440878324
2779554530
2414550937
3622173744
950094066
1845888842
1928028514
2108926249
1216861106
2177324792
1276473932
1480312792
1703257527
443988160
2735276520
258355164
498327091
2027269702
3810048702
3660663107
2663885948
1675202246
1276519685
2912537641
4116725717
3242912644
117537309
1611816748
1489730352
1753563753
1739520027
2778486361
2885155837
1078564672
511901609
2806954284
3314663571
3206446741
173378079
925325239
1030483518
1412665961
1120517787
2271546707
2031248461
653347890
3450133039
1153349515
2016448329
4043341098
1846497254
1157402232
3238413302
1980614178
4208514028
3464437029
124214964
1335032718
3581968289
3503264729
676622068
2510921340
1237876937
3081748313
4005553986
2405188446
2354956194
1392279813
681866433
2762320802
388962735
3728635358
920649493
145353259
738524691
2780141579
2986831774
2124879939
996840224
4011364632
3754821449
835196233
3352408678
3502396819
1277004749
4284238624
1920379498
3465330899
2920411449
3612740921
1611313574
221116320
2395302185
1469611618
3804693753
1526692361
3887598846
3643143179
1795363239
1116834888
1117455003
3978017155
1649263456
2239299362
1990758753
3074869009
4135382737
3749321891
3152164174
3521289260
2989780882
4086452139
4203494479
1709427416
2345290602
1048335655
2265362169
693264938
3526894964
3750013321
4261725879
4256436265
3771816969
3665130858
1400058871
2448190029
173906085
1006881465
3101411974
326619341
1278773150
3151810434
4223223790
1091276600
852839539
3994640073
1012651070
3845543493
1511127030
3495981997
3119111663
875333588
3655610841
3692700447
2351992555
981813448
2703981256
1630196606
398842029
3253398110
2649427688
188630277
2088799667
3841526558
2121887188
238786793
324132418
2396668398
2058405476
91448453
2312014869
3048998936
2539996777
2688285512
1437718277
3039079278
3841641195
1015351956
1625091712
2271171354
1275866280
441539810
4213320202
2406769375
2517504976
2269993727
3976848688
3805377873
3510043257
1208851590
880535401
1560835044
3790621119
3459461802
3078753663
2565968830
2024177935
3664945879
2669616527
1516270262
1892665839