288170860
3944903530
1025831981
1287771050
3489145552
2981513081
2344840701
2745563978
2585585193
116644944
2236119157
3219719750
3538598097
4128845079
4027358698
1750296603
3475428022
3882677691
3285786773
939668369
1326866044
536347103
10688820
4218602515
2377650489
2681144492
3938464200
78522817
3685354014
2407910765
3554902886
2974031165
2352744467
3236620317
906070969
2997284228
88739919
4110744555
4192754998
2976828004
767370833
1938404808
3607952356
752394162
2724750986
2683458291
2849522372
3420432568
2406021245
1110780634
895376179
2979330870
1265516369
2599397868
1547406843
2731586253
1024026104
574621508
3733226737
641217447
1509952659
3753227234
2431867947
4214606047
3319037690
3769668586
2361827134
2488203830
2865500228
580990795
3510640720
2485965692
2046092358
2205671579
2215867078
3665058467
3708443534
704376972
1289456204
3097402522
2703448879
3246683208
4122361659
1210284590
167923327
3769702005
3619662410
1445054890
1808954440
3909387339
3316256735
3664474096
4175456408
3845588472
2936931237
122736607
3746539829
4176089555
867696704
1276869877
2435741339
864058938
1298641630
331947399
3795540185
87143068
3899474236
3901218027
910383326
1454237553
2782683324
1359272749
2323005898
2653577642
2204884375
351935785
1355148248
1011130323
4158834447
2438238050
2711555866
2904614483
2551939237
313522655
813162702
1547192408
