3917865141
13048778
1864538122
1908582594
1808805273
186324011
4249930854
3530844921
508666106
3635179617
1134175872
1584565535
4088939153
3879839744
3793072422
3484632185
2715541872
4058453162
197410056
2727039127
1826932619
1008600613
201140454
2185908133
764290635
1222302321
1163240868
1831558382
3598904790
2264935794
2504547075
31655263
3232422029
1905647803
267529524
392011398
1485169722
1400599378
646181062
3209080229
804079199
1428570571
281221139
912131123
1586707657
2097949791
244340803
3250803792
4118892234
1363896202
470774009
2711767792
1719164411
1506906869
3057115352
622308163
469988153
3864464793
3823185197
2507622304
2843069192
648633779
2018208714
1964954411
24785618
3536663396
812443016
2206981999
1035552837
3255472958
3415792011
3027096018
397753243
2723904176
1869639935
49604588
4160797079
2123082686
654532625
3553997645
2808216291
3988491428
2033784454
2864242320
2962326007
761726889
3671050358
4114248043
3850473737
971950535
4010564746
1748991483
2383721490
1231684437
2544561739
1842854665
2792226345
1840835781
1239551455
1323854060
981383593
1815743756
40241306
2181698510
199114646
3698574380
1704796800
1856963792
3796075461
1393668630
3276899458
3299635536
2167415890
3408713618
1237845028
2140905752
2648693311
648733436
194081734
1683067065
3313822643
2658104118
3830375649
2523167684
644680859
205962176
2507544480
1108827496
473569850
528332208
2182949780
478978919
4246973055
1125997155
2711068887
4199721516
2856827433
3944056358
1545501295
3333334359
1427090737
3808467054
4168153439
3871783555
2833449879
2932197144
646209445
2345101780
1221830141
886988172
2033365939
1833641757
2842026362
3057809476
2064233240
443729556
323177621
3161189251
1966403183
4188352486
3063152304
298747458
1592224435
2065701457
4086900047
3467195107
2521958026
2332908817
2079007974
1651488595
657050780
1950084840
2857027666
1728205017
414565410
3053563609
178277688
3672132626
2433905115
1572340932
2668900111
1284061022
2096596204
2539013556
2111636460
1571164927
3767650701
81554071
92948288
1812179802
3548212175
3295364864
3814289883
2741273876
2941036153
3025810282
3960883472
1056969882
12954867
3955436120
835231830
3280668333
3013590628
2923991511
1048794298
1316066672
2203701261
3018587265
3660046776