884346572
1369848232
2957300321
3476153558
3868011185
3654021456
1262714714
2785720887
2941691249
3796274219
2958730467
3377527972
2659324629
1644830826
171410946
2858449734
1693484903
1518153373
3081697432
547780585
993569307
2864119796
3178545856
403060293
903305947
632494869
419300004
2576242460
1740464041
1947323338
1009122991
3737894694
1339239162
521561146
3295008419
1504677228
2230185233
613499235
286864401
3175724788
268799384
1173843800
4057396291
3255155010
912275866
4039538007
1937822773
3827305530
2679418898
357539332
1171416289
