3402890143
2002822216
4028860534
4133796738
801810982
1471297212
3217557450
1842492617
1011870937
1174205998
1543870004
923323332
1732096361
1396361608
1465229525
4102822594
967138040
2452952002
3618641108
3512206087
3599453209
2248731797
1060732762
3603144447
696858438
4272806794
223342014
418829711
2842665713
3992925723
569053050
1148978940
2878131987
2343077310
2094778414
2957609510
2510721294
749991701
2410111100
3287513794
2363195685
4115282632
2536571569
3718566769
3996181094
1814433435
288916913
933660320
1815256189
2690961315
125154015
2721796224
3312559602
647118222
1760727858
597733647
2372791710
1151846310
1259724488
1562311798
1388281778
2035393024
25961529
2476523350
769004512
112005014
1598158211
594418292
2231294892
3262938931
1831188201
1560671769
1248465096
732321216
91864847
2959854412
4277158933
2633668741
2002510155
1646209533
2623967458
2339809524
1683404681
221765533
3352708432
3015181846
3067644862
688769761
576779398
2792946430
2796233198
796125558
3586473817
4187586680
4256185368
1438173118
2705731288
124269520
2555815986
1681824117
446063602
3957047513
961010083
3607240872
164727607
4001291374
1051434527
1348392616
3791579946
3027310471
2210271558
2146555214
765925667
378600520
1527305413
4219846183
3544325767
2654880361
1733707767
3995350900
406880689
2189178951
969965883
780488839
2077801208
1663812584
26633664
4138126308
4008946367
1906917515
2269253444
1785731905
769953794
4102938740
3491624140
118306348
1362194650
2868336686
1966830120
2863252140
2959766517
1869478589
733940729
3590793649
68679408
1007064938
702901425
1741845596
1861798245
2662334185
1257285996
2108081343
2809499110
1333048031
1049809434
1129934067
609154330
2601223926
1685869751
2192576651
2900453698
1113326187
1668994935
1097801080
607656509
2663864833
3776533091
181473340
398749524
3745170042
2265381406
2534341989
904710533
2520958145
2816763524
2202722360
3772530744
3431120762
1481994232
4027867146
3888534760
592344843
93502349
1116106390
175787429
4250298055
4286005372
3869504150
2232791288
2363292434