946174209
4066103334
1042856591
3301399543
3194875855
260641817
2864785601
3634845377
3175426199
3920097525
1977043159
3026012189
1652768879
2783043671
1948385400
3446285836
1432738126
2160720337
259275597
3999650100
3344637630
1809896992
3036356363
4249840076
3889637888
1767730719
2787443092
2674547396
2638050874
527225526
3403543887
3560132862
1286148628
1829600290
3099920272
1009617689
4105277136
3556489190
838229141
4215842743
3011795928
3394479354
1840525734
2879263797
367619192
1679425743
2522150049
643052017
2259579463
2143177585
1742689764
2499348703
1513929133
1901659532
4265205512
591106671
2254340228
2497042571
4146108654
3996431890
3357981804
249392193
1574914822
2829868683
608360148
747457310
1928265971
340122799
3721779751
1503377511
394586931
1472437223
1022790686
265219229
2540079551
654410406
3827195012
3647112522
3977748602
3231856922
3519672121
600466987
259841723
1416962308
2032694170
3720448672
1528259992
3974819481
3010093272
328771713
209472182
1998260961
1684833533
2138343749
3522207011
111108113
2541312663
237808773
2313139228
733460340
3022695533
1202329731
2235931355
3181080497
2375819020
1562081915
464485834
319229971
314136665
4150281731
2837928555
