3852910150
2202728387
4020033600
3208244523
3432503636
570381440
2994686940
3370097178
1483085540
12075966
3825373099
952333431
382446227
1473502951
1623678913
694556324
3196761160
1122370344
1751081626
96662925
43552798
3940898809
1135033628
3640261729
1196562046
375911380
1439921968
3527709869
2644049646
665138317
1155729048
978408402
1872620605
3382624375
3444477548
258236296
3539320952
1158197438
765211181
3535843052
1512216372
3716558777
314320422
2952900851
3092593794
263095918
1644533852
1239841422
738346449
3366704926
3901826326
298932032
1237696359
2801482574
962987730
961782306
1534144233
2572836576
3482774277
2462590371
2543000271
2658295097
3311669355
2886056453
2631879547
2235482380
485401828
718174697
909856057
3325125537
4226510698
1888263698
2619300761
2568552954
3051352806
233194806
2614036486
639081389
1984132283
2031201910
1977091294
2852611392
2651399158
451129433
1010460906
680400994
1148725485
441007810
2450967826
3224714678
3360681995
2114639733
418756469
1709375272
1595515919
1668148485
18477532
2678314722
755428024
1829979770
3525360784
2462778593
1183708519
3164849724
1928739337
436096853
1440394688
2149196761
2459760161
888915196
749641110
296192240
4266011856
2668135319
385449542
555430965
2886329379
1487679961
766024519
3264688930
1460653032
1546987454
3978329
576195208
1812023526
2687696942
3610818203
2092154100
2057827975
3020191451
647971889
971210735
128855812
3127189601
2644320078
29534752
335286762
2039242803
2620192313
4261922170
4182129052
2104088265
2931350721
2684322999
3238313839
3987415934
1698991762
1694702308
2737646449
3011162460
1850396045
2179560584
1950981665