834841630
3471830329
1690713412
1938126530
1030804569
2648822506
1362053011
4079134625
562676827
349995883
1353711947
2711480539
606643787
2524852430
2282525633
1153649697
2708364261
3110846250
2608935842
718926788
172555803
2462637904
3285842216
3641742730
3337621186
1921125162
320304397
256563694
906176111
1896589831
3678781194
1434599936
3096847549
1993004822
1994459461
3705889831
4141164235
1796308537
574695102
3122329270
1833221851
2017669727
448647390
2235126563
832180509
1916372379
2030021915
3495479886
1784006256
2938540589
20426724
2593990261
2844841522
1822584814
2558560931
1692765962
1927693893
1480004204
2435005341
4029813415
3473991511
239940727
3853045275
1541270942
4082519815
621540504
3680195520
1265593995
3640190888
896178142
477082451
1918102449
4294475791
2422793995
2290268159
2298678903
1136692646
642214739
765256541
2750741066
2125520495
2710692824
1395346428
3595162627
3911499272
2578336722
1744509499
2317190373
4030812737
1939841388
3953357477
505762715
1904601746
196446992
2016704334
3762199411
1660149616
3031809387
227961334
445231470
3601573085
2429451405
4255180616
3894685204
546054953
367820808
2030120334
658475508
1376164663
2669313572
2791445011
107728764
