2777607534
2944317989
3383442133
1316214721
2686402843
2491626037
3025988823
1790529723
1910416516
707762955
972502909
1632591337
1061404517
2615851454
4187412199
2397793023
2633835100
4046227505
2422575573
2222945991
3211560222
3209464937
2202969501
2556172561
3594313893
617598233
3144566428
2762133951
2509792761
3576491426
86285298
4240941885
4248949335
3455206054
859938176
504593601
3167086678
1190455254
3139837816
929472978
1826280380
2722454184
1333897999
2163538586
3146239382
1928302433
2805702842
2532300728
4199730542
3760948088
1182307963
3165647208
2160316215
2208413906
2490934808
1443137652
2962161218
1454956349
2957832735
3187945261
2341169488
1580149211
597822026
2025918409
467750314
1302812174
1548238779
1888881825
3041683276
458445275
1762822648
2383671337
4275591672
1170145112
2958074058
1398273453
553678782
3444861446
1390068934
1775706534
141173345
1475194930
1949593662
2989961027
1924606737
3925899738
1455566645
2879789477
3480501356
2843494774
221989542
3205418064
3717667920
2287037015
1972992066
149852963
1173801856
382062230
1567120989
1260399624
3135691599
533013996
942620574
4288359202
804926583
4083219729
321105871
1947568321
2812401018
2161867509
835455420
143179702
2600197225
1116359134
361202595
2331262165