1774625118
3039264056
1201602725
4085375967
3948851561
892017396
4155238509
751239414
4234014135
2807540859
2836951734
575304459
1206621258
3385534585
2735198195
2051643393
2860032325
3564200419
2605457974
2106815482
1930791316
3172917958
3129694307
1244529592
68230133
1495876116
933835296
3141468434
563003577
4152004878
3880416635
2503596380
506447826
3805520816
608679109
177650703
940582548
318243169
801056021
1804284530
2284243318
2562008508
1557689073
4101454095
308700784
940988504
3106659623
343691401
3953246218
1362210963
4029059839
1824148262
2833993977
2773190989
3332976345
103736522
1176925891
1152365459
2444846289
1551824630
2638186890
2714107971
1001934682
2863893344
2409127926
1437186829
1987468456
618061208
511584737
3866462112
3846556200
1380307704
639933629
2316077334
2621820418
1052876361
941691362
3702982829
1642298149
1872441515
1541843050
360939529
792076888
