2693399992
2906214189
140161789
1679588253
3423484686
1398059142
400258875
155345241
1479187408
1208614415
1833980074
2702877401
573844590
322844421
2322688579
2720849175
235695109
3076033084
560182756
2521135680
1218404422
1872005280
3361301364
2378682707
3809402123
2565123957
2970498268
1504440230
356603922
2754799405
4019438476
2531744502
2290502038
325762298
2392141186
2004969054
1090551929
622635194
217198118
2313521732
428331192
1352882374
3333159616
1700714035
469771234
680561867
2970689092
2643244297
1940651674
1188835549
4275853167
3384639763
806564214
2201089883
3739397268
2127299492
2922275235
1466440584
3545964877
733285830
2675834423
3034819034
3975715494
1378998587
2173253141
2617327652
3264872100
1284204834
4082635522
2718467637
1542284229
3179243595
3696218981
4248874201
2528314955
714315091
463042312
1656236952
3176707454
1426145642
1239367399
2828285940
3018865196
2261292273
2254580378
3614758638
1519808926
3929658841
2120645974
519151050
226769526
3823762474
452463235
3146419744
2439117898
2451871480
