475542136
2340635562
2861050324
2321108336
747734071
3712826208
3214477764
878557915
898346295
998985788
1899089039
2462474292
493204586
1987542404
4179525174
1292976066
1412907433
1311359202
1751479149
2223605459
1933518678
1085427845
3791248032
2084100868
3906735376
377646526
2605078183
3913770067
1631992697
2742026160
490665940
3550049087
1641881857
1395246452
1900964515
2397285107
4003253202
2159546998
1193928553
2582672065
2596318584
3819171236
2178079466
143337005
3604238140
3581736723
2805612404
3740462111
204008420
3498790588
2134369012
1724555030
370805509
595180206
4122611222
3667593990
22696292
1881277579
2722623333
505912249
3913149236
1021546989
634852715
3840434564
191632986
3276367965
906636017
1236615486
