126089217
1331638635
1529072697
1652260444
1178436843
2201758944
4157289676
2039267446
3879246317
405786463
1763356808
2405451855
873466194
577023113
2187407664
174903588
1207995027
1777530221
532806623
4171643838
3194164408
4059438684
1844843861
2690347099
2241584707
1212232532
2168867988
4110481581
3989131840
2342421871
2338416637
179159904
3399970895
639137240
248316933
1477648693
3564066942
2790431236
2220104063
909811498
3133268539
2674181306
836266918
2926311477
1413587121
2321218096
4176448922
967662974
529714899
3570381422
2287857118
3120777617
3683700420
4002311066
461029780
2168701293
343619419
517136956
4132139032
3240562138
1760895586
1474785915
3135016978
