1742889870
527685208
2691980964
3215052496
54761508
46158040
2596479101
1479379975
781053055
3745920912
1797824818
1892563538
587131826
3003715672
1790814565
2635088185
3379187964
2840370771
2565773810
3116233124
95253288
1176260832
3746302348
2468875133
3110212636
740701129
560213587
3555074669
2202868620
762041945
635343790
1238589315
4017392184
355993422
4054157804
1697566883
2561176727
4198131658
2712603675
3230067322
1012448672
1747022387
3619291644
1414251896
2446051421
4070049924
1645215483
503534621
3778554251
155686841
1737238022
608628179
3823781001
1279861093
248267576
2743738693
3673212485
479540712
2893538212
1057029515
793780192
1559358178
2546885203
576838838
3650309841
1658865593
3383010581
1418532494
3055532382
2986648346
414757182
3832534329
1243850936
932694698
4223474331
3459712468
1738213738
1965631771
3130439486
2782167295
2837582821
3524572315
1029694101
1526318187
2574323234
4228427638
3383614173
1982978849
942807783
145631297
3646249267
1179951255
1728257541
412354554
2947316313
4144680311
708627585
516294642
3530985883
4129707194
475074001
2860731616
4140646497
948272571
3061132177
3199659758
3434423770
2211434358
2486598879
4279828116
130491355
2414641957
3221186476
1051815426
244947880
2789110457
617223588
3076133227
1731477084
1674717368
324614541
1521778433
3498787367
376932564
2638327665
98503470
375265996
3282629644
3400539247
167474300
402678675
1860710789
2708351052
730394168
660238248
941079914
2028559934
3135571169
2251973297
3378294306
1434134387
2010816834
1774458414
3859168087
811363977
2812051478
2476683382
4227543613
4247384360
1962952492
3652375368
1628389785
2650196389
2450536852
4102405920
3347210898
3997237399
851341637
2874785621
2281967678
422300698
3733234940
254093455
3207927133
421562978
199226746
3133544882
600079031
2121247610
2938058897
2090676769
107719805
4048332538
428009188
3887423537
1528259684
1172431124
2905782822
1952168253
2512695150
4291620873
228207563
223302026
177888372
1424936137
3404727049
258518177
117107966
3991836440
4022732298
1595773785
2375683901
2716380233
1615819644
2521827817
2229710650
2491790818
3179265020
919254702
3751687091
1489228608
656991327
980537018
679863918
2211661707
1838102986
2593466500
1605783493
1693185587
1250367723
2920208973
3879501899
2758199093
1357116858
3445489469
4060869430
893568753
1826143841
627010293
2352422267
1491464829
3185439138
2530396718
592124772
832589363
3618361189
2150805571
2463675599
3093992049
1551097188
2803937052
1026612510
2339359544
599009774
700467712
1140626615
2349297161
2189517589
2175294006
2773746238
3494625853
1739415309
1377286878
3255377401
2368454211
312964232
2078758999
1376782934
2036177178
2279783513
2837640630
4028504886
2999834700
2665608941
1638582064
3202356775
1440767902
1842239359
599538202
842430081
3007275718
2396068819
3138799280
2013149748
1886476792
892590812
893010777
3258548802
2014509800
3048918759
592299118
1982903105
2390977597
1675463766
2415693479
414954193
2246372751
2572579405
2874462971
2942210299
1792746004
3186070192
2072670806
2661997508
621243396
71543268