375177889
947804383
1780781170
3020232726
1470696928
1470573017
376852518
3709639709
3867416961
2390982867
2625801463
1069740687
2495805608
634278765
3386619618
1886683936
258846464
1509384108
4228679632
2923110362
920140742
186359927
3025784715
2180758806
1783846699
4119501380
1440566819
2148092579
111657231
4130661751
2736544352
2676583148
2195887175
3511035251
2250265504
2583888670
475442884
346535420
1150927336
3031535327
2315823467
2320163570
2490202854
785543659
44185584
3105726650
796289951
3129437044
374726768
1389737523
1632479431
2018626170
2485510552
597848404
4057759282
424570610
4154387135
858511157
3495108351
4260429038
4062964121
4147927535
3753387487
505789661
3390686521
515004745
2850948190
902480951
130148144
4142787140
4105885395
2472894612
1807196665
1858144463
3380103390
