3625569790
3703614604
3408411355
3730080171
2400196243
1674264766
2483247440
2928819625
3208878717
226233529
3925042881
3358596173
2285397196
1020286919
1975080068
2038266115
3801923573
1935180347
1194785409
3135984824
4154010293
1255845221
1698642892
4260461103
4037790197
497157990
2515375906
3820689414
2220776272
4174387269
2213449431
1715193254
4216364560
483042821
2665301876
1626345078
1401289896
645910731
3711831983
3011838568
2112330786
3200232653
3591917758
2422821933
2857350191
3607895503
2767200028
1509004784
3617582572
4275426406
1745376511
656816359
2171013598
2760904692
3870048493
2734545368
2438934203
2198416388
1794189840
1441277172
790887991
3298834129
2962339240
2549084029
1174520481
1458315399
2862415160
511896293
3024913446
3986159525
2676466490
3400130991
792980836
2402140681
1037437993
320721437
219842959
3505376491
471104154
3855290949
1493478997
627499226
3273039953
2911808944
1626968371
4172719176
3233777168
3052601000
3894801162
928829815
555031245
2549329347
3887647325
3080353754
2815517831
3578742954
819139567
2648363653
1934266576
1277276966
2847638961
2523650650
231660895
1162404269
1837803577
2333728278
1323932038
1707488842
1590320427
3283699578
3082141231
1924717987
3503623842
4203587925
3123028621
3540228997
2988319017
2866818548
1647286826
705160240
711161886
1930956876
1682495106
1732575455
3668202105
3411633581
1067859667
1581790876
3048813097
2865580796
1388518516
410082261
184338314
728569942
432705512
3656252902
3090193597
779110381
1615578254
1851023327
124668004
3571348169
412100208
55429325