2256700756
1493610390
3868231133
517577854
4281444705
222629523
333524076
637980749
4165527623
1861924659
3744498267
21109481
575870261
2746018427
353591635
4038562561
3354863869
743930152
1862219275
1748994021
219288984
268908115
3905534811
3784070659
990294953
516884883
3913844636
2719219660
3838474519
4035566635
1706727620
74218201
1019664368
31511176
2428446932
3186157680
418518846
782893409
3829493956
558427940
2044480922
3933145076
1778183303
3920470749
1738460996
2006765927
2719056335
1420260466
1802512298
353342217
2954659163
1865201711
738558346
3534137332
2013150510
3111987697
2471072113
1472492494
1071529397
2594901228
1572072502
2214271607
688207749
4288877358
1425233836
2736480992
569019216
1225665337
439792262
2020320301
4281313708
3576532300
889404632
2556689535
648302119
3524444015
1760611671
864560982
3941367389
1224975712
3420221219
387291665
504437997
1889694174
390790836
3514267364
2064013095
801584776
3486316621
1701163689
3014976750
3592355816
2621897763
103942277
3909352183
3672937182
4290656906
1558226555
1000538066
184986568
3209766750
3579617157
1080268622
3135807993
1872341081
3554916126
2708651433
1614233648
3143054762
4212230204
3377794791
2180807046
391203045
826598298
249621468
2142936742
4254822503
915085655
1350209656
1193143306
2067704264
1987482909
3827140306
