4026435879
3204821809
101104430
1671149383
2289584625
1167469197
1393607779
3685667073
2220130397
1425350676
1915464572
1376285345
2646292486
1620562617
2420482069
39448435
142844726
1617107774
44169230
3349249039
2130514040
4227609795
3545364495
3695886615
3826384443
3246020975
908387735
136631506
3889583474
4146165283
1096767229
544192946
4174091266
1772544164
2666242473
419501167
33098978
272222403
495573058
1826424430
2911682885
814640208
1754229444
3578688350
3461720634
2549275250
4203087176
2419752383
3501449845
1782823323
321480593
443457493
3110251351
1998592501
3870212571
3170897797
1294077305
3282851260
2142024154
1309014742
1062632169
2769891098
1670774704
725592365
2260806763
3509342255
1188820172
2366587619
2792545494
459100582
77423465
4202818734
2203205379
2165934941
392489863
965796490
629151934
3614849662
2654989076
1006755723
483903722
84711444
2706206085
2443241453
1629219986
3382062619
52051059
3299218252
2430505113
2941023736
1979473190
2366197698
