2767499696
4272953873
2605407383
757615606
1823524622
4225968248
819125858
1339307296
2269913079
918655921
2001688366
754353562
4055022260
1705945602
2492439256
3240096811
4008769150
2255833553
2132660427
171473479
1172671546
597945675
2279068095
434184076
1040743437
938624081
1754588693
3401421399
3974677156
895515615
172208195
127259579
4045117583
1945023174
3662258016
3936279096
3383027147
1883449677
2025620797
293135274
1717726423
4216596536
4289427818
907956583
3606028750
86262444
1459969869
3089321127
3746549342
3085262300
1745822241
2186327742
343376284
2169500943
1050739426
3640323558
46072504
4225799139
3690672175
564654747
2150243367
340244476
2564637192
2285714441
17356911
2738982721
1852959867
1264527568
2959972183
2993709716
1000981569
1808082856
4252324002
225241296
1824478833
2929185256
2401304307
2417357669
2655589169
3878881591
3797452556
608922879
4237962582
2936739550
626458189
684995251
3218801776
2789302709
2192790772
2648118023
1662696137
1402879392
885811755
3913291680
3703153325
2603669974
3619209866
895151503
3343663093
2089204425
3068289224
2279254696
3889102821
2991566451
3713588289
4241043840
2337531948
1618444789
3787405887
2093636235
2153248374
1443721430
4258307938
2428967784
2959165377
739315446
617860875
1106310920
1952867392
1680818007