2777550770
571370509
487835370
1045886056
1476956853
421176299
948543701
1711814894
2941837154
1461528270
3791462655
3902693587
2375814531
4252878676
58709335
901284878
1598098680
2911640687
833617287
1966086666
3920504604
1316575724
275735927
246833535
3366335721
133712092
3793125537
4062310727
3310971929
3170401544
2460683591
1608985054
696994485
3832127188
1989189792
3203707032
3406605601
889261031
2370050908
2543394654
2723071892
1557545466
3676663904
1550360564
3013597593
3310678851
2447669559
3814477678
324645532
3580148947
1777645652
3704376899
168603520
1689864120
3530704543
1730518531
20196105
2678829107
2980500619
3890722575
2989748250
1172112417
995841464
1319889093
3997755492
2144997342
455371003
1915261633
2238321368
3546721222
1706647192
1045054344
1869836970
3738154933
3885729900
1629278767
3123815038
1608032644
3992969022
2310846304
11525715
3428388641
223914786
1270718742
43316556
2487058900
3502733475
2990295199
3982773738
3468762795
1396971292
3812587618
645134565
3749302132
2384516789
2405159198
2111088730
3791677567
3217438463
1572786785
1497055333
1625570346
3101459608
137879311
3147695982
409064933
294526135
921927893
2670918437
3341120270
2891524683
3501452533
940836626
2003298622
3462384134
3764092892
2535815085
2045349002
2549411253
2984022793
3726406710
735173602
2670681076
4240578452
1992706105
1776809951
945633817
2295351452
3819608462
3021449386
3671434151
183466198
1751022974
1928642973
518201159
1040443750
2476684366
4257708780
2673738176
2961636497
1144081477
406611087
3344513597
1918735338
3986783762
3249780295
432325796
2024234728
3341601619
1649406685
2430003450
3426267470
2452286278
2595174367
533150363
2785732663
3551057146
3719519610
4157062663
3769629244
1301417536
219452017
1270317810
119862483
4046694564
3434724189
3697149394
2254653295
3431839003
4164646759
814956744
1652720329
898561803
2514783631
2687498037
2736755927
3445373960
2184110309
4027230149
1101268418
3808594961
3844773890
1378902180
454719878
240444665
3147537770
1388018168
3486736751
3157878508
3801287094
1463412021
821006507
936840657
3986723715
281139672
964702364
3924537853
1302055848
3601848329
1546854931
2694579517
1165300318
2611273824
3804494912
753041125
2387704312
1369165699
3022949681
1560565705
395787766
936190840
2297188385
1411124742
3439695154
3067019698
3649992486
515406040
4140530637
2848197559
599176189
21103645
221574164
2148070911
4094372608
3945861814