895346885
2102821373
1583988403
2385200231
349095506
3558235885
981921257
570608474
2146664271
2929312297
4276453530
1723443778
2365538242
872934038
897435722
4183897937
973464350
2061208658
3087340014
1132147312
3307123534
3313669943
2752816085
1343991267
1664218088
294706730
1164258503
1182220867
4248858833
400932146
3268913713
3841671655
1891802870
3016294611
1645102965
1590426894
2773293109
3429738323
3123973075
3302140748
2330532860
237772898
3919924328
3408041002
2603805926
566251958
1766720447
2163545076
4093538222
1864135895
3897413796
352393148
3714247170
918916845
636540190
3546335211
3086041381
1175169405
3794115649
931387708
3462486313
2555889912
2731946539
2029038983
3713974543
2686898784
4193472152
3604558272
1878387639
1195090672
1260756987
2891716867
3556970965
470792957
2392652279
2413188458
1561897912
483663311
2638592808
1536338645
2066645633
1474675550
721567317
1266016228
2126532347
4171241628
819561419
669132789
