3115949605
1315256992
1241766661
4285104256
1657497972
2979449742
1980662052
1188030200
1202084148
1391744058
4035529574
3317039402
4057602033
1702293681
3834306097
3111004171
3985471794
4203378612
579996302
2346799611
838244957
4053387923
201887597
600129511
1908919693
792552835
375059384
3150101331
1092972324
381364773
2432393163
210586001
2422698706
1144768120
2861907775
2717241757
383355625
708289738
4031402367
2267606994
1425719235
4003588805
3388677484
920323568
2025903536
1461351036
4153510808
128385885
2267988247
3660022332
3386895725
1072166
273796598
1528446481
569687562
1525080209
2948085596
3862082490
4099264659
1310865998
1723126303
2365390002
790603834
2737780729
3134014748
114007763
349394064
4139065863
3776669646
1913348560
2105334648
4089196231
909492907
529705397
360903128
1650310344
3384473509
2932504014
3100426636
3556579373
2226745794
3096927072
3708304532
2188503126
2066461040
3237004562
3300053432
2254583688
4088627966
2517705632
3426026301
