2243846169
2344694678
3298834766
757510872
1611227150
2402043551
335189877
2420175412
2100463737
2305865921
1832372928
1185163743
1674593348
1816129151
898491855
1115861490
3599604233
3751918829
4202668641
130834558
4188883809
2328446596
4128480026
58362192
1766770671
1417461498
3234068400
3366912460
1022855189
530388242
1357800585
927935387
3255987010
3381207115
1065540696
3853409136
1770115952
2775863896
815959778
23759289
1324870758
595679953
3419619051
1036301457
719937330
2296218021
53511528
432448437
4132387359
647335839
2524481525
2498247824
3825072897
3431877235
3318186026
3812412920
1704599842
828184141
931786438
3491267804
454793574
3427108847
3134595538
2341196516
2727348630
1871444987
195948106
1506589739
201198005
4225371929
1192013177
875495680
62866364
576363861
1163054512
541028064
1586101384
2596943297
3743710829
2014930858
2281452285
3116084595
1626486091
4026801672
1195021736
4258317755
3292050126
155116769
1567742026
4089310464
2895406978
407611071
2933923933
1367008140
3670709835
1941556714
3739182737
3020223799
1178073918
579878289
3853264511
3046191596
3372266461
3852582549
1330766542
3988969467
3463052121
4229139996
2197520821
1639581177
3868457438
738465345
1245202584
1538824171
2877358665
895441174
444071494
2765998814
3506062288
3589952243
738049803
1447122694
1048384128
2826973200
4271448073
1047961091
3510344382
2623016141
4121769475
2576891387
29840137
1444013861
4020527546
2888397164
3795891632
2486773996
3513881132
1567721456
2051475621
3141884938
3509471620
4083263181
3279608909
2379990840
2885383239
3971460418
1387006587
172781735
2826188490
3502211687
1086754058
515739885
422838967
2882335171
832985139
1793851447
1665040811
2109185769
1415494981
2905539698
490795717
2228606979
2595126556
511310123
4186929481
2720457755
3297645122
1790984241
256419471
2326231219
1989138703
4093907210
1668254948
2939814586
4093667119
2210818926
2248950948
1528988701
3963845804
3812706004
817702933
3018474763
1924152225
4017722953
944978111
543930148
2910498986
21549655
2856568568
116012691
2019343807
2096346568
549355982
1403954545
2775990317
1637980211
505391532
394059808
3918006910
1236167108
2863261452
3914340436
1449515611
2290858794
2334070336
370464588
561740809
705198635
159825636
2820135227
472678178
2170246392
2417781923
1480375308
2560392872
1079377192
3135414872
1834166525
417964004
4054088537
3000365599
2878755704
655484812
1237619243
2390016203
3699212086
3163735525
4225193224
595246313
874101896
1352911001
3686327795