3652752475
1540554400
2389612580
3130497079
2521212477
4194913771
1610295624
3592567322
932372498
2634908944
264951340
4141666124
3531864233
4026352819
841177046
782154684
958969488
2953582879
3379743424
3830254685
1025585551
2053986066
3048279744
232968997
3830947617
3769606717
3169291443
3553909834
545493469
1535685799
48380023
3679408621
690538760
3557108938
1207725757
2229306034
2788187362
3612426712
549230562
3281957158
3933944091
138905709
2948059028
1069963834
2776849500
4136068808
2453609731
1963116631
4290788876
1604340104
1001749115
2521940999
1233986991
865854979
845492132
4090268604
3869207794
2902316573
3992847602
259506635
3228514830
478072077
1083400668
3742639553
2019074292
1752271881
3553910672
552387764
1964359453
1647823279
1387187129
3859418760
4218199054
2197845068
30517726
361527463
3331194181
1780958188
2269584756
897983200
1457568690
4201399410
486026938
846579325
1407792458
1710579073
1904558538
3213606366
656048764
4060763860
3034752591
2608045476
1969381450
4250234253
4196241246
3704183494
4033354771
3839211974
3051684718
