4019544966
2361916841
2380876339
247312803
2054391128
2500256035
784013964
662631715
2799989649
3640221717
2306253928
290576378
2760159405
2144177226
4157858489
3393549536
2695508050
696824451
3364392270
3010520465
1807679175
421254883
3125175716
4186502500
225277622
1295833295
125228859
1735868339
1164467009
369570874
190811313
2578490234
24167977
4117846902
1086889901
3426045341
2030313124
1255781319
442663528
3868753496
1264999907
2961464647
3800409467
2756612413
1784293740
2136956387
3470348433
3560075977
589085871
3570054001
2408852387
3821315466
947433586
4135197094
2769210262
2666887252
2593015763
2582453852
3444191924
2645669666
933151163
3943196579
2226119371
3723829858
1138762807
1181527809
233947505
1869437805
2523514041
1896024403
1187779536
1075054624
2533471776
2630474587
1544184944
1897612641
1758050143
1468917003
3182119361
3163776724
2260272033
2780904141
1937633368
2141860498
652064972
1587325214
1072791776
2372384229
2873694908
8080544
2530876560
69895357
8948931
1846302781
3437401626
307685028
1885553654
1137963572
900980002
2165715348
797523941
589893712
3175541361
1702195455
273862915
4094623052
2433413528
268632534
1522342336
435294017
3752828027
1613313758
352627238
2462952263
3119652495
3510027320
2689639505
829879147
4284076941
3486057272
297621559
3180778562
3391527147
2642404299
1847911121
1738886413
1464407988
755633708
3897474663
2808678382
2266892053
440574490
911040992
3485613089
1068880683
4179037630
2101166093
3260368137
2322159903
3484438603
3860832120
3551040006
3146510869
2872097402
602070842
3731492787
289167318
2183843705
860851303
244560994
2167660406
3827064809
2196096259
3500809452
2640420745
1470730249
702099667
1869848590
3404560223
3676596170
843947551