3472398821
2489680328
2510435300
657577662
1567556280
391755320
3406718957
2174514013
4206163492
3178235548
1829569524
1847915136
2115541046
7963111
3592266684
3031338800
463166954
246621296
2053288786
3189606655
3584645092
36077450
3697987041
3450817351
4263783377
236752579
291670357
1048921993
439924904
1845546823
58350133
158744542
1242061553
1843099931
2380452102
1032212124
1044809040
687726573
3866931664
2820963605
737212911
3854529510
3064124320
1538531888
504345812
4268611628
2607394065
3685306291
685720676
1918646662
3737296028
3324563785
512665752
2287938043
2460484829
2413095862
3290570443
2298043182
78177395
1376645156
4187055746
2606474015
2025643537
4059729504
1470124619
483055829
2403322236
834340659
3508859105
3015817791
1306861131
2528154328
68577836
1696174677
820262686
1444227003
1804775076
