2152306395
3435936669
1972678607
1390460024
2517789462
746146130
3512860951
3199770019
878307547
4105430543
4166603961
3239622866
951678531
3768741711
1587351180
824692477
390450596
1281816307
2982292316
2824594705
176910351
4169771785
1905327284
234345818
4200111453
490318430
339040781
1265704338
1863471641
288291925
1953658321
2949351103
1407802171
1923755012
3687273095
574008383
2219921211
2116025691
340150697
3798369243
497083144
5225989
804728021
2973211695
2528138501
1263545114
19104856
2555449156
835849468
667338923
4282306424
1223914342
46363705
