2247149429
1517176204
3963760084
1631829994
760375545
2842818272
3750432799
1698958684
1967683745
3802399339
673035092
2673404174
4031412577
2725617793
171071266
1225571522
1114986356
3016051811
2224128299
2294105471
4142148942
3619605870
350981963
3115978475
942260302
3143833580
2920073578
1427128374
60419526
3834052060
3987244740
2789024260
1933941544
1332288833
593454457
424770230
2325217150
2055102099
498633004
1241335754
3653534094
3854887443
1808639676
2223604298
828850134
578442449
1392470916
580979592
977222786
3800532384
2748616615
3199871080
518089370
2986988299
2501864191
1127718337
202380613
1719266835
1055208243
303839591
2210838018
1680601935
3885163463
1475955504
3249890103
305600563
1804338645
1180313562
2933911173
3112072798
1392206299
3229625351
1523610581
1865893666
4270408743
1628651070
1801698851
706735068
2563672051
