2057472165
1161987704
2380229604
1503437398
713537462
1888906619
2695157174
2279333837
2341042445
1157867896
2983962921
4115496682
1077849306
3469053906
3601441985
295842434
76777099
556823653
208299636
17331765
1395871715
2508241953
1104626053
3857842508
3069305422
1085840360
392231453
1372095576
794228931
848866852
1336083391
302623610
2834100266
2332143285
4050893347
2034466521
2958010060
3270774954
3490964015
1544653500
1271351563
2121011170
3112816900
3275818466
3121783807
4147738467
758759912
1728939863
4188069384
1728627731
3144703119
2682279762
3502736126
2398856005
1021491546
2969927223
3660964012
4046607341
745048776
3273046066
4190295235
447843667
