3035195337
3888485367
1580050907
3855297885
655501610
2231386402
1423350594
1686180996
4115528866
2064110875
795227397
3838492236
216946823
4046752919
3896183797
874623465
832808400
2510927098
2481935844
1400911536
608712424
923705318
610997685
4110168430
752872286
1361873589
3192868793
646636404
1395987462
4013774010
3561970179
2103872409
935315944
665856046
3537277159
675892544
1987841191
2307900755
45423887
2010201921
4135479435
4278844667
179948260
3061921603
654358098
2693501458
1644404286
3441744724
3468330803
2538007782
3853436788
4264202746
3523759922
2422702668
1569652366
3863968837
322709017
3956403680
898827305
3941653163
3603160760
2839464485
2167889332
784981702
1626940411
2397043404
2865060865
3737063332
4274336353
3822806979
2232147939
3378532756
2783273223
3942526844
3465311994
4017765640
1139499513
2766162544
1562305129
336955217
2427273597
2748916266
4231513653
2464853844
1546339824
3542779127
2327368510
366024098
2626273862
2966303794
497039236
2818868948
2139965985
2462992112
513704224
2612209513
270707906
4085719377
737390174
758102481
850735186
849391094
18727408
3228729929
620301441
2264350324
1301670820
3312326423
728740722
935976049
2645952904
4230058464
369266575
579689538
414537892
327763980
3503958084
3882419462
3675232777
232288049
171931175
3229382841
4188960230
3636745049
288168233
583102524
2380246606
436326688
3093875547
3845082093
643936859
4086754448
4083255225
4276082811
38456806
1344661080
3615696161
3300761896
3152519518
4048611530
4192373304
2695808154
421282970
243910180
3175092733
3463089565
1058472577
114855471
2023072696
2744642124
1051446972
182156547
2839091321
671609460
2338382970
2677673329
4267378610
1410663150
375766715
4092507014
3430435020
3908741751
3589653077
2128788424
2338061479
2238476125
3873936558
200930297
1634945657
3688406863
1178799301
4201033688
2498219903
1370705821
1419032773
2534256626
832804601
1306934843
698882933
3965642162
3937791100
2843312354
2309953887
3334290916
3797358562
2968962739
616712794
1915961163
3102587863
3040699310
490621381
3340556525
340255605
2337555011
1901770204
4269965865
2270301698
1090235734
2935298815
1826416839
2733001295
1520088151
3554791180
3847352545
3035050519
1118519796
118221502
3036831387
3914739848
3742543367
4232744434
1643789327
1859928416
3109744362
668341590
587135645
266336182
2262522624
1294176276
4093926765
4079236237
121288665
3878536658
4111994092
235539897
1669062344
950744598
3284211861
3502070027
1976835820
4291093387
2479818023
3035712180
1888908693
1948327469
801408509
2030911150
178194926
3504323077
3921527628
4080879938
4004776263
4021732963
592304336
2927233878
684883549
20598939
3217103876
2853459722
1989532928
450360385
31214219
310768655
1655511113
1408296354
3067792863
3571200476
3746098909
507659460
1339651873
1499906459
1416988804
3386155674
3528712213
2446746544
402928915
4266521064
1309935416
2946940679
2414876991
626392425
2818151613
1330127876
3831657903
1435176769
4224048729
4084636038
2989658779
2430357594
1230991097
1122114321
1104005115
3366789501
657436600
1064185945
3199834365
3619801172
3088088509
511323721
2316670208
4205000504
309326320
3035788893
1807314219
881683164
3864198511
3878550635
1444825937
2648044144
1427648837
131857550
1511264284
1216121627
4102505128
1101439280
1650017469
1674658551
3743716635
3065669571
2256690852
1302589268
1681742758
3086845230
376108171
1201701136
3479142830
2905147454
2056061398
386337301
2013751087
1094558163
2649890868
1413175467
3714671318
1454555485
1283767560
1414732197
265050396
3215076965
3458171280
1813817037
707973414
2540460077
1865719172
1776906385
3070025440
2752298325