3774255243
1051106145
1160997998
2658338952
1700449548
484112000
2968971460
359872155
2367591495
1141942948
1826346772
328790740
730418245
834804546
4254883358
777402107
1512443529
971788838
3941270156
4062874955
170372562
3649124521
4081172557
1534702456
1358163107
432960700
3762619519
3565308962
3989911943
126486259
2244710709
1321917318
452245732
3332198502
226735596
3745733873
2531959160
1062157299
1204792930
848482588
1444098072
2494634838
3141286943
153200457
2529113049
1664289863
4213138655
2311829902
401283272
4016331809
3455536910
3493479854
305766040
4190144630
2907547387
3253426661
1660601994
524358689
1824825942
1273569194
574803413
959723769
521400404
644617596
128104858
2042784526
