3889920457
3347055064
2036349802
1134760534
3082519552
2271263465
161417827
3143911982
2973875612
627179550
1940505350
2573178499
3913075470
3383376425
289282942
1978033220
4026878871
3578582592
227470786
1620423103
3265890944
1362845853
2019707443
506487002
1043441932
3748767
528183116
1278200208
1621826906
353296546
164983842
978228678
717771341
2166046732
3006849488
3323301942
1812271319
1076104614
2534205109
4040275240
533634340
244013878
1830983350
3532625703
3490958001
1862528373
2578091436
4127090428
3826449507
2412899459
2422221172
1317609538
2047297652
1630983313
2916487820
206692547
1555781390
1102807126
3802834692
250940573
1020866452
3634376243
2679525852
3429486814
454447286
2558129173
3621505580
1689872955
416896891
2896814319
2937298736
189138695
3866777613
2579807296
4012033983
735355497
694040301
193498233
1477116607
3130449811
1880329352
288118844
706519107
2749658813
1740436708
999842104
3768550219
2304149297
719505115
1330099099
3595757021
1303455429
4091679990
701261160
3379690743
2060992946
536955541
797710785
2645596532
