844718276
2927548853
3612471339
668635460
3652833884
482836102
1923126805
538444115
1573499320
2361108626
3430994633
2010769740
2371538485
517705684
2514297853
714484615
950896047
4290011226
1925558447
3950469870
808809057
107043883
4081159331
1783522093
2604390349
3637286119
897914174
358032225
1307126996
3182765522
2711714214
4156084598
3820663790
4065842944
1706081709
2262517975
103988331
3837981289
1892730152
1228707092
3704688903
4267079773
1105001150
2184992802
3570309193
3305801950
1512125825
2855619262
2294462534
3154076866
1033484952
334541080
1360427710
93808574
342027263
1313195906
1545634773
2082700581
130760431
2700630880
1927802646
1064829911
3322659297
1766120520
1064039349
3413794618
4108615866
179646839
2806279375
3385136750
1199950579
1650393659
194963317
3976540492
1436202897
2042583660
1418393725
97594883
3536875495
2592961902
3893319851
1168070544
2104442976
586966844
3532232837
2263690106
95146909
842440950
4090138252
387054448
2429758590
315188316
2439978286
649274856
3202033018
487418819
2135200991
3251376778
303801644
2392393388
3185801462
3064104334
2600773948
1179054289
550215731
3192831934
4081276681
85174386
835184555
580350757
1793209784
1990355215
3488593177
2256953875
1473269584
3870239113
3000354580
1430232816
2273701961
807130595
4259394145
419157256
1536991128
2129677140
246376931
2407245587
2869017846
2530280069
3590305248
3705679111
3984707204
1732442858
2154343883
3304354123
2480362246
205609950
2692576694
2681826317
1581544969
3340620729
2518552882
3357478185
22567934
3444813165
3530988621
3199956236
973240125
644954419
2710709905
1192885438
125595727
4044393148
453915270
2857372123
2543962312
3283599514
2401388853
578076175
3853544086
515422992
2118423225
4256342299
151143664
674772833
4260622669
43040563
3800324262
1548444794
3155013371
2405296071
3514847331
2379108008
3929687756
1907191657
2787405798
2801202349
1073112825
1734407934
847963822
2454608665
497022732
2304049735
3559897392
1846594537
2914516468
423022859
2872055076
1263814587
3867591287
1327431438
1658188
2681650195
3370302273
2137438505
1418878840
2116998754
2810897259
2994369451
2895987601
3644321186
4232034609
799201567
1091095113
119496651
46267823
1485931466
2566640069
2202876343
1647616887
2187615663
3678698467
1846245267
1381445779
1719169224
368650451
2508667889
1544328038
2002842321
1704923928
521857084
2605919545