4221966243
4235658132
3969050653
3571047202
562317594
1010521347
2382959674
1227157133
48535662
78256349
3222954792
4002938446
1992109925
1488935390
2370486965
2306847000
1495284895
2547551137
2361961316
3524744966
1959984613
408557409
4217198065
4069839907
701426595
1756599753
1235826422
3164820111
2025869916
606577898
2531590770
2733442012
3640767138
402948569
2873277971
4231760056
1156883548
865745662
537039485
4087378882
60879925
3787162316
2183336570
1435500066
4222853432
1191857596
3385039632
3803070611
926226735
2731106890
998171362
278325289
1125275321
3639533250
511181506
2951985022
4227736554
4019151727
1263935874
786106661
1615007868
1147175699
1879498472
3411595703
3211284568
3680288060
1389430411
2336810641
1766425531
3179220203
2397630121
2773983938
4031660252
2409268563
1302555186
97348797
1874242335
3489642418
2669785473
3457339086
6988102
1839657932
2201915133
981630156
1954527563
468546251
1486673684
2094607476
2714347413
3132945719
677931423
1564218111
3220945681
387783556
3384009373
3602816226
2449226175
2505523095
2347918228
3697979489
183340041
1783091051
3599780268
1313770528
1176062641
1830318005
659980555
2422156445
3088984207
198511637
593523128
2408798753
1765013474
3001539940
29754599
657122621
1735771062
449017150
399326601
4146406248
3842937153
3334772091
2890234118
2676732663
2865424081
1407499177
1456418115
660472473
3642747132
371169350
1907929571
4169929114
2802246842
1092424262
2227993295
3043198152
702443336
3407238512
3621332807
1273524642
657223249
438387424
4156530895
324895027
3578347463
2895703972
926145124
1096509632
1298819539
2935581256
660201716
1040590122
1062304734
1664044428
2545399220
3022559808
1256456243
1485463801
1616791572
1510839579
145555213
2707941228
1388417728
4067634726
116631662
2805274144
4179532926
815066066
2274084479
3752895738
1280065238
2194817511
3860032266
1167127607
3870289797
2843787300
3084717331
2362151947
3009449875
3568012615
2630286704
1903178136
1189319132
2619152409
1350464109
1522872053
351964550
3524609727
3122354523
3854595185
687448130
816331409
3577380787
2158849491
3240668258
2531985568
2911164468
647422342
447523419
3905250938
1752810917
2198838875
1969512393
1344952937
3428764720
3953270564
3177672264
2875994367
3807663184
3755841080
535673838
440798163
403417512
2617358667
1909008470
2043660270
3609003199
2059806117
805171590
3152393769
1539439476
609373683
3958250494
16281043
280222550
1834820588
2730748472
1542449722
3967445412
1941341437
871423713
1675305801
2840451332
1142391491
3252105866
2861140978
3952100790
4177997799
1828857426
2587005873
2257385468
1804197191
1361980021
441826661
1078863348
1428659140
805640182
625021278
1657839329
3198123969
1303888455
1646597344
211845275
2479228796
2782399453
2649333735
460758077
800737019
1109134892
630277859
3900835165
2088149187
3216086637
3662651396
4067593676
3834710805
1982779706
3988816986
3946392266
992887256
2645098916
3490725144
3489608776
4219614117
3418350215
1747461965
1258725549
3441984304
4143333203
3936253670
1504598479
1974487024
3378733785
863947438
4172421431
3077427160
934174720
2904253103
2833122282
313065653
123342724
3905559743
2304082993
3777068350
4090602508
359800472
2872628296
4269626785
91368835
4231059611
3059505042
490641479
3509523724
2587738510
1938892657
2644561276
3507513063