1628319905
1599306749
1089258395
562863295
835083244
1353938546
1626362114
2467922655
3241439001
3168560212
540098182
351845542
640176055
2475092993
2118386803
36222114
2227009799
3557455315
1239912945
3123048095
2729565492
3668601902
3436447702
1383197136
4260265222
3498861948
1073319107
1311496504
3322921435
2032164492
3795270474
3468726861
2375068270
3570967805
2511425809
3904417853
3925672018
1465200367
825158570
1295839573
4028551523
3951795818
375953291
1282648830
3681782989
453556410
2476349619
3087104844
4066243454
391076657
665659685
3892377810
3051711193
1497633766
892484994
3133628683
2772783010
2792592691
1053006
2181524947
3737923484
1948304074
3364980532
3741474576
2063867486
1860365744
341740464
4264961285
1488213591
3128400490
4167592772
1834429110
2768527774
3645951335
4165426692
2106442723
2846011475
2838363044
698976160
1257273113
3817519447
517540855
702439544
2620278170
1618654773
63686012
1366845683
1503372368
4159796858
100058075
1925749813
2217941129
603361160
485997166
1976864427
3074185206
1048073204
297549667
489994156
3177056145
1308575192
3131584572
3773563837
1084806620
2349075899
1329816343
1323516147
489969992
2186896180
4017027983
1405265248
1087391666
1458791869
1232681452
1117203287
2831834503
273715603
2096169455
165507295
1299435005
3704350613
3110943141
2870991030
2018502427
3095671687
1418599861
3477551381
792772388
471602081
607750632
3613801546
3801752959
2809732204
2442163435
4193690904
260347567
1672183050
2493900422
2781781739
229738320
2041021864
1647707559
4122515301
449406756
410830044
1485589071
1223493161
1581234656
626302838
3481249125
3192827557
2551770652
1772053658
3854279453
1391622573
1359196128
373220515
1580520902
3251900750
1154318785
2580091251
1759846582
3836277303
4212242610
3324141286
2347649537
2456954307
1280991013
477349763
1677878642
3636135112
2536003799
1205745802
2672694539
222327869
4198210150
729436475
1302642724
1752394136
2849134553
3428721510
2933051071
1732610167
4065241150
4043108839
254028888
726397246
2746512035
2583668084
1998492285
2210521158
3091378058
1476168114
3250642271
87728414
1637369572
2801792951
1443651137
4226214324
1243763727
776555214
1002003626
1633273993
1257563378
2836551699
3680127521
3284138678
2675119074
3497905226
868304220
3314214920
3859262434
4284229501
3310414066
2485681302
1096414048
2046694046
32460009
549631216
3400863681
2519697596
3315512534
3136150747
1849395876
18952213
3944686398
1289954323
2543075636
3214896032
1104575701
3956333189
1007308236
3065402362
3377281065
3026869612
2627308765
2571915207
3309107607
3276164516
2808545476
4187364105
432207646
2485808202
1820346809
2136502334
3697515203
4120922602
2326461510
336370063
419269083
889184981
1971465457
4077268918
857427704
3604261686
1801777558
3002785805
2048080026
3937857175
1233344673
825563262
1757119090
3183005402
1465467932
723569651
2123710110
1542542491
1772195523
2298434715
3394730343
3024193877
654337956
4060983581
3080324678
3290956832
3541215291
2574384788
2076938368
229423476