3639469137
606168858
2503543200
168072214
1568288219
1458192826
1080527265
2862546441
1372533361
2789298784
3885856766
2267268613
3411513955
3748757172
4009806467
3958883559
3107020756
3767953726
3088536364
1032477170
602439910
1314976587
1964999422
4265167313
2134256093
2979393329
1953685830
829129639
314267437
425809411
1922150209
274902338
489735347
2555193823
2735246651
1272693482
1544188135
2612037909
109159922
260808386
1930163559
215907646
2524954392
1110578392
893074367
536084209
1992612131
2598990439
791170121
3945191893
3169851864
406866846
3803023874
577574806
2292296335
3613944547
4235730604
135221208
1154579560
3333199604
3063303006
3989545903
1295142088
3159722408
643774809
1942740306
3329605458
3728602885
2435031440
3451281263
1456403570
400416247
3326580074
1801081547
3829326806
2115696805
169199685
3838313845
3445279175
2703940045
1451159009
641753750
4171960289
1565772784
3330803281
4053495255
1491594095
1133493981
984124462
3959021770
4224538423
1039637046
2880008205
1335652762
2602339032
3204034647
351717951
3984635055
2057037971
499848511
853209575
2881669150
2514753701
3352095625
31540215
3329482154
3611881908
1574211365
167908631
912827446
2383651664
1388730588
4235412400
3808565719
3947479290
783712792
2326919166
3774559346
36809106
3219370365
1751836130
410694550
1306950359
2179372557
699719361
294988545
3102545609
615143054
122288794
3777612701
66099443
1223918648
1721311053
306747775
942396613
1703922340
3202060485
607515182
4214147478
1792105546
340575962
591747934
1161630612
423489912
2623523876
1266985091
3293315880
3402383653
2429083661
4134152347
361724980
4063377979
666799754
2717931374
2662257990
2390141944
2687469753
500715577
491177164
3933973511
2062079723
405046663
3647193811
1704735082
1404567981
1572776563
223069567
1096234594
2442847260
933656257
2158594324
375144870
4005186613
2831132931
3748799119
888511273
3623231357
2503202918
2449553226
2330453584
1949906686
2331110051
1330179921
4189348255
1255877950
3236008431
4077665579
241267395
2480248016
943294721
1769580845
2677296483
615753366
54230485
2374082940
144970354
1253373250
1255966661
219828673
2289336055
2885847970
2512123133
1593402584
398504451
2028268968
144529558
2169444221
3903547249
1560483915
516878466
308652910
3379294316
2351128302
4263065892
2911858611
1130253173
405816319
4183720220
4204400103
3873516835
2996007444
494776206
2661986264
1805315125
2184379744
3038995318
2303581744
2844692382
2634008263
1997478354
3178874905
2345852011
1259891005
588445301
2284274508
483137593
1149888789
1499923054
2167527321
326561836
2794255423
497375578
1552161615
1278982590
2190684867
1283170733
55764072
419280316
3801744476
4194238171
2052324722
1991389139
3167484345
1324528789
1788596812
1829305581
1874749315
3006496675
2573347497
3095336768
2835977229
2549165501
1833700192
3924864317
1109125231
2486471296
2019013962
3970508261
295876317
1559697220
1139739015
546426559