2491332713
3499207488
1831445956
441518828
3193882203
2883229459
2787363846
1550795593
2010402706
2652352463
1738149173
3162279664
2089470761
1458246426
3829793463
1498651507
345118583
743352326
636683467
2577262817
3810381377
3929603432
3498050098
3310610143
122167420
572775060
1556542137
3482639834
2492818678
2896093609
69542375
2788623398
85265829
2383905090
2352135230
412540934
1132298408
3639649817
4282917988
1859148015
3259314716
1488874302
2147801377
3185423801
1130000956
2892051833
985662531
3291251826
1145471388
3317276436
2728305960
3814126327
623628200
1296657858
2430876049
2766505153
2163398359
1935185759
1520592685
1849106825
2901698546
3152303376
1810756022
2166834060
1080258567
2733828372
3140375204
2540817760
982141793
2987944476
3302679936
3745982113
2480267934
2625935819
303169689
1118898035
1715457872
3720246821
3969412617
2390550422
2257080576
1143588619
2556559647
3233879045
1990352333
2535051055
1468646284
3716596490
3386925128
2997008389
4060645984
2314225762
224716105
3731955408
4187357391
2697556929
2138446611
90302414
4027283789
2180350348
145846687
2514935008
3442652831
837522563
287115143
811803119
1147473674
4157042946
947500101
995715362
1803287577
2155346677
4124237408
3086054872
1585607026
3153566508
395300746
347626191
2275213920
2103020731
4252048755
1132063907
4279870317
99542747
1917878015
275637335
3490361756
918357690
46683652
1381820909
4139780265
2638465288
3270339621
2953575648
3047613493
2256449451
4261767948
2706094580
2422095940
892604127
2563135331
1183457757
3236582310
3963363163
1967858379
1229480906
1627828770
4274235398
3818994070
931722809
1903076620
1622853623
4210999958
827375712
2316756903
154218284
4263127776
1156451344
1116799964
319920778
3480528833
1637486130
1931368572
2220107071
1876755569
2200382099
4050001880
2715809063
2339059523
2998148049
1891079486
4139684791
894427579
3747098340
2077761696
4096989730
396958076
1267699978
994947975
1402421019
1279297705
4171865650
2911096549
362203833
3111085840