3975239752
3753001340
4025397700
2579093625
2033904433
3576029927
1723794232
198763222
3941384474
4194216847
2900235050
3539646589
4212533047
2077955107
946746053
1359350955
596912991
274771716
425952422
2892432426
2906707329
2381367379
147807974
2456793415
664843486
1687964741
848916975
3247943571
2168131437
1028734766
845760643
3740791599
1433073039
3320216174
1947246166
2578173890
3911870349
1466977789
881859020
668988060
1428164720
1638956711
1241332090
543834980
2654248115
2471540997
1084513276
3409137956
1416997824
1143991787
2699772252
1282139353
2078036548
546231052
762265366
1876821114
631362318
1528242537
563597589
1482106760
3403201671
2912172532
593011000
1458015361
3949842505
3959520537
434970592
3488284125
1865290019
3857922193
1497909380
1254112582
2084835731
1740162114
4009198773
2172342116
3765303401
2900290459
3490152211
1966024249
3465889965
988243813
3139957040
1818075645
2552782465
2202804707
1944489124
3224796418
618356095
2943280098
1913613496
2189279275
275826110
2536582759
3136755259
3778781925
2272563897
2086150330
2665277312
511277676
4106230134
3019080557
3385938346
4071956960
1411749337
2342892737
3937980739
611735993
1938114451
1730352454
3299955579
2439310045
3104798538
78976320
703790775
2648348325
643161702
2076871450
449199283
1407122263
2263309842
2692123692
495953706
389496315
1531009191
3007282184
2297556174
189572627
813345426