1481739562
656303935
2758292496
1282035169
3007832029
95024110
241550245
3146609970
1327802094
1146539863
342053304
3017832166
882156065
1967041050
280407078
1656446255
2789990313
3326823971
1701964458
2223769276
916108851
2184403133
374499858
3787162254
8781862
1207210300
2682625293
744186550
421783514
570721757
2204153274
1078825206
3176771698
2481892384
3037152525
415921757
2122786167
3708775037
94634932
3007745455
2955091141
1459788752
2928799907
1458883284
1245216055
3612633577
559364704
3541603921
3102853546
3729323585
1192977097
100093482
3996232359
3630018707
2837412312
458930422
3817079608
1431743529
1094223361
3776635681
466138546
4238909925
2573002891
469400779
2426242198
916403157
149783541
576223797
665564770
1277514823
817992442
3638137149
2795722600
1535309886
1127551170
1466389162
1956124649
2603829767
2520639634
1532801745
277677912
1816330252
2345589392
4866458
3723276047
2825758480
2494397186
626373479
1746298678
94373698
3130045449
3448782817
