4283808888
2269197948
98811061
2838029147
2486692108
4260649446
460784720
2066209215
1419432671
511957716
2093589833
4126943181
1498977719
2383852778
4060819804
2916160160
2615596414
261378269
4069082768
97983776
3889140667
1725995796
3973475643
3078678085
2243778456
2897341313
1982584523
2811608587
1587252767
877581605
3292438296
2977585515
4190942642
1368693148
561068912
2695298455
2483590137
3899501906
1434906308
1107541556
1565099848
2253813893
3578925905
3707233442
1538590926
347040807
4207015624
3564698311
4230384253
1626074148
1486436437
1014203429
4270599752
3151298884
1095597257
2581432200
2514574961
3595707782
3400510319
452622583
1449923319
2359940087
3767333055
1390951357
1337648550
2129472482
1678922002
3887661415
947224515
2032582439
3053164142
2119942399
2934835227
1917822759
1460853517
3602945500
149782800
2069482901
2685473496
1396867246
436221090
3143082012
1461540130
2774531072
494561707
1735841265
1214764616
937898520
78170684
3886836270
3507015224
2231628432
28670479
2862966311
3087042624
1560351290
2819413479
2583728183
823566330
1008001155
3306311864
789559795
1422931783
2945752590
4192768155
2343129631
3691337990
1700159563
3685385224
485908248
3008225586
2206363159
2048774466
3053031325
1669998433
1014983840
2658398155
27674073
532449659
2618686523
2024296516
1690608195
3059493053
2591109565
1325108217
2531235767
3539123996
3210706887
3380820774
3841717403
2222984085
3259674113
2926311221
855921333
2140654116
1761167644
3399903243
439424825
1349402824
2720728162
2350857049
3864592185
3764349764
2613631670
36165457
2558677995
443949366
3360278016
2529140160
1016715684
63437026
1409481012
3140058548
2324899464
3999877094
3805241970
182428721
3273450432
2763294410
100935159
462777153
538885985
3316426261
1274593484
1125162605
862057109
458947443
3785995344
3162217034
3756448729
3125627618
972575930
3343915758
1555974431
3634788146
3785128925
3450783213
3598105598
3203235071
618470688
3407728384
3106456497
246618334
1154020251
195358571
3325222885
233635736
3912032894
166218768
3355496156
1931138795
3228437600
249251213
2923063005
4048630683
1066013336
2370307571
1330015627
1835489872
2229941430
4163824545
259678375
2296431843
4184552958
2182458803
3630968533
1817894280
2031841471
2571162732
2651271902
1708502901
1618278347
878585088
4085848476
4028658962
1895382541
1873379330
1995496135