3389224424
2369535370
2561380840
2656017778
2047407261
4002149487
4290918192
1142937659
554745158
4203136825
3900380591
968147843
305978279
3241288519
1035090675
331531779
2249842356
2465109467
2972277783
1650786126
1415094430
2386716201
1963605271
3183190220
4016184082
1484934092
2006876583
3125423664
2479489208
1820159714
2811274890
2268185616
2610368118
1914191250
1307920304
129158724
1315831832
3102717637
3885379807
2665640683
1971327795
4000078873
991422004
3269373945
4000143577
939950483
2078849871
1854856094
3573822381
1211049609
2034827269
1246254609
2863986173
661501622
2840138549
14678806
2107694385
3410643516
335633540
2077350470
1867014156
2487085657
3909957418
3382590316
1555067725
600850839
968273154
4048506366
2789979578
4244636242
3176869977
3871928849
644217004
3326327850
3331847147
373468719
4150511121
1260390877
678071936
3127739800
3334676121
2501367620
1671104742
3961653462
1077884417
578541722
3157082314
715653102
2222045497
48064689
1936803575
592734920
4158900286
174564772
67223769
1877973201
2964098828
205463571
4117136058
3848627498
2655590704
2318721550
3184024466
1593660054
3111214315
3738309788
1928546072
1133863995
2566857741
310530187
3741626467
2648101595
334448145
2540708371
3854869104
2175377252
1092580238
2131295497
2318295023
1948665571
2089858199
555695835
3779748689
2833698099
