3705181261
825716581
3254648609
1877177778
3380921728
743901766
321980891
2911811272
859752209
1352003948
1525331143
2264052127
3117880055
3462491799
310170651
2859834445
1875883819
389530891
2843665917
2759241330
2261923190
3091835052
2222806094
4046448435
3027526863
2679211251
3645127947
2359966041
1003110192
3214800879
395954654
337897374
3423118009
1030633556
4090539160
4058674190
1893359200
1040460128
1506758893
2543262820
2601533886
314146267
1458368408
543834275
2169285032
2237676884
823980261
3371968086
2749640434
1394792524
1360523679
3871460820
3419311555
3958772910
88296028
1804679694
1328142842
107631913
322218978
4030486769
3834529987
557907717
2524956119
1621991622
2074825758
3842179122
1373814762
3648252271
2762454109
3563018645
2688052291
2829045779
606199810
2459997597
4020125512
625612726
399413770
353645684
4261395
2882941562
37256554
79536559
645030779
4144357547
1891077628
2400428753
36948478
1219922673
158165414
556102042
3038533116
743680642
4236576670
939753898
2442828950
3848475932
1175526616
1385526518
138983828
1983484606
4148490697
595879616
3751547216
960454670
670280087
1918121260
4132844178
3689034411
3669611774
1712794861
1068063058
2606510273
1198959462
1425574887
1612270029
1623253253
1664536416
945666767
1609187251
378739062
1243762383
1375933708
2768094297
2528017810
4015463623
4190146661
1771851230
2178126907
981183301
1680356861