344189611
642101466
1208801721
2430054835
490411364
2321761305
792383110
2104086516
3500896271
4236842202
3367266793
38486905
2008730774
1030938409
2918846152
826689627
2571961800
292907624
2598651126
1535982510
2658079706
2303258257
144689183
2547043488
1847517181
444727263
22969494
1893520052
191176805
3182513578
4271603585
4267870761
2701289140
2326617221
3722271547
3059551165
1338318041
1278270793
1872976492
3350510243
2356424143
3894265357
3832691910
3194861505
3711121992
2532225550
816739642
514401972
418117814
140833447
1910219818
1091542291
2898246209
1275302980
1414163009
3839287197
3915056188
1748258233
3520095274
4049281025
1073365191
323777189
2831770736
4157171519
3929327903
1364938707
180153384
523976294
4189577
134288571
2479792361
939120265
2939301510
1542179311
4089708250
1502212558
57589887
3831627971
3161157778
3417928472
1883118628
2121703968
1799961138
270688546
545639382
1433946304
2878299824
1691124223
1170613394
2939810087
3429118882
2050697353
2387654629
1606157044
505252554
28916439
2993556814
2335623644
3306030140
1461729487
3114592723
1682154608
786326176
1452960717
1753597559
1878049490
2442594243
2492567504
1993639016
2741757591
3963133598
3431127873
