1596309192
802406085
1191363045
2874500443
3113638691
434792682
463461244
2194187101
3091499430
2425901908
1190865590
529898818
582041477
2754342355
3589182453
4041860906
3083607074
69792807
2875369635
572089920
3657565310
2873355049
3422567497
3588488571
2304138315
2166044315
2361809319
2904659394
1608450999
1821745817
1497112642
69171525
3649017629
2874781116
3567414411
3530233167
2332624107
3166672561
489841245
2406415282
2952822793
3339374686
1323627735
4092854949
3232711402
2910450118
2440822982
3594727666
1864642080
919932841
38155287
2231626800
1370643799
3281707051
4171691539
1254235259
2610144875
2288139522
2395988154
660022587
1824403043
839251906
1791175244
294943075
3074950183
1628320405
3181923942
2765045398