3830913390
2539437274
3161897656
3681756766
4109793672
2700810181
3132774830
2920761972
567447233
1450337307
2589027225
3756787457
656487748
3534019556
990484229
3752073604
538839772
1489883124
890833619
3422059200
102898934
278869269
2962939104
2674114340
3532175156
97044180
404942474
445123232
83799852
1706688028
2538805547
2561965696
1983140906
2438627077
1240112139
3777653432
1101630233
3219379677
2577077455
2069468959
1333957198
1404095899
2010194307
1760657464
1468563868
4016013614
2040752453
2975883395
1573981245
3259088429
1716584532
1900143006
4004976285
85981274
2385974328
4107639705
1593423444
2082739237
507415571
374909600
3775400897
3680721435
1496204296
1975006398
1305363216
1109490567
1942207883
1978319382
1633976541
3959834586
3550375869
2966600859
2299190062
506308501
2517297186
2792985643
3136357480
4152882682
190965739
3461322944
489315805
4162629862
1182413922
2325106269
1873593756
1503125397
3532103909
2372204078
2879339329
3831251829
1681048619
2478715773
2127967381
4083493635
173313405
2179336221
3568055575
2715628649
2119229814
3124548434
3267987477
3580181926
3279486347
4022052665
3547063932
263373944
805420087
512455015
4014049084
1165812665
3082742881
410959453
3890720370
131736070
532602926
1287090811
1008773544
957117219
1798350169
2001612123
1063898571
1896679067
3853416786
316167779
3289497731
1400657573
2517907362
4292587023
1722867741
1849898203
1715142654
82076506
4092776204
2322232415
533411389
143072319
738036342
2196098936
4202659099
3617776628
3408128351
1972822681
4200972090
3318091951
3784334372
2239379562
354736409
3025458581