176428474
2343647772
1184533493
1585106311
907198819
1150281354
4253187191
883001824
37040917
592719392
482936951
3596367133
2772256281
635760179
2249388656
367828236
3539415847
2967474154
3629448168
291060202
1495029364
856473356
1815884256
981071863
4207589893
1684598855
266103317
446073767
4004675436
893577915
938858964
3446932693
3153400756
2091721683
1049623831
2867419073
3580518017
3672941390
3335792700
537055351
2658640802
1522538791
2878746891
3583282549
2165248031
4007787012
2296625316
505331705
1847529896
731596957
922971152
841388438
367836389
2857571091
767429127
3865814495
3013253814
3212668273
1830814577
2522673472
2736957425
1055055186
2342257959
227472581
1829531671
3874368383
3353410868
3377630281
1599045181
793025863
1087627517
2546357857
1038785560
409792576
3564849633
4071179995
873372768
2225463984
165469361
451533382
2497309814
324648874
3881558510
3048477693
3232384549
2175107238
4238623296
1658702144
4140586468
3877070094
2631354155
1409034018
1465768476
1409753367
3886091869
745333345
92995821
1049748529
1418661477
3086001895
667381812
1728859929
2816993828
3245154617
2869144670
3807349019
1432094606
3446601263
4266632983
3016916328
4167817171
2900775170
1285918452
1378645661
3867155110
883066188
2660937688
1884333996
2909658182
3637160309
911421799
302809971
392889569
413810345
4044172291
1501882816
487223854
1113979039
614338537
2710703620
1274342101
1918831010
3551568215
3672958568
2225394357
1567841767
1685915326
2803976363
1531097903
1716074471
2345754900
1437938389
1355011505
4064107532
3662695519
3613615548
298264434
3803091223
3936002044
3989769893
66176773
1886414612
2536175236
1691231354
4098336619
549735117
3510210893
2264201
3281489864
4201188859
665771291
556420248
569835755
2305412659
3271991284
3838335899
2615572427
1233161758
2842585231
4017785105
418328991
2417013476
1194819745
1734574904
3852388917
1441459523
2514628375
3474653585
2341466531
3796877285
3927391746
2748881830
3675988811
1260269541
4271455269
596864851
2197007224
3894728519
664676380
268677003
805638425
516169373
32960705
3384573596
4226985742
836970269
1270488089
45701763
733819476
3593666450
217355162
4208788118
2118529487
2183701244
1515801391
1948745245
4187676339
171366104
1140025481
1641999527
2191865530
759388420
1824533955
3292085392
3773078594
592882504
1577498804
1063398013
1101886872
2663037566
1362609601
42203656
573575010
3521453703
495775846
881558907
2922819818
2185845720
4148651946
1928711189
3943710343
1898961182
3107218507
1602479900
3054603550
2669194437
474704874
112797275
1400707514