299146517
1566954628
1084207378
150046109
263465540
963839347
83617381
3881045901
4260876923
1140561854
3451976330
3009896143
3708582422
2904301067
2072150005
1926825912
1989676239
950212271
581891767
10631126
2655355242
652577281
1242828038
2216346539
1294786084
674452226
4211851957
2932692708
425036075
962338281
1493427320
1641018606
704063027
1178192586
1247460515
2474141226
4199276585
1092521439
2157372105
3651021035
434844173
979030472
526866928
1087108002
2344758497
3486388463
438392430
1603250851
