2522015980
2903167228
2280225692
4197824342
3603513586
721775842
600714199
3418458703
320047757
3252614841
3407478731
1746232175
682309030
2236276723
937382673
37435622
2342783190
3080948160
721880861
2752322191
2293104667
1106722221
2904090157
1090886862
3215087355
3603818692
4237585816
2970667501
1759612013
3966347079
2373568540
846692
155545157
2013482737
1358845544
2540921973
1058611331
2527847937
3335679776
4132718577
75525089
1184621048
1215667283
2287238024
526779213
1592648010
814162308
1343066328
341552311
2651030949
3172151402
39398483
1426727652
3114154885
3978396976
4010921138
2052294401
80304624
226190529
2364038684
4063795542
3675711413
553136180
3235725274
525706754
782491147
3287329060
997085262
164040974
4066063107
1921485747
1147610285
4032337431
3482225038
2739633508
2497729205
631306318
1998131860
3327122799
1356497110
468133772
3023608473
4026537901
2706601768
313308479
3648653293
77819853
1332496621
4171645710
2253938065
4184622850
4153781306
1233150248
485637808
2519538488
432549240
98536317
67348172
