3357728970
810974708
651224120
2655663962
3353209121
3374841061
69855670
3814840451
1146895615
398084450
2180112422
147725934
1404685634
213679863
744414574
4017426292
218966781
155115967
3794959689
373313432
3912025089
2715830675
958318320
1759568339
3161390699
3479421238
121921533
3949776158
1423337447
1625566569
760635090
2559057886
1494630728
2506825688
3036358088
1170748817
703576809
571179274
1370802057
1204739795
3201334860
2132275174
2812454210
1420499185
1789648776
3068011267
2263214302
3704820731
3016979853
2398785582
964337194
250415625
1893374195
3500141918
4116449438
142395777
1296127055
3468256750
1342297625
