1647312942
349424508
4159674719
560325844
2978590497
201044586
4156757595
833584041
678153066
4080254326
3190680119
2296290354
1094573246
3246580401
3090521110
603841766
674511839
314846753
2384278813
2455704771
3707196730
2513527735
180512818
3842361101
1190412250
3514211819
1410416133
2846026139
27592339
2874252992
2638987650
3376544007
2795294359
2312191609
934307311
2256597769
4004988853
436388686
3012916055
3362729091
2153651910
1426256430
2328254268
2955399529
468145898
3945812165
2794070938
3932551511
2967834598
1571440897
3134391652
2694502240
885377873
1778366680
919317446
2052429909
4117907544
3757218628
3850629427
2003067148
2711292765
3148260641
1696442672
1444299070
3757212939
405470638
3944447438
664838607
1845309016
3931413499
4034800907
3897605543
639567031
2197530318
342302367
607302290
3744270608
1446910977
1594358113
1512848429
3149350427
3818125252
