3979075568
2794712752
1841351733
976866109
3975078231
1712148740
1371891569
4241959667
2010269825
1844563527
3590386570
3233432306
741835662
1263446782
2500268702
3440458125
2326228683
115754341
2641615115
314368630
1642843923
2299196233
304343092
1134208504
4150302369
2597822269
714329459
3347776893
2808326532
2236756625
3684789351
3938084795
2286817604
2433448847
2408006242
214021418
851697872
862347099
423871837
3006509510
1949796043
1832625855
589005467
1896645333
3779194430
3311579666
3459929941
3873507922
1884360856
3813036202
4285470644
2814387206
3768959718
1049294393
2804022562
1154265640
1953006405
4261758503
1741028608
2059986084
3488774360
2397558596
330762987
2963380773
2277499579
3307487502
640142068
1978401908
4294936079
3699027392
15616358
414524230
2998559744
999502495
3997547429
1113071303
2483291843
1546093707
4109707349
3597716294
2959106832
4208432659
3794218982
2088514856
3314792323
2229318717
1579953820
3564026828
796403019
640544444
1827988859
2008647613
3416321548
350817098
168179841
1284728722
3496684215
202763556
3925195299
1571150959
1958267285
2800223828
291592889
3752625922
1251242550
2119838314
3142999759
1893725163
1340347305
1406815702
2192103370
940911030
1029231617
3995592573
2572555423
2923936187
445134023
2540060060
4207159941
2658698585
3988480606
1011667461
3058445554
2390517619
3252060366
3730824677
1948419676
720288307