647720230
193121557
2620262965
1096444284
588273092
2565628834
3181636184
2882693919
3341032829
3819519902
1256369309
3986151116
3886990305
215930189
2764734383
672241518
499078270
862937012
1965088453
1186189846
1738901045
1015816759
2662265250
3378197849
739905391
947794482
1096554589
2236036205
1667103084
3204896875
3060251225
1816016197
875353576
1166245879
819082152
164492043
177800183
4289260049
2111715484
3660852201
1555624645
2060971984
4046977464
2512891063
642375435
2477505653
755443468
2173267910
3588070809
2373498135
1257195866
1096870478
268821483
657109531
3498702531
2501626133
677864981
1443563521
711393362
223770393
1512862050
2251828706
2440057429
1745562956
2746761196
413614005
2748310955
4109437866
6457225
2658703114
1946669083
3094631477
4144338557
3474307500
55996265
2362882737
3429913216
3174998142
1675210719
1382845500
571703605
2700350074
1804605206
775635130
4278386448
1255655066
4184269041
1929730515
2567149906
3702741049
3522571960
3829518362
1320424338
1276979759
1087307365
1126755504
2411326023
2395987414
145823445
396648706
486349570
3816026707
3102692587
111364819
1650753764
635492605
1596327748
3640360592
1960196448
2136267645
1102875792
1283933176
2560957828
401144475
2081765563
3310569465
3249635091
895216193
3652238815
2132292069
2090533757
3805867143
3913762573
3044820721
96682114
4222767411
3912839558
2625032365
3838765540
4002434903
1428629235
444507006
3710291296
2461184958
1468616941
2689123921
663204657
232799970
2116333860
4099753907
2850779198
2981617432
2975739905
2667774745
2864319202
1641397212
532980997
1957616206
984678947
2462101495
252613836
3455283780
1532922117
3409140707
3380859617
2514920366
4114001871
648329243
3175621053
1027141276
808695378
1078849667
2912971946
2967062852
1225048367
4086809150
448645017
2125148422
1040732255
1853642376
1270927596
4059570752
739901656
4071864846
3070372708
3983735748
646921486
2704631873
1986754701
150808003
2702401601
275296056
133434062
621729063
2583091042
1745264789
421928702
3191340864
3485094361
1434408016
3800476743
2995552906
3288731595
1460627340
2032380949
1199295187
3002194160
1162429463
406576987
932793698
1112551530
2530773547
3679393120
2664553796
739009536
3675503220
3568303
1650177575
131159890
2529274142
2501226788
2239970582
3864559577
2578947894
2260735158
1241743296
973996142
2004806702
2119274098
3380874162
3345540032
3479014898