54731388
1655947881
2603182900
2702725239
3078146405
2076082301
1367848398
3999302753
4270968033
1620552155
2408462062
436181163
3228978546
812391654
3888032557
4174730880
3094874345
921115143
2180979691
2863032839
560694942
1906270391
2219819042
1839366313
1862795091
4057402807
772119907
1878648192
602254471
2629367911
1090937532
3608314817
2896101408
2021945655
3854668939
3359276289
3411839242
3733232959
323932547
1169837014
1908967217
4109039309
2769765494
4058569295
1747455669
2827616551
4021158257
2162971374
3852614539
634130824
1221880841
3774105329
2726101426
2591391020
3650584159
3308101251
3373596872
2510447975
66093792
740505439
187114863
791829045
2866814502
2950238006
2253179710
1096478495
1910090605
1170426787
3178993917
1566634469
1896120586
3710809976
2242286360
3555370465
1083303500
2615986949
3972494998
2409516340
1967337012
3395132984
1293605435
1929276581
603105935
2164422734
3099133221
3368395956
644625498
3034748001
2865421930
1866137095
3237909089
2481237407
3069420551
716323567
713616987
1945524030
3641268103
1884509328
2976922930
705515409
3957290963
1373312841
1442100701
2344197313
1002112329
688304799
1376829038
2244856754
1801040182
4168655891
1748883163
901392106
3576159805
3397820410
2656064393
3931738631
2532513194
2539526546
1302482997
554359464
2802020608
4186762626
426743622
2182046963
153390565
915969140
1742069186
2440930580
488267262
1249662493
2078362433
3774679310
2176151218
2894736315
3847717556
1132722549
667439137
3914192477
2437744570