1836457645
1520487936
1873647147
3665891529
3778576238
2398057549
4017937280
2106753241
3080387841
1799856972
730163949
124159342
2542796746
2393221769
885836254
37105347
1684594495
2793662100
90046117
1364118425
133425939
379686572
1869740323
2414264119
1202463380
2559072681
3017192088
4017267334
222544596
1292468145
2230250384
1299366676
2657904318
958909257
2958355146
2033851159
3423813492
1268196263
2297067368
1878927038
276390434
3285590950
1366982629
3653744051
1909497897
4176783523
421718265
2561605824
1137163848
930125095
2559773109
3835185089
723491527
3401958909
3689529389
4082741019
1328538302
333727213
1817618705
1791145535
1786773234
1390149058
3990741095
2993223007
1305219218
2851884247
2629970577
2689486715
1965010284
1807387930
2443391872
605509213
598311405
1220617228
658796022
1231553313
3488730683
1547654028
2078691821
1590985080
606646125
202394516
2319242485
3323772730
3733522097
543755961
1900117330
3284809099
640864927
1967629447
2316608095
3849525032
188090816
2635402588
1769155766
3615004673
3638417231
2789958369
3009003306
2181255812
3963468510
2298681931
2535403093
3259220646
3307763019
3204464995
2407327823
3744859375
680549075
2544934889
2846652973
885794811
4019728537
1651657151
1192889129
786914501
2791781222
4218394172
1476381781
3981224689
3826291699
445518631
3743384337
3692638381
1887849057
2961374968
1295625401
1724861318
3145075177
4012227131
2981046534
3640311077
477688019
4105491921
3484518723
3891406760
1356507380
1294091148
802282412
1139625330
2405479838
593858403
3918776190
2639614496
3691315448
2591465086
4102416853
2801535672
2831390380
2559317491
1436507080
2410055362
3925729164
160035856
2353301769
877286370
2680174132
3241705293
72916133
210882262
1403374740
1444167486
1976943556
68398679
3934412006
4036095855
2490915209
2706355901
7584856
3162313063
593610485
2402023777
1775205800
1266120439
2592668627
4173320800
3011939880
3443929368
2987605683
3861425171
580607564
2581281810
4070893390
425685529
372169229
498282429
4228277595
1521325733
3198782298
3500213257
1613274708
3336630504
2496225835
4160282866
2321895140
4157534700
3516286107
875856290
2028433351
3372085944
3228884114
437382597
2537665383
2665390249
20193339
2917129898
1798243614
3860272567
91127853