3500388402
3753220068
3664989379
1297611237
2837180109
3146608417
3328762708
2866769868
4167553781
2431270995
3109089843
2599325173
454349135
2300921798
208389887
1246185400
3328970287
1599373742
3321364078
3854844234
1717947091
2128069791
2661472986
2854706928
816887420
2158497687
1623685777
3405769548
2536897448
3605093063
2929003723
3770032289
865169206
4288904464
3533983357
3304795887
4060308668
1242496416
2374222888
2920544343
202918743
1150885166
382069736
2377409956
696460148
1682687649
565850231
3840448847
3698460291
3069034054
3337275685
1685927593
1026351512
3510453786
2733385936
4179265006
3404078389
944597953
961287972
2638519479
678155840
2376890945
1339017612
1537459280
595552279
1849837301
2137639413
192128156
1649322303
793403775
325213517
2919666123
409004844
171185122
2272403718
342285005
1384647915
2374824551
1654046865
1600154370
2363559125
