4088922631
1670360681
1513143230
445188486
828408582
1593604618
794360435
379416156
786126748
28305649
2495507238
4204365731
3868440891
4214573611
4221477375
2747071110
173294505
1914271855
859866638
814228882
564879922
2722963934
579377560
27524845
3794683482
2901219905
2955738442
461534337
1298152735
2027325331
1827413653
774062741
105288962
1965008004
1994651669
3373465983
2170313979
1074677154
1514055622
889037026
3213276781
1897487004
3792334755
724927532
2746293070
1795478800
1777428682
1563487157
2967047807
145428487
3317078883
2800974253
694611758
4237294223
2689547186
527369939
1571544210
3039984759
1931887041
2632789707
1189065368
3148476102
3840208770
666644614
595573404
1447754531
