2258599198
3911758626
2235772263
658455200
1569703967
2163419933
3457268494
2388819443
314210453
4271882394
3646327775
3328887539
1477298928
754260136
323474941
2675105705
601545661
2704306424
3514203997
1818394246
1812150709
1375827709
2687429620
64828901
1534070184
1031265086
3171178725
2938004388
1594288480
4237299791
1999511654
3138888249
4178079139
1959212691
3341670047
3074514571
2490339653
4205932960
3179460597
3119066486
2531857383
2573131672
2255577738
33313266
595107177
1089456865
3208726548
2091491028
1121752439
1419432722
2487049715
3216631366
2575644963
1669021791
3978889901
1582479525
3570022066
2741813905
2696137935
783098613
3967359146
4003912338
3436566078
651146338
1855454587
2410014726
1156346353
3321970707
2243670397
229854089
2870732031
2786691246
3938409419
3202506748
3283817039
262000410
169347795
2960062685
3912894079
2954404631
540249069
2652752709
3289688899
2556998842
1997041157
861552016
3395216887
2575547294
2881909159
894781204
3611883820
1417375586
137867733
3254484824
988473778
1374356300
4201371447
3052884194
3472434998
1981042308
1760984650
3013223464
1346541289
2457458371
1247269895
3747140488
882646872