4288024361
2845360312
3237652774
81556018
3082664403
4175537414
2781995748
2908295671
2624426640
439620337
2023857749
2150295613
3915684493
3676547428
98387215
1974033636
1999480454
283615221
250331177
1658496134
1632367778
2249584253
2072530330
2100357366
3969133048
1800325151
1629571620
3030362482
3259819844
2240004453
2418973496
1982076983
1706006257
227375017
962395183
81199311
2721163858
923961653
4089194067
3920737782
325643842
2333263702
4080468891
1930260446
3563705009
1379273493
2866761945
3610691300
4205825558
2051817574
3212853148
2281377909
656415888
3224574298
2025989907
161122168
344429033
3686088551
363193883
1881939764
2190163176
860491868
2760754325
3553372318
3315456361
1313225492
289407337
2292886224
460649730
1874305101
2518515978
2591434044
1208036140
2579203089
917189150
4243053592
3848466486
228846043
