2346077716
1730772569
2556187791
673351246
1799169332
624559365
1910554096
1339718202
3452208832
189914293
4271960781
1892876281
1178216945
175816474
738146408
3909115665
445592122
3906785937
2009606815
1239442444
2950866246
606079420
2234844277
2857940956
1736604584
2339452808
3629342864
1061517386
1681182235
1355520855
809958820
1455928806
1892081828
2946983800
3701784970
1177417320
2756147300
582369869
3243213160
2526786208
2541606151
114478122
3917123669
2407341068
982936295
688704893
3930461977
1032525237
1549900933
3951142366
3060054749
2402080231
837357165
21488098
228452137
3168179150
858442144
40267748
