1423893288
3549578251
3221912273
2303490328
2588438640
3938700099
3485568605
30693509
572196864
2678786663
2556721080
4170290991
3916861805
3388167461
2457731611
2920088279
3706200734
2978959565
2862791112
1226967913
894757793
1440164821
4243813745
229575137
3659881295
3906107386
324171597
694556265
3977011835
2224622968
3422572029
4277204573
3264314982
3603919031
71767097
3802589425
2962667677
2616812314
548226272
2112592479
124346478
4211239344
2195403657
2910945999
2881473160
84267249
1912165232
2518226956
833400780
3962344863
3393555817
2608414502
30858381
1412080071
865762210
2171628022
4213064572
4246555582
1113519946
3705325045
255197070
2133069124
3182380453
202207958
61642041
3508040584
2885008749
1503998421
3309042783
2554484539
2835157059
1672526217
2644673137
1295378576
684713618
378046293
2038433886
3956318761
873471517
3397524982
1840078834
1803937154
2603451055
4113937494
244873973
3700184033
2755664701
788881814
3102584911
