1796568265
4158757868
1928968826
2144617032
6418424
1436844893
572022071
286604310
1755017178
3000620007
1674245507
1531473723
3877877193
3823699579
497877716
1122956103
1872025581
3082494819
3937822320
3418090774
3601585194
2537750351
3530665600
1147647006
2222493216
3055529089
1391763525
1212908959
2780518926
2337273995
2547041346
98028619
3993697718
724176421
3833519373
249897868
4138286097
2880426668
3658996668
1610637086
449871612
522818806
1875090102
2864208362
1486134901
3696052296
1960059978
1192917328
3200476821
2554260506
3849595934
3152014646
3098836866
2844887680
1995195508
3305748793
2392442443
4078561088
3034544877
2538185162
4183457092
993898548
935274755
