3160269301
3048346026
1586761099
2884702117
2161756250
1246808350
148457181
3212252789
2484575392
3496725560
3390493146
3882877488
1191919821
1001310679
2326567922
2900431174
3546121156
4225470275
2342666854
1050879629
2661201156
3924405788
560853088
1489932530
513317502
3868728333
2363613882
3639544156
1985156666
2807270770
4024253925
692023161
4157402866
1176228420
3676772498
1453884246
717284033
507867379
4025918845
2967294985
1722996650
1899413946
2213486618
2059708031
3936828755
736660728
944466262
4057649469
3145969226
2636296874
2743659127
3713708380
3560296941
3069496221
3176780129
3549172876
135906912
4013182851
2245906167
1248606276
3583177690
3215464988
1853074753
3134563799
1696409333
1820573852
467016633
996676720
1931350382
3426906186
235204099
3382367886
623133074
3445703323
576003494
4274660094
623876404
3230468539
4089429525
2922517085
