3832361247
1712287256
3887220223
637393796
741286795
427465843
4262916421
2104437527
219736223
2391487611
4202746822
3267138065
1812635618
1020388780
3584743843
2873609173
897439816
354220426
2773998598
3901492937
4161145918
930424088
1187805472
2561445340
1007205942
1153008362
428480086
3583712372
3537857639
1983136079
1486881482
3937834486
3446472922
2199366718
2619959835
1658067503
1346241155
2385966540
902382364
192068916
2944378665
3934936641
1219313353
3989962386
925406064
3975267653
3751793396
3267232194
1987144812
1905422838
1931741873
3338663748
1799097139
3232058970
136192248
2493867147
1308864750
1712550193
488555118
2353983197
2595180438
1198783397
335275156
2854020851
4005146168
1180949964
1302393358
4020547931
3503207214
3760740664
3183452034
694610802
8525332
1005699319
469700918
212868580
3690248843
3195303731
552090998
2080937001
1658788964
555421441
1502262550
2802650848
3831044050
2438897960
3656848092
2527113366
247185063
3854728420
1368571752
3453026098
723051901
1968395879
3765304666
