3636486577
1029912216
1429192025
2832899016
4274853578
1345161549
589060772
3157856874
4119394817
3054357032
2731579779
292593360
568651784
3009611773
1314550294
817191788
1096448422
87428788
1851333167
2206994392
3555515919
116037663
626173942
906131502
1231228613
2757219641
247906157
785491318
1172466929
3773257791
2527138778
2701144288
3336464227
2617072547
3888996008
1135414461
1179047866
4066661675
537061571
3794749595
1063711062
1599999272
877274856
90234325
3013496452
1945011943
374850331
3999087519
2559634316
4157559795
933243707
2092211632
1052239491
4192330982
1459960924
446962218
1425291351
2430827951
2990810111
1199153410
969364480
1658487933
505277942
2084386440
3196759587
1920782874
953014273
1033843222
755392558
896537125
3582974014
3081471944
4124087503
2571348595
901849353
3143103861
