121076350
2846699364
3092559502
3539468060
566708280
3028471246
183831405
1032122892
1177211851
2298604335
3383994838
1117915644
289377630
2582700209
1929173692
1871036616
2958818911
3706563120
65113404
1631714109
2875760138
2013674876
2136113385
3318502447
2077184697
1781225838
122104657
4199785040
2975031181
2061189286
1591939175
642021519
785369740
2131555606
3153160129
1875177062
1056172632
1038544553
2939482868
2749615298
2832883197
392876710
3798144862
3413269438
4004710778
3623421432
2083610585
687980554
845754984
2064474958
