3944238087
2569829359
3021560922
2900069745
691731155
2140667316
1227125058
3183673297
356625174
1549318617
590062991
1263657333
653576112
3152583816
509175637
3815083334
4103308848
2815817530
3791950600
874301128
3695062763
2045666179
1736072287
2184099471
1913750200
289535154
2969700036
2849433500
2253045129
993644132
2458603844
3838061435
1638066020
769489556
989941627
3001283829
3281742645
1355796715
521005228
3510646780
3712535110
924399688
91611151
353099442
901650752
761703079
786071368
2402342670
3784011317
2807750800
3801648962
3807094584
3175222225
2712926468
1448053933
1732470570
422286021
876892532
2089389942
245470077
3984958104
385066113
3617143
1947608103
557541670
2803613571
3360575754
1776807069
1842516949
1565967702
2678725532
1115144209
2334627014
3769476630
1954845579
3765643826
2986061927
1003675318
3540315934
194948397
1243906002
2927040390
1477104936
609925843
2762893487
298123273
2298831023
3431962256
488102177
2880454030
2028917947
2781275666
2719067849
1145519902
1146094782
575911687
3938442425
1985355861
2163188019
1414728510
2286199237
1740732436
3562291289
1905261641
4223986515
1269102352
716789110
2762062473
3773917220
3947467437
3570332993
3999448327
126159279
721172848
1064250027
1278693927
314548153
2517864648
4121298519
1927493450
1656032497
1701717045
4090012325
3241462781
3224331757
1279652484
2906450650
