2625124096
759495433
2644343422
180323123
939658679
4011578173
3309801555
805843262
1408399623
768023989
3373182839
798515176
1385870008
2272385189
3301115985
1083515695
3425410321
2748852887
1829709210
1052694132
3682634236
1964473201
294184787
2345691585
3549097178
2519595061
3001971624
2152480671
2171526552
562713245
2834714150
1019552006
2885758437
486077938
2841991991
3749467892
451906312
3672638150
1737653819
4200627196
416531684
505080039
2538821804
1678128343
2378892253
1808791153
2270261001
4182493149
613133946
4016588767
3209783620
258551182
2687788695
2044951754
1322538828
2149285290
950068646
2053358903
216257660
2507434921
4187437964
3209814022
902819255
3586847454
1487655618
3046097008
1032117743
43633351
1900473077
1529423765
2885932329
2819149086
1620956166
258027549
1134723086
2840422494
3313926384
2306731354
3253463743
782445590
796957108
838188477
3166541976
1333691282
478501695
1735657824
515150130
3511729852
900443807
3360295714
4076639583
1589554150
891135165
1818396715
1485105958
999350756
