3404638391
3758340255
366386741
3698241053
1026111503
3124138576
643725453
52168304
772485366
3618502493
3826679281
3711430578
1518636443
220237907
100100553
1359268620
954296723
1025385087
3241010915
1277460672
1319190022
1913762923
92804092
4268864438
873534350
386374225
136346952
4080155603
3639530740
1961135653
1998238367
1387327515
272190067
1065708376
341637438
1896718088
3064616006
1625910958
842571265
82875948
191725791
41823764
3113156658
464418178
2866154501
793469215
921322128
1012420409
2827593318
2482616976
214989775
3223438078
1380070799
4060315374
1675645103
370717908
1402597159
2395119261
2281968665
487580135
359810125
3387693242
3338615726
3706961116
2855639702
1936894776
1189476350
1351807368
3122379023
3225961991
2545129531
343195034
2739677808
4098273304
2437523730
3347221309
3915025597
304168582
1345815176
2506330718
3586881523
3045346287
2764137464
1648426945
2003201666
2537108928
3565096393
2291941865
