1009030047
1707775095
307703
1977527806
3985981603
2121556329
1758448518
1977678979
2483565429
230940755
4233045325
2179658287
742219821
581649172
4242329123
2097174816
2383151181
4275419922
2227923848
1210060830
2153423147
928930235
1493972440
2975591884
1761531376
3617275567
3533663109
4149022812
3750716109
3870476855
1629207316
3719649684
1728973097
3451139003
1579533428
2927343366
224600187
3328173548
1017097471
2513627261
3901603388
1859122710
202460172
1653616168
4222720661
4119094131
1142010535
667652209
3152271670
3497269636
1870216509
911520555
2190742162
2835700093
3188076879
3180486381
2305552060
3907725986
2042503651
2777912359
1267625563
2830619988
3665157376
2104032955
231015259
1531668198
2294590866
3397077694
1450914722
1001309268
1264481365
2703982716
2023006014
502784540
1876995708
1420006962
3627482696
3093574641
647107549
2874167399
1911126335
864653577
1876993339
631741873
117140501
3871651004
3866725049
2431264715
1128054435
1203867488
1735335838
3395724345
1985616503
639157662
2803474521
2006225468
3195426752
2861362661
2864692522
2803105166
548778535
2448729214
2696816436
1016001053
1802534001
3294978427
1023211423
500577547
327130531
4236511313
4212613091
2478132581
481825046
938951573
109922655
1002779060
1095458307
