683717381
430220605
4051151183
3711483909
2460660448
1068460436
1238751642
1512131917
254241211
728574795
353805023
3018064795
3697055007
3110852999
3733112544
3481980385
1117160849
2400575573
401806462
67079237
3927719824
1576118717
1266122475
3044964572
1783218294
3106223541
2932732220
977342350
3656692511
2684391765
2994920304
2475957740
2036023922
600445105
1616909514
3353991055
701485466
57159181
2269051929
2487597857
2368003428
125528183
3304689539
3371077225
4015606695
3579804461
923790179
125783230
3928445234
2218591914
2489912144
1258223672
351400539
2874269341
1988388803
2625334564
1447254980
2533581008
1837403232
919873854
972335369
2798743384
2039029139
2701252233
2488688722
2708319686
2996735698
1455086161
1602233403
4283348177
1268137140
986769212
2146444001
35724642
2665496050
1648298532
1787479025
2775364937
836033771
1108000927
1623867083
499209612
3030590974
1351612537
2395414784
2146542188
223821406
1039137814
1534708894
2645655266
2807903345
2687719735
3504071920
3667102239
699525152
370441771
3406638022
2854645174
1544069859
2494876375
571335594
3911319815
1811809387
3220492036
3821549793
309019980
246971289
1919987402
2114153428
3781767052
908850302
1849753625
3174503039
1077787107
393774086
42510460
2205355086
2256220524
1470913070
812762587
1163807674
2874527259
2997044135
2071356264
3058619732
3863240075
3041667662
341737987
2027780325
1888480955
2740488502
4213878556
4141626706
68215274
2280219702
2191087025
2838410419
1822291583
4102748958
1535624905
2763231831
2134896673
3015643425
2404069967
3145842157
1394978434
2151391597
672500451
3577810649
3913987626
3128571064
3930640017
1808876477
1041518605
1913917383
786653399
412243016
2691443503
1186682752
2227403635
719526960
3813401300
2333089994
3970637684
2833891833
743292295
3353880590
930111568
2334135894
428952422
56605953
3418448217
1905953951
1085076142
119861152
2008822758
4131182080
1352574630
884880684
2032939300
719059156
2535291143
1613782253
2027167086
4161084648
1099633406
1587037723
690170228
936140458
3009983071
2296355364