1518330315
4174363422
1933400988
684341326
1337002868
4162383731
2741199229
62351837
3242322098
3302926373
2786175641
3704395609
3650340079
2566201902
1156548236
165206351
1756641621
3353493486
847178535
2411581529
859660275
93217075
3009474826
507722892
365601390
3072635603
3979477315
3394106853
1791933645
243266406
2641155508
3698342243
615995035
3247905418
2935940086
1273275796
2188068724
2913034679
979061239
2944723142
3804932634
110124012
2462210120
180477086
1930391040
3120694099
1943540478
1717091439
3097665193
2286000267
3083225494
3678848093
1786984922
2789757730
2062683382
2220496483
3999511478
889588655
3004708558
2075181672
3348961076
552566212
2995762287
3084518829
