662541057
2370007731
1032869697
2991866978
1454062710
987977896
494001567
184677961
1585376112
1332184545
1012646531
1387486792
381755843
1414317644
892134131
3193615656
1534247220
442963898
1397739520
3367439957
3928587801
4103015555
3257119312
3945083750
3194463765
3117135057
325304887
3285705379
2040118345
2748794132
3334575369
1900230399
3614144799
2732136646
1455165323
3590474797
3082137440
3057296981
3721034881
1462095550
3982117121
84298536
4182429629
192717731
3032234434
1610423558
4156054571
447072524
622231206
4006145117
2300547292
1347348392
2536186777
1195008151
1324943701
3850906612
479683077
444742778
2532164828
126564006
2058074226
2918270780
427738702
3217222271
1555843010
2740339121
4030160624
4089680543
1089240467
3103009427
1421334724
3358293829
1866112506
402055163
1845665344
548105155
399939030
1673940813
2563265344
1020204423
2110992249
1807779782
953485770
308921546
900633085
1741543522
4003744000
3419684863
2079714207
351283111
3037127081
3421197989
4103129151
