3709713738
3702464396
2181328014
3212017066
949287674
3592249533
920243421
3326506425
3445229143
3906444694
18878335
205639979
1119526783
1416126828
277628143
1080839063
1185655599
1046000349
3313228608
2963645485
287758722
2982975726
4204939377
3824935500
610366162
4047934948
922349644
1489805193
3024770685
3122520427
1252684395
165958297
3301512955
635037117
3033817863
1937728204
1388127250
2600027858
1256908450
1700777418
1663357186
3561201104
565758766
193034248
2449130432
1810665852
4171199984
1125576952
352786175
1598906121
3515706493
2789604470
3098612976
3632347168
2098612824
2850613268
2479708674
3358378545
600803212
2163566441
3414940508
9393142
1039560073
1539217701
29467709
2586267740
2242416119
3177125894
708544576
3717008501
2684449507
2925442036
1025576377
3782139991
84356309
2711580420
1886182605
3640253348
415056004
4029951295
1707223399
1342336370
4155475291
3971754170
3395471408
2689357567
1294220354
3994793377
1038457205
3523007965
2068828481
2096666133
2211551043
2393979635
517796041
1280648148
2169777241
3515331191
2250050719
2650146538
3950338438
2228623779
4290221720
2717194109
3713097661
4199791188
1970884283
2262476397
990218356
1476738093
1826100179
172100605
2780207400
852028826
4284846562
2418278866
448526927
2785114640
1519177369
1555685812
371865255
2446842755
3411542418
2321354620
3191130813
1886966740
1993410210
3617331747
2313644868
1619602249
3024208967
92180797
4156647933
1768310759
2703763174
3366037799
431701914
1835806813
3986683019
2842101524
1140692112
2317602855
62452463
1395123143
4110513226
134834604
2408634631
3584605547
84498500
2114861679
3334621385
2705528718
2628784233
3599827162
1793315593
1670649186
2417905108
1609445329
2322371284
4183333074
3247790030
650735305
3284545347
1257931638
4138889513