2103147505
4206189052
2796906208
2612411238
2218220569
2043056650
1977703422
3137865134
2559247907
1654179412
581939824
1567015683
2770037487
1131955578
1511072890
1726365325
1667816164
1442710546
902215019
3991082165
630621365
485390255
3060684815
2423394200
751038521
3079924179
2261432289
790599113
3540130617
2195993779
1523993401
3092859956
3431069983
4069155987
3679341430
3809414710
2195994271
1313708184
629601344
1213358545
3240056309
739551071
1892829428
510340599
2015940341
2394806780
2122826313
4255587326
4036317891
2421552341
267398179
1727691205
2185433881
3585859776
2857417997
1269559884
987800553
303740967
2393783911
1561689147
3030498998
1960387763
701000245
355597775
2381268097