3701258010
120537915
1537474530
76335864
1975496376
1034488112
1460398713
3657015449
3990590628
3609007819
3699549443
2767954385
1930647701
42709054
3771384860
2101177197
4253391952
2467443700
3310354839
1230955490
1063659139
2047150091
2193181723
3405599637
2375849446
2590872342
354100374
4271362693
2661894536
2984581705
4148884595
2594832826
1840870102
2743670982
4116088504
3302020696
3293994016
293282795
2901630501
791446964
2184394020
3483469264
3548810094
2445416749
2238159397
2872420944
1815137833
2619973828
2231166907
2623517973
3674475928
619577014
2869938113
3265033639
9141770
512375402
1334142490
2464020240
4045862750
1321602396
1340112952
3150555678
3317990681
3072296821
3940582667
3535582761
3470636715
2931616085
2771457785
