1305617263
3711429501
2262819467
1281209782
629202779
1014569487
335541777
2811472720
3561967503
4110028972
1193810282
2349119499
3455348647
3400497161
989159864
2314947130
2002504940
962766834
3198443133
890634109
2407429585
982293585
3024716666
2862967269
1032395636
3782372979
708157541
2248497555
1500802907
590685053
897862980
3261704859
2487797581
3777965806
2746790151
97889856
3318719375
2752190295
1157211083
259835539
3003122320
1520731435
1338392078
2080758246
3306378036
819222299
1432752897
1850399291
2499973671
2677576554
3629534631
4117826256
2481602666
1605719929
1817301056
28380698
1059435552
2102074067
1438152023
1992193347
1258188302
238572897
4037926628
3677983694
426935148
2271708257
4091551869
1789147930
3504370008
1349412982
2997458908
2432237300
3247722221
2719886650
3988244321
208211690
1785422216
594251910
2138345900
3298125952
1673226639
411607606
1892637184
3201210004
2505518352
1209640053
4201986613
2045900715
2878254592
720293487
330053448
2145299117
4084617408
702735775
2876522503
3883993592
1401560039
3451289237
3568484508
1953266826
1624476394
1967630084
1650840422
604629030
2064451394
1579527533
1744922031
3676023703
2849798123
2336558241
3934657057
1553671621
896947272
412108882
3231939898
2390646229
1482274285
909099025
3449301335
1814346078
958488515
1177525039
656783739
232836202
1635575792
2171087518
2102981527
3958977179
1597560441
3977218611
2218301632
3229388840
1561286409
698763703
185493877
1988849634
1303103173
1196704922
4016466907
641359947
2495729447
3219605055
1098718069
1941230609
2739926242
3328542605
3098442947
3570405451