3729754055
150609127
1692935050
3569798650
2249085095
3749533830
1257421444
581399320
994373974
4101000194
4284037624
3774423726
1832227009
3923917782
2607676973
522921017
3809419874
2764839367
1838956200
405028423
2855628552
1213396171
1831724485
2446737423
1394547743
2890432307
2324619004
30252393
2586239875
811461643
3778242868
2894007824
3793437814
3194123668
4167476031
3991287021
722977148
2085719932
2383425664
905269273
1590286635
461151100
203899701
2182218920
2536783150
3917172899
1126576194
4180713295
1905248382
13164343
2066803184
645416613
3039875379
1689533172
3680382722
1929208939
2240147926
2435230980