3840354958
143217803
1998831452
1183294626
4014188702
4251060514
4081645434
3420134708
1233575753
1681403219
1380687971
374585597
4247370629
2613975483
1734539715
1822982034
1684117538
14120992
3225192186
235073691
3926780495
2392042571
4264215950
3342546799
4265089187
708999511
2698755995
1015324586
3635598387
4283258154
3021964118
440526487
3878638788
1153848235
6073988
388793349
3049127055
427602875
3090010794
477253547
4286566130
2027077199
1311063803
169277259
2643583449
84572566
3340299670
856469260
351221734
1952060548
128253863
1947376581
3470425159
4009243801
3996055035
3210021415
963996760
2911055691
702089678
3106037189
3202113248
2618437110
3445321379
1582548350
1326974516
1937577730
3499562015
2696589245
2635354418
2924103892
275203327
553249173
2711482792
3116212672
1046495678
1958378870
2393396448
761229116
396935980
374900482
2432874123
3956903181
1296941856
2295529343
1035613878
102866947
3390275683
1172559601
2892567185
1127094550
3807008657
473208907
1584609125
2027466817
1828747430
1643226172
478729015
1242765232