4155717295
207026795
2762867645
1559569589
3241623808
2292919703
2997333804
3946815532
1899704876
1583475386
3872743198
2173591759
327293583
555098729
3565306520
4134564270
667052665
1661374015
3127821772
2293155106
979119318
1378122730
342009140
1938391461
3348099797
2084744606
4235282698
4195787900
863721998
3738073732
291504268
2133129171
3010321795
103714369
2937107405
198511863
2421992375
624412623
2661981065
777963697
2562103594
2719779411
819108333
449746889
3002303747
1956730211
336686855
3867515495
3270556258
63386392
31424886
1399012850
3320120016
1271105233
525137219
2782046456
1353295830
379103660
1313287651
505964885
4099194675
2279217989
903077600
3869129964
3255985951
3737982188
3820857491
3845607757
1085017068
3762669422
2024745294
3770397623
1048909344
2783819
1497442636
1363074832
957716144
3435810309
2914380735
970241761
1457978560
1107050499
993584754
1137198567
2367669826
502006159
329438620
4192288680
2486146959
282312728
2663920969
945919094
3213267803
3116330812
1892374101
3537305514
2290358466
353149406
729935148
1867793352
3231702154
3489172814
1536960223
768124315
4108920842
3360462553
2752566150
3211870506
2370962073
1611030664
2334814519
3111341533
1926866896
749487333
3805889776
3210478066
345321846
4284547909
2418371159
2807396279
2209894243
1653161437
1084560996
3470280550
1209748787
1101527654
2202813613
1616828310
1270418583
3546737526
1033040626
532207180
840518679
2331737498
1641606025
393208119
638125683
1900598949
126065926
3252721265
592842464
3158725838
534740793
55491167
3788950188
878059599
3758955879
589979614
2254695469
3245597547
4241517074
2988735500
1543443497
3678447844
622526400
3738612643
2014807702
2347155493
3552978818
458384125
2117692717
3892803828
537760269
4186685751
808841184
2488986972
312071909
2860449970
795551047
4042239516
2558572781
3344176059
2550343036
578886625
2069238317
2560118727
3858474141
2573591046
2140981070
71192614
2630292125
592638424
2321166617
2865299678
2928648514
1699979451
2311797562
65176319
2592713629
776831057
1228485127
2877766763
298011924
859485158
2635228508
1487233075
1916320330
4205517438
3711982275
41722325
3609413130
2791135787
3150169041
455946138
2221440165
3767167689
4275485468
1266271654
4176029453
3479913211
2937750971
2841168243
3029057489
3245962063
3465058486
247752316
1092676486
1142304829
735346602
1704887908
2835445746
1566305563
3276602992
856176840
3662057347
496439344
3312070372
1236022771
3502989267
3686908525
3935660039
3645833584
1349190947
3148152521
509208692
2829651732
4058441480
3940306207
2901712477
1882553667
29831347
2208086352
2683154892
812034159
853598525
4083482994
3527969408
4066442377
3215806791