4229607111
3631200005
2986979702
1975859845
3050203797
3084946615
2518104548
2777849937
1645856867
1053853437
4023838172
129158086
3373707634
3888629635
2749848644
121111296
1534106518
4214309524
1373204216
332820716
3870348482
457701264
1196937613
994215410
233403748
3959855124
1617883287
2132817062
2138984658
2606951118
885309034
2441386316
1677534827
3582654974
2251215769
2199937284
3640084720
1475769349
1737670044
1010810666
2395133325
2663673170
1888801999
4116732184
2823109818
126609419
133948315
2799132906
3912080129
609603564
454150532
525324833
1892853607
4289270234
3229182566
1109161395
1432870999
2036289641
248622666
2785615123
193687034
4032779683
68162092
952360875
3408115331
2091645957
2355757880
1761237344
1296899644
4182556060
2769887264
1549387924
1798829916
1946920807
2401729375
3603560844
4190296147
2323473400
809090182
1940229890
1282654894
473235055
1006057038
908827671
1124889246
1779206940
200367937
2754027510
2087704962
316124502
3142932496
818719428
3017644599
3545001574
1804418406
4104586374
2169071689
2158583922
639309664
3812239263
1649134143
3391852553
2281342488
2396495038
605101867
3341588087
2695778437
3335606182
22528194
3593978120
2772106215
1544775633
436024823
1739697898
3618550630
28422362
495542770
1597551268
2372409686
811480407
2415054870
3655121516
3375026847
339525088
3825009618
1422901554
4165394686
2130289406
3447856223
3187724656
82008344
632228901
1858874697
53894966
2387089833
1004011199
3899169497
1801256344
1500485873
482526950
2902386299
3604780355
1016315144
4042974064
2008261931
3852244057
3163827240
2799525062
1480102468
2501060647
2308826560
3109547946
2909843273
3244407403
1187807319
2802813802
2101057740
3075333608
3469334327
1490470638
732834101
375672291
2840644158
4115826926
1129091411
4095792149
2470879144
1393196775
556715245
279724421
1551132888
1753411659
2715993165
3426236541
3830058075
2888619885
443767452
970574978
2149815803
3374494926
834749127
981497344
1064720858
4223628566
24118993
3426115135
2979149340
267257534
1845160188
2752739326
1427426687