3863555219
2794978877
3498962149
1248124598
2062529843
3416834529
2166990858
1459837927
2854582424
882247323
4187979360
149872940
127864516
1649867529
2336113660
1269418935
1152520174
965172876
2132147422
2443752860
16852136
3641940899
4250110073
3795022779
1451264359
4098742606
1794689018
422375096
1917368719
474660984
315531339
3594013209
3599624250
3105107776
1941113258
708946525
2277388326
2364168525
3975460841
3957775134
3695864648
503753682
4259323356
2568209967
513472393
4104082055
2568891954
525039622
3494424612
527295560
1132014123
1897706438
3900056323
2857642214
83717488
3423425600
2634108939
1774485968
3862163467
541439730
1781830351
988362451
2307215570
2195246930
3373320858
1386716539
3662780332
3711477655
863107919
1920045215
3843827532
3546393464
1891616156
3995018797
2018755658
718284028
600059562
119551016
1301321935
3549220158
4259424891
2655223510
558243648
1566505908
1122172544
1225976704
36865996
1220968150
38131825
3866933127
4257074519
4207357526
535974283
3982286854
631389577
3097439751
318537667
2753400102
945994348
