1520068435
902610001
1802653314
3454025298
4038877029
489201031
1588473662
2969102076
4057909186
2529541496
1766393176
4250348801
1104239103
2679551717
1018048345
2011971425
251446569
4135214890
1944526946
856533038
3982543894
3310583705
1425431487
1292526220
273270282
1263159537
2584971607
294534044
3865378760
2644606217
3870189788
3374242410
2125215217
2307460132
3912209088
771913229
844038670
1835712768
2754604083
2203251412
807155200
3806204591
3618092834
1728057977
1676767464
1036809432
2882787703
3208228447
4133293103
3077249072
1960317250
1246055824
4274351962
2836033581
4177941889
2724384096
3915469784
646239586
2211407252
3469029944
2189485049
1741399459
898249784
3906383363
2053943657
2607427040
1238105133
82546502
1468895302
1503412424
1507606504
2411187406
2826555690
135152997
373351977
2908839667
2074461805
958771528
1941115943