3639737771
710714044
3113313764
1814249402
2257607126
773981127
1202555579
3358838230
2892991474
4270875870
3678182774
1518168543
3277192231
3140494976
4273245258
349424611
3613648292
2838195248
2042584275
4049031320
3350128208
3003789372
2546470705
2568893848
1042862838
2676148280
2777662178
3053773310
2267482236
999547387
3954070351
2196213616
1287577913
4152746040
337319564
2839296520
1942619593
2350957935
3325973823
773293174
899839995
2907215083
1600834889
1850329452
1612447118
3784796376
2845528990
731523602
174384571
3465606150
1431994266
1328172581
213383862
104484854
1775809438
2725849821
2161207295
2827319975
1284463285
713710364
268910129
3336936593
2968195371
4225948105
274554703
1375705436
1337000907
1988749948
90778571
3103212787
237664707
4014582883
3936610030
2593837942
1985595346
3355284317
1224082976
141974695
4076401428
2747092972
448133462
1745477195
168321056
2430895350
1368693012
3219380896
906431158
429772951
3240487078
2845436148
3179462938
2605556195
1193396332
75501763
3359470684
1512486871
1479377969
2737340493
2738687524
4230604586
48700812
1038517065
374088370
2677626605
3805274418
535866787
3327608836
2128911607
2384470636
2444116309
1667128162
3069507485
37162280
2812406227
3727616111
3394334973
1127935268
1191364072
1555714376
995937719
3860102292
1213809683
2745187025
618820556
1661201510
838961344
2625379706
3917329421
987451654
1520636002
3829639141
3836250484
3954110831
3862137981
2578936546
778392276
2580043077
1292747523
4199221679
3885305880
1305404556
626699523
1652992296
948287344
2874835478
2267317385
4040488074
2898509379
3996933933
3560214311
3804366919
1406667840
3179676528
2246940141
637277410
3020197039
1715469812