43601779
421964801
60427541
2396465856
742506893
2461674949
3099771539
327896824
951410233
2223499350
1489477896
1728283810
2514527841
531910188
3345746183
1485867217
133130060
160461415
843973875
238075067
4040782775
1943035706
2228529264
590427835
1091864644
2983874449
1323365587
3084469770
1253759573
999017307
1369997651
2643172675
2308001301
3789985704
1991001211
157591439
671549995
992056023
943296538
774955037
699127348
523219841
27809923
4024699633
3185536997
851725724
3095715893
1595915118
1617953033
673048076
1932203301
800455481
753606852
3859317597
2907317032
2617575720
3123860546
2046260010
450730407
1601448634
3439232443
488489590
1774056041
3272320870
1682370433
915404828
2613225017
4000577857
4117105499
2376372793
87777831
135487823
3166784582
2358752921
2382628718
3470475281
1595475579
1147856984
2875475474
3009588992
1382566038
265463750
3592592351
769975622
7780814
3101340657
2567157016
342737140
2666508246
659854949
465673707
1004384997
864145783
2333464952
1202407992
3304307238
3801685030
3067703037
1254425154
2486296250
1613817018
1531403506
822779604
1399908804
4035458477
3009483253
2374608272
3426372096
1378156023
660904456
3548710347
3699536714
295848256
4280305064
2994218629
326028360
2486855952
1711736367
415856570
4054234894
1186937532
3638099064
324383026
318458342
314781778
875145550
1731895126
2642857266
3365220445
1763124601
3842494633
428618012
876163655
165556530
2192044141
2144971421
1942044357
1957786563
3695888362
4148906610
2644466189
3676561804
3619347993
3034284033
2899505176
1651692945
2100077418
3841010628
3746554751
4115103586
4010616032
1194998662
3240415697
2436815485
394222595
1770112819
2484539251
1123967891
1982437906
1167238131
3996951000
1386948605
824414178
2610143652
126105710
4112186715
2108792320
3231172841
1385526497
1340197441
3640980720
3879590528
331888447
1144451315
1767359491
1985084184
1532992157
1083730423
2828744546
4251608067
3709469755
2008354215
4026076140
3174699048
2677030043
251486113
2973933183
201332554
2989235098
4117813919
3533360970
4093155295
1619406820
2940026767
3052930632
2462552785
1354921205
3803480646
3782827106
857162012
1573426720
160659924
486315193
3971057885
866437486
3785007068
710498365
1668810924
1046730339
1010517703
570688861
2172502296
2284696944
4210409690
3706383232
3111085687
2237313522
1303585036
3532444112
4028601168
908395512
2581265171
3623261516
438858373
4261677364
2206686760
2264617825
2499541382