2951164185
2066743977
2701785638
2099589150
3478091514
2558932884
2234787291
327099090
3720968632
1116556938
3049238381
2491246916
3750211937
4274304411
3571115021
329176313
3286557668
3312061254
1146094254
333258628
797129760
288974410
864083023
1123763897
2929478724
2792773445
2704641006
1884565015
2584828467
1565615058
3777964372
1187907741
1883744150
2623770913
1802236444
451654344
132616895
151373197
1435218539
29292234
2393970524
3967368318
524465189
707928041
3092005134
2237070586
2284813693
1591855759
2395098608
2677653095
1243432896
1811733161
2667478121
1050865283
643716173
517350711
96950471
3734122625
2141917309
2707653048
1131977460
1871927040
639747839
2201317835
80920716
940325101
3199420878
468782992
1031635456
4291698334
1463460297
2467389580
2847114872
1748776304
2520919096
3123354458
3973647372
4255799142
2648183564
3725767333
1244818254
2620144996
1141991130
294985170
2844289060
2586065967
1117917755
2114588890
2985130976
125802494
751389935
4086181284
3326426391
1562846319
2908841442
