546999268
2269869994
348834194
2686475027
1624304273
2080869148
2874077450
2994136130
1222627096
3938577055
1578057559
1749198488
3199353905
1813669788
308122980
2389926797
1857762307
609116627
4105209112
304754728
977947053
2368769132
653538808
740227049
3773312177
3360963234
1214193983
3000086578
2213125814
1929438394
750119731
225445701
1651284055
2101332644
1065704821
2052668835
2359225674
2682990003
716232727
1628199884
1345985437
2330621185
2698565616
3339170843
1607948203
2696498793
1830620532
1807736777
747391472
2323790462
637376278
105261943
2952570520
2223594267
2013234801
1064275273
799422317
86524623
3883741566
1698233108
2499086853
2522807762
1405407602
228329354
1980037333
813151253
4289494730
899591056
3206406072
1196699226
752650798
1921663398
1406566314
451426319
759859145
3646685598
1326353156
682715031
3822118687
1182311620
3668556312
2472507973
1257114391
1706270677
3517208903
1376790084
3991318921
2466850556
2547500793
1498498563
786836847
