3691873267
569348642
4135397489
1515391778
722664751
283427336
518288841
1772514215
1147321665
2261837847
4245819207
1233601822
2733615163
1080431750
2735930632
1702766975
1380553167
1391451991
967820860
3106174843
1057508994
2770287639
2398465485
148968490
910416563
1416813949
3906265862
367517553
2403918643
3050593543
395571162
1610757198
2595332166
639189282
4160427489
4086458576
1002054406
724813640
1797357494
783920119
205788064
4181674994
1510684823
2168570168
807840448
3539649988
3007293024
1343706143
4054567309
456664793
799924037
626633192
2551402748
2739331251
2842765078
4080165435
3380168151
441097642
1329084400
609031685
2894851796
1082401961
4203556502
3917518906
2568100117
1119740774
535933521
309096616
1583057259
2408093038
41713092
1123898886
182436805
107587672
1357057057
874303521
3483910000
2893230326
4230811235
