1566200233
2833098180
4228417725
3144509326
2349455892
1776434512
1378426424
1642310961
2666598817
2791716881
1228075643
3609124807
2262327170
2597018499
1664954729
2893983361
1221345468
2107647648
3117324048
2933336691
3904472240
3679800651
2037854744
113331254
1822173709
488402425
4113774058
3863377049
532364663
3422816316
3951135981
2582031964
771440054
1386027714
4133117319
2351891345
3391624540
3032555837
515659464
607789875
3500499502
2062085136
1029608261
631728622
17224361
2055727597
507532276
24569554
3918402956
2761360788
2818660796
1801553686
849537842
4086909769
929346026
1369890408
3083936794
3919832265
2161459252
3608447900
2315378303
601308362
923201876
624678571
1018616802
465478958
3048226229
4258771442
1748675252
3634892339
517276330
1313550766
3257462435
2973233344
3747426081
965694285
2396468243
148086933
2578095386
4173915079
210240730
2408216356
2830888457
1560873334
1252744001
2716095343
2610000605
3190156219
3550221902
610162282
823842806
2461030213
684940235
4179721863
1853297516
1772564774
2412990949
176334978
3133808399
3572155621
3292327537
3196496241
4100867103
3908485328
2547803828
3490936154
2867179170
522644843
3832517636
2904462552
2215706795
1763535483
2454671914
52544106
3944514219
3748104480
2276757147
3705923685
