3464606273
3366874118
1836457645
1520487936
40692905
3100750029
1087914566
1044675655
2917295014
1414086385
1873647147
3665891529
2212427760
1957944418
3429321245
4017937280
3253930549
2956489048
4078442405
1237554548
123484917
2655057040
2114708639
4290230268
3080387841
1223957890
3055425234
1592268043
3695750677
2380629675
2300430548
1292771910
1799856972
1053832210
3992960080
2542796746
1483795643
3980589101
1243449398
885836254
1618349909
37105347
2297647771
3943471773
1684594495
1364118425
133425939
653421319
2172797444
2467118752
1671066600
1075797460
379686572
304928621
1869740323
64577170
1202463380
3017192088
4017267334
3704797012
2845020817
740152518
968542446
1589453554
1833157940
813941809
222544596
3852354393
1292468145
1458724393
3537083172
2508548214
3559160709
1934701598
1692537046
2230250384
958909257
2856264243
2704544197
2033851159
338896058
2456963465
3423813492
3517411035
1492747619
1268196263
4284102280
2602903833
1941030090
3146593282
870682252
1366982629
2792777051
3723824614
810605179
710217123
421718265
2561605824
1137163848
3282460346
2559773109
1328538302
2119748073
2543441052
1817618705
1791145535
1786773234
1390149058
4168791208
2629970577
3539232753
2689486715
1965010284
1220617228
3488730683
1462199112
1547654028
4268457178
1590985080
2319242485
832086925
768205404
3323772730
3733522097
741780742
3590224571
1900117330
3949942190
866672825
3284809099
2573190490
638335237
3485916925
1967629447
2316608095
2939316240
2635402588
3397719232
3221378114
3615004673
3015582853
475988360
1818844029
1572379471
3009003306
996514934
3963468510
3259220646
947329315
3744859375
3579788228
3750432558
4019728537
2838442519
2791781222
3050048487
389261375
2851984561
4218394172
2174526738
3981224689
1089123474
3826291699
3424421978
445518631
3743384337
3692638381
3338875859
504485837
2193255943
187485830
1879012203
2961374968
2506898829
55738476
1295625401
3145075177
4012227131
4094450550
2981046534
308155032
3744338133
4105491921
751558599
1798798832
4133886180
3484518723
1904092473
1385337529
3085426927
2128953565
482963864
1294091148
2955557952
2066066505
1821549342
1741128100
1139625330
95963533
125144000
593858403
2017256699
3918776190
4169326648
2831390380
729390572
2274612063
3102013505
1562107328
2559317491
765358173
3684497003
72916133
1241659872
1756301250
3971105808
1403374740
527716611
68398679
3836965553
3945215533
3934412006
2490915209
2592668627
289686595
4112183382
3363455709
1029357498
3976682942
4261126364
3016896218
3443929368
2191025451
1565403133
226141427
650706999
2308579193
649404931
3627869545
2261413986
1698969638
3937779152
3304358225
3861425171
580607564
1504431550
498282429
2879289402
1521325733
3198782298
1850953404
1924947217
1613274708
1826341527
3336630504
2496225835
2219288942
4160282866
236978169
4067660888
2238286190
3249701418
3516286107
2781893691
875856290
2316650748
1039034802
3372085944
3445272393
20193339
2917129898
1798243614
91127853