3245765053
1722976280
2789093477
1115162743
3738783082
2774672694
2702381235
3227881827
564039016
265711352
2357535967
1536946632
3170772091
82215687
3078173345
3330421170
1825004583
1951069476
2459064130
2100439644
4225099161
1985697243
1314412223
1108799118
2645450977
3279753738
1096104656
4217531833
4062093220
2737169225
2162087166
3111901631
856562902
87049892
4286897288
2051667064
1847411073
1674730723
1244025299
1282045787
2622633791
1879774986
3182332629
508824632
342652368
1809012048
2868504814
384641117
2871676880
1417198179
3934298974
2791206200
2601535229
1904038850
1563405560
2302228717
1581259003
3094923190
3957242191
3061437262
3820222023
1937618494
1949202819
3310654278
2406956434
2877419820
3365955477
1772767037
2923259665
4183661349
4140642511
2023726882
2766883620
1126410746
372570190
1572536387
3977200554
3017169630
1478254042
2517903149
3270601722
570074402
2834432690
2541487988
1936863099
2100604793
2497445766
3845575501
1294481869
3471131943
3793714592
556384653
2971556531
1824773302
992927789
3340314248
1829598980
543265020
1613994340
157918221
4055514882
3309144047
335294840
207247917
2445744600
517545108
695001844
4194232706
3695471570
2847191546
314817256
3931426941
1603023678
218212750
4195602404
283496017
339264484
2424797138
1663195346
1328077996
1544176035
526124799
