2645219836
3956102635
2098676041
2712837212
3562646971
1169246808
2714217743
4238249405
3831259710
2184892898
862073287
543026928
1755900552
312766923
187821617
3247038285
2381487922
646470174
4061790081
3817208001
2078086792
1057846413
1118311587
2632034991
584028015
3126128159
1557690248
3660945822
1562198603
4292501739
3106932351
2034144610
2695371686
3555986522
1773715575
604882453
2273701218
2668853729
3899212384
127591268
2714235900
2630823178
559736701
190960144
1879870620
1178816368
3207795623
1296851146
214776351
2881635704
1540260513
4167498921
3284359692
1060489936
2589065036
482784249
3887388531
666768317
2959505475
2581973420
244906042
3717458484
1481497801
168549335
2183662423
2512589725
2829541705
2058777088
1228921467
3268741464
2828181457
2951570855
67097057
2956666998
1894810338
3380368055
3164949504
1811066289
3716405813
2898889638
2651030493
4012000831
1217024157
1657864414
4076042175
3149350519
3449226495
3813703674
480019008
3707054389
2441698612
4078705435
71680367
2753319273
3854741576
4059715546
3828887975
4262866756
4002101407
2137238209
4059874126
117349530
1033514879
1241579582
4210710205
1031745385
1479494018
1864570696
3884048691
3755282091
2173040854
338384394
758791771
4256053637
3574196049
1452546846
359649406
913274524
1883813643
2537918508
2054112429
