4034399156
2040984450
3581173453
1442222126
3153296884
4276471074
2241090965
1422090302
3512060549
1601951580
2996620462
2888888347
2175010621
3693129475
848756040
3399672689
2108898254
348732037
1399859168
2930310298
3291880793
1099258830
706043033
595791356
3497986865
3656970474
3797253143
811597799
1892962914
1418548796
1630993165
2761073291
1247484854
3472524828
2761390108
585972847
60126928
1393485793
1766206964
2157524753
1485204679
4087276872
2471753166
2651488170
369766783
3315478604
1350314923
3254840513
292033219
1795602128
2156571006
2886095913
2132097811
1415916673
3790525160
1389554678
3218762164
2643608381
3173771459
843216664
2560836319
299608630
2515733092
1288413381
1022707823
1302083901
2563128741
4083908855
3286294536
1699949491
151490175
3153174162
1841424174
905392683
2494489172
3777961856
2209347203
1360478602
2622524135
564269636
3859465234
4839035
3671588510
3199030638
3470138396
1886490754
2379561146
1739658896
211701732
231038384
4149318373
174565278
3954824900
3494594730
3842671070
1848733463
3381326285
950188492
3822753698
3474631796
2829550774
2205290451
1018752369
3251065306
2761698875
4279249861
1373731813
695868032
3801746099
185051973
1402019584
882942536
