2676862227
2730567614
2163092409
758156129
4127820604
1961579557
2481489378
3465719646
915752402
3555277167
1908271371
1821051855
1315777482
406759903
3620442810
2728893120
3841225827
1232821179
166469488
1726703506
903935959
1589567756
1888469879
1045129712
1911338540
15392067
3689447625
235437913
1653880772
2319876572
3003971995
3862101248
2595879813
1742273913
1203398536
4113738951
253927120
1273224219
3370543244
2636034929
2159999989
4165597884
2992987478
830248369
3722754991
1917173553
2077724774
3183155958
1175136139
849002513
66412766
2143860672
304190081
30618851
2649309696
1794628404
3799626282
149564028
1456881330
4129974648
917269793
229310312
1456030140
1889561157
186849128
3267328810
1453293428
3483125094
1028753768
2257666691
3810139108
1959952995
3262761132
963426543
3648038739
941835840
4225204062
