1861119258
3005006907
2314079764
2520784495
1033536668
133478471
556737914
776373854
208404631
3185952971
902012833
2125219750
3903905630
443363079
3902855607
3866710736
91163743
3634022113
304289669
2542841957
2635482413
4183055408
3415272878
2127263745
416365073
1319215124
3522404712
3469752251
1013892246
1880373791
4256090025
1292485507
1690874810
3854822258
473230176
2994340022
3394883553
428444288
4120173180
2258327593
3451912742
2587212157
992865332
2904159708
630024433
1032808009
4094889858
4169169363
202114095
2459751265
4150868510
3025985619
543142827
1160115759
2568370004
1368266307
2273576405
730721571
1980165383
1892093494
2339273539
3782271649
642227651
1488021114
2465880504
4264068659
579545926
2674356920
3085372603
2017933776
2957751937
3762488356
1861518758
3311251080
2628551835
865753389
2509042481
441807850
580296745
1758245540
1922765449
3962060950
2152006897
1872359719
2854404804
2681887795
1402453188
2737889684
1435197918
2163681629
2133734260
4197427478