4066033133
204309379
3461425540
2346087557
72674090
4071198072
3098264024
2822255411
3726663839
858900742
832311426
438440105
3865717349
3820232098
2492567442
2285856664
2476969246
740231874
516085357
314786236
198815273
726226857
2094361177
4168181404
864380
4240070539
2183748027
1619499662
1545701032
1759693439
268227863
46766144
2251277826
1053547012
3025743533
3725044350
830502890
1935740415
4088570844
1341040454
1423944530
2405793272
160904017
1513219945
2258310760
1838696135
270462209
2647799851
2644937572
1437560163
213619463
1486534756
1007877914
1267193284
2999639282
4194171375
3890048118
2052490560
2598148620
2237124158
4103425243
1449506664
3111763357
3808384676
3552817210
1663430565
3915263836
178337946
4083480907
259035262
1311843222
509121705
3576297978
1280365040
3934465617
3394917601
3213170841
1211526938
1913094765
2780878054
3440238379
497505696
1806184704
1498092292
3959698780
2209399875
1995949929
3750441140
1310037917
3297016967
296380134
3334475451
3884504654
1641534467
4083569160
2388802548
397439708
3112193865
780998315
1481402937
2661323659
3091240286
3257919411
1909908475
3306119489
3160846514
1191018808
593075680
107367508
1323521876
2992787907
1598067691
3111473393
3709523592
3386436190
3881845818
4217704030
1493527187
3466577893
1928502797
2535225044
2920434949
2876860691
1104501460
1146858094
25258698
184799754
2877626579
1603526355
3620971437
869158638
710783462
1443701771
2101239084
2954778294
3461266621
3377024837
3172597576
2533368042
976340047
3604867237
1270187473
3259765943
3081428004
4159371145
1510586425
1182355646
2067140090
4240334885
3557720485
556241949
3450563649
2548932881
3634643983
1778503051
3112463119
2616000047
3800277177
3927606172
2661038234
2246172509
2780090954
2143527595
585010038
1009025768
2947140319
4207041015
2680173366
3585898026
2822237803
3853169829
1329924356
1762114820
4112177970
2306512315
3611542620
78633576
1627855442
1384122975
3524318771
555539044
255276539
3588423615
4189187039
1281625743
2177530414
3347460657
2630125047
2699319807
1059786270
3186328297
1104707034
1969075100
1751593014
1429939063
895179830
3343883450
4248658882
2671053964
2289462577
2495000848
2667258079
1017305361
618757850
1249194216
399029629
3882022798
311839070
2336646844
587940679
1573417983
1694152943
3042797159
1039392112
1179714452
1506952968
1330976485
3963001224
2634885743
3400474424
4039735009
4142598495
3621781259
3119501434
3180583947
2670287491
1649677283
2014214531
949396801
376846613
3398139777
1161596013
1586235080
1651609504
3474525137
3597195594
3541538011
582680287
2064818930
2070932653
3298980866
2995372853
3577116280
620389904
851727509
1375612644
672488699
3964592667
1258517089
531892739
2576490722
1473014530
1121122424
1028536258
1136248647
4287823428
641650185
2610131572
2970899323
2264371049
630112125
4092557026
771936923
2890001233
189053451
3977304457
4236673024
3366555834
444629804
3202519568
3036288232
3351562750
4044177664
120539965
1134832823
1752369102
1637918279
2570488939
970299715
1375425955
2317241430
2916290995
3453867756
2042641332
3363047650
3219817850
2463295060
35364420
1650040957
3166732227
3946596427
2643609981
3594941423
2042348999
2555983204
2963159018
3507313207
3701171086
2543117004
3417652897
1468070273
2242222032
2825483069
2615507155
2590841268
3532225576
1660836754
2667683988
3934114172
2780309183
3303974276
1092058560
3479953430
626819885
354507812
2290864598
1068203850
2922169553
1258461513
2888733054
2346093967
1901663864
784098742
2011223354
4291411810
2644727366
277620636
1131902301
2599741153
2319177116
1772271499
1115678760
3415107302
3434087052
2342558609
106579243
2109644982
1241244238
687094281
1682184321
922324144
472102628
722015995
899155251
4170230596
1265402758
3262739033
181370702
3426314784
8408404
2085234078
4249382613
1334717485
1569458350
2103966276
4084294862
1560640936
45540033
895957633
861844221
969392004
1614727530
2408985653
3096293298
2977729000
3192891335
2391392017
972038530
686789305
2007681476
3242698713
2869072370
3263276146
3560868067
1007132110
3928023158
792668515
3622313852
1743710184
1518436536
2852646094
2096103595
3140195193
3959434663
860064047
686047817
185327041
852071852
1333503570
3928030573
2191893437
807513333
1268587149
3404475346
3675923840
1482602835
240214713
1917374005
1483558977
3823918401
3164640802
946461576
2664552329
3267582037
3726398264
931866230
1770556003
2720048165
272563226
399164603
2102935230
2220832612
1085725947
1849944951
2360264931
3970981926
1155400624
3738807737
1190604931
4117364761
1132251988
237761579
2675767712
2800097704
845791205
1730069774
3405804200
2261961677
1885280098
654674796
900977668
276649889
2882351293
1767330456
4031989773
2400057602
2184780340
1898856950
2723243737
2836281024
2865358285
2558123111
2359209800
1483175126
2449546051
3408398155
3564981140
2373408482
81758116
4271071369
3709705330
1263758915
2356729360
2565211300
2359333005
927722695
3539819021
3753224085
3905256330
2246071474
3600427746
2420678993
2960775852
3385175866
1105505431
2204249683
1478308852
3621149774
3153575796
1205844975
2613316123
3822286466
2792831183
4209013297
2813647446
4059418400