184687763
2820741835
3789651081
3461313080
2871459197
3363843419
1037759021
4075557386
2610031396
2181872789
3949267071
2610070783
2587902881
2251122274
126230952
2141554937
3243090999
4244951866
4226945501
1435337413
2594745649
2789280076
111395014
1421043642
868255874
503379922
3087762428
4193948027
2508711002
1037578158
759924178
2485941453
3197716542
3502928424
3379647144
902765281
975263792
2256973758
3652798369
2836984537
1742793222
1476717072
2955397508
2790894196
1810694204
4104699320
2301967996
1673806892
1114222013
1513591400
1749649357
3691135838
51577306
3813463494
2086610567
1591394277
2975194442
1361417774
3696052519
1913005543
2784505840
1067328693
491324116
2881623449
2396783764
1689313433
3858964939
1385777023
1207918179
1416157632
3419847392
2766714061
1636326318
2778683995
1793772716
2404493142
536187409
1579654077
3719317971
1781935199
1608772128
4082828703
1883837456
1584193163
3099593796
739917754
2436257935
103713312
3343203755
108074314
731460546
2922055283
1687371406
1707456363
2468322978
1869213381
3281411677
2401361692
1457269966
1449813589
945778453
1552957926
746300337
1994849015
2525958804
98149462
3624181445
2003710973
1676225686
