2573471819
3789249674
2693448016
2301064996
1997347445
1403966337
685783669
3834930963
617787515
529048981
3981055771
2972947723
535703212
2306622258
1221241812
3499821856
876676978
1039633528
3116987990
3045358491
666168475
3413281649
276825688
2669691603
2203127057
3814185203
3968761233
1089812524
567679616
1989342630
321646578
470847322
1417415224
455827684
2147199105
403205465
2438140190
3241071434
3101403690
2379612853
2245910768
266612238
3693604780
1405165630
710828912
1230379247
4160968324
244224662
1025106669
493163861
1903148689
