3981264723
3940754550
3201254740
2418775498
4238477886
931901762
394544814
2355667248
842330025
1730138896
774013831
1363730860
4133421497
1970250396
4229246145
3968112161
4257410370
3837742721
1217982255
2692870817
2626729896
758032161
3266734277
104091127
3016531752
1375534292
2619695534
2524398431
434026659
1637562299
1551926656
241012547
1380419744
1450029825
3097345605
563350596
2342645998
1890702012
784483526
742668764
2358499899
1092268541
571136963
4168002822
1424557173
1687317369
2335979511
2382240629
1134975110
798739091
327061573
3348897588
2335592120
2896557095
3576559624
1948043345
1178561107
1868888393
1959556845
543025033
2539853535
1633520998
2191320606
2994665524
409931212
1562599034
1713161090
297167699
1235371703
1030075000
2623604996
3681495689
3105419401
1656586122
3703991805
2646991717
955896346
730452891
3730167569
583972718
1585564898
3339291016
2458324585
2658045253
238048728
3874951924
1988698403
657409848
2274892719
684733988
2919816690
3387536935
1409478829
4141340095
957917674
2567891184
3988686980
4197921768
