1445272112
2092447409
4099906633
1940916672
4104448968
2238797500
900204764
2508917277
1397989262
842440657
974609130
3176234278
312032648
3378694988
398228060
509421837
1859102861
2363475858
971880733
625481686
2306977051
1044573725
4149069102
3748195222
496814007
3395137778
1398944912
2626564255
330567688
1211373213
183941916
210703170
4268528643
422263924
3660490766
2080136630
3016348362
3242573657
2796512315
3469915062
951280669
3244204134
3100825582
2502578986
3317678117
1784142093
3138359379
2831347460
3162353073
3786006235
2938643406
1010919491
2819949410
3752978037
2627472465
3356062431
3969146254
3407304806
403828972
2018162542
2872160345
302315508
2626340350
1210152385
3678704319
2437511863
2421321070
360890179
1186117305
2502435243
3762155953
207614767
3153606413
674852341
3939305048
4104534306
3217052173
1713391832
696022803
1174169529
2220364791
514732170
3701315565
814994243
1598087699
2171475641
1892294128
3319929438
99675310
2657479033
2788836797
3128566219
1963766437
236361314
1684990628
3190509444
1452895440
2169500423
3679755153
1191354619
3860387738
995517667
645294721
1447671394
2862586756
999193753
3352521470
3212857125
2968244552
4283743787
247135267
3927892484
3041473221
364167057
671244207
1727314966
3156918836
755602282
2577134136
2267237606
3417509379
3675601359
3605107184
3497310173
3814540940
562546406
1992847184
2554240818
2955050178
803272657
3498321370
2647100199
2080068346
41367065
2507272600
323640142
1339557383
372129461
354485029
961014123
3599765189
932379727
3038120783
1420987766
886262234
3037697455
2887646561
4167908444
251149919
1357825907
4085713980
1193044243
1536834448
1829444769
796528786
4109135758
3826865262
3600495171
2863637388
1964571993
708450757
3485742812
506790291
2108230084
72970838
1777613793
2826227858
2770171771
4275813313
3194982611
3719810757
418158197
3804705495
2382922271
3039916222
3544600118
3103357605
2791442285
443442203
825561977
1126164112
3091010445
1388542122
3550696948
2050713692
1253414852
1462360075