452336838
1003079453
3135140296
3080847640
42871481
131749346
4126022537
441050027
1971640604
593059227
2994764893
1248979634
2694920857
592519439
4204553465
1516655476
1288666051
953444432
538223315
1540272780
1726253998
1250048386
1344690241
1362978543
4134749092
3070206940
1600710798
2549600154
1284324080
538111161
3636258036
2451340577
180823632
1659213745
968185037
1675070249
2049972094
2346271189
670463283
396538807
2662157247
1717453513
4024236388
351906246
3752059123
1438627920
621365878
578943163
4016608089
2569077358
164178225
3386752797
1282785031
1841861073
3451221345
256449200
2732824599
797713498
2479488524
3596130956
2868272700
3797011070
881398221
763379287
4080517026
3742578362
1730889523
676736882
3566758647
1598432875
1017650968
1076115821
2369227497
2935930965
1394010692
3926468485
2434621826
3906668130
1535836983
2846046504
1894675185
1477455871
235168840
1134140603
2328781445
3756681322
3374315115
2082454031
2939440842
377042897
4241939036
1719841203
757754999
2763783961
2170350230
1849426986
3916739348
1654496693
2635196890
1396443716
1835339936
1773769186
2609539843
687553509
3700395603
2579037017
3028107044
187021692
3075842499
4198653917
961020626
2912081590
3919608434
1281417430
2722086219
2981349974
2758028587
3577898700
1922317366
3862114852
903107626
1032564326
2250436188
2890012774
1622161528
1174406500
3973685053
5660777
2069655383
6631656
334256388
2087843481
287826118
26200888
341325221
2883338833
2284892
1094578777
2314427781
2055879652
462588427
916186843
4043647015
1343036001
1660258386
1372190270
118098637
2242363828
1797799328
2978161330
754417378
1475246501
1705257028
1058663767
2786076972
778437656
4249294684
2336025078
2052011146
2153946547
2542695746
78536486
942286448
954050719
365371112
1144722809
601429137
1230709595
3544513527
1347970274
1869651135
3686942094
2593633850
4114685809
2261247366
606634104
4260627180
3520913476
3018540387
3854419456
2130208089
3972142053
339519744
2643335887