2876389340
679266913
206051448
1066378474
2109927594
918921138
3324880268
3677480160
847618542
298841760
1278988401
2955500904
960803347
3040179314
4110652477
3327432822
1447007524
1383167002
3372793112
3826393995
1768520557
3565205458
2772462727
3316104864
2987811853
3361208509
3739835341
3356133296
3174214340
75072519
3264906356
1830050187
1454144497
2221121613
448046558
7625599
4200461585
1054089231
3948353298
2066517776
2458060782
1679472494
3770934665
212779472
2370068549
2303365439
265845488
2341552978
346055773
2960178876
2555950390
941458955
1490830163
2386838042
1442355816
3931920394
2439141015
2540980247
1033443320
1270227578
2679337266
2915327112
2462922347
3721445808
661852912
682448758
2022303730
904146247
719671616
1457347954
804582883
1069544940
4016861638
1080433376
2015195113
571489366
3688078437
294202868
623616844
1795750590
4290064610
2334712746
3618706939
2643532360
695504106
4038073728
4130341944
2091197421
1880094079
1159097045
2702100060
4264178670
3559512185
4015602170
4136919826
3111632193
2089234385
3121922798
133325706
2879577795
3933549481
2986296928
2219599392
2774899156
2822314202
1737811387
3760356299
424011563
130983060
842264738
3415645571
3558394306
713511520
858698982
3134224738
2087354964
3315339346
785886318
4254651575
3159249956
2006549534
282971630