2847257129
1550906171
2968620826
2448194525
2631604904
140822880
3140804990
3187169181
1261491901
351662506
4060860898
1993252403
3393189972
2924122960
2476543171
3338941104
70869066
2515872272
618842332
196850308
4200344089
1664628588
2132666109
3879226964
1388719857
123530297
782399305
3214663990
1094026331
22833811
1547844674
4039232400
2424232034
3739745723
1325322657
629655469
2436477943
1920644377
3454131721
2258812188
3105492819
3717967372
3132107254
4238847544
1390957962
396125912
2495563750
819091786
3353437388
2921805156
338806218
1592841952
1953489907
2690419924
4168564157
3720396353
1100949880
1341284942
2521830614
1012992092
2772463804
1568884974
1877870643
103688907
3228540470
566518807
1503125165
3142404440
3642220220
1227641528
3777149780
225215793
745667263
3409576174
2722283761
605108575
379725776
2515193413
2144770495
2594784392
509499318
2292209046
4083308503
2840217294
1640276343
1267604607
3018133756
169078368
3202127790
2414565436
1999193285
2941541298
2147354857
1434433965
4116431848
4162335330
