4119434967
1340286895
2276662849
3132749144
2588453799
4023219510
1227639602
409356982
1578770216
3514184434
2125976732
866690140
1157036251
3317211905
2447629002
3965008499
1159852977
3302026850
1234052993
988762883
4144934590
2830469128
3191144650
2543138292
1298006993
133703597
710723205
4190737495
1337048928
1582428197
1366513342
3207067930
3622984404
3686586149
77052160
2774468780
1936841475
3973402282
3522697175
2462066832
952074948
3828100017
3947852160
611599843
3688951727
2944150190
204042857
2627389248
1938690088
3650533421
1934430732
3991005184
1699419742
308598235
1972209863
3478371933
975846880
3476952633
1055504667
98688688
3632880512
3829415626
2500899008
1412397400
465843495
1321668506
1453604218
2975305446
2630064335
4155999775
2623183893
1626541226
3025380233
796360755
2499104426
4039657930
3965568229
2345936207
1893541432
941819661
3618767072
2788823026
2017898020
2045374201
2339093079
2501753314
3206397616
2931284883
1497829721
1980871258
3952116529
1461818237
504247235
1858475403
2640529936
3990570312
3278839377
1327987729
2776180360
1580772211
2714082167
3314878387
576096653
2197946574
3439307323
103398240
973178835
729459305
1949592141
1050774736
1011050927
2256984361
2412033376
4021521940
3929692296
3812269989
2068359353
408968806
4089445227
2768263745
1789280550
4055058377
3616990101
3645631366
3386119361
2642751247
1901477924
3035340976
540988981
660269387
918134285
323053438
1225561649
805267076
522798038
1621178535
504102881
654821370
4205784324
1756235345
1480178218
3485508710
1405462200
2035343579
2223904173
4256860979
769113168
2431345051