555964351
3589426292
1474910019
344643203
719832910
486752090
3370385057
3817378794
2675361139
4177873792
3768352807
328102329
448515524
2928764142
2830252288
2670594431
712568845
1499261776
4015293139
315727528
1462163806
1587622413
3600313205
1121971362
521656981
784403637
164151699
1769865337
64505054
2055613494
20881356
2215027177
3974477258
1918441852
3746386473
3119116847
552345430
4222843755
1303203795
3155906236
2150754477
1202573842
2040166593
2060883072
2920532880
3960425390
1954029871
2464927918
1912074254
2830734258
2138890091
2346189818
1853166019
2864414337
1874913174
521089903
1824054901
339951104
3589977873
45822803
1363641400
126840300
845792497
2846717366
1089992583
2533755121
3508911883
1663061741
3401200031
2276058599
3111569242
474314982
3296790227
2895006441
668717611
1441968043
1540086090
1359868539
220524010
3915144138
304648584
4219904111
659873853
3310029542
2338019678
2667684262
409316236
2581325986
182885519
220716562
2680945301
1179718874
4065136377
489668652
853520967
740966339
3254332576
4285917539
3987718125
639345091
4033074354
3006105531
2233248216
288018676
1432408347
1246793924
484459459
1086467075
4067207059
1967066627
1062188474
2366050303
1776094345
2689545320
3504848588
39795874
156463799
2269879995
1409155119
2834059161
774996492
804132453
1067143525
55786453
3722444931
1589481180
1276382039
415397948
2416871093
121025303
562066445
2655369435
1974058685
2999245900
4195728580
4264240514
3066822970
2668988350
3817307021
2986992264
3537012462
3796196769
2635284697
3805979334
4195542941
3766921714
2778569717
3916703542
3776558387
318107563
791230601
340952762
3982297826
130262458
903555071
4210297021
24767800
2368891953
1782717893
837372814
2534739665
506332859
846023707
548806348
3457369523
1377661418
1282604597
1601863355
985585549
890516369
2762521093
3286672328
736251126
1802776242
1486173063
52083604
1215509376
4078744282
2236717022
2125586760
3080552083
1891745264
3640263124
2546026943
2997023157
107336638
3958160841
3449449997
3644397292
2608226294
881280864
1057848358
3278735291
3688908893
4240227090
3160865629
3227344928
1734978077
3861556923
4070914989
1547332682
1748051439
353162635
3724637660
1112674302
1409673834
1393042891
181503271
1272197440
1692534415
2372274556
2051486938
656725543
1910340779
3908784936
2269121851
2993320200
2193328885
1001242635
4225095307
3615521361
2633169404
1401974892
185756202
3447881725
2618132557
2156051514