3691978283
798002591
3669833827
3536688574
1134768914
1416719335
3414481666
3051557315
3247104357
3255493567
1540070715
4281032331
4023766054
1085997656
2923893481
3177770628
3620600918
3851214810
3219995558
1033819484
2969984428
3391089289
3972471092
2057644994
557983400
4071686027
3141604237
4224581239
312609514
1778923396
3182762003
643418663
3508436949
47987863
3210834097
1845331080
1839642703
3032229309
4233947719
2807879217
3374241840
146214427
3309481287
3192095189
878979883
713841596
4261407713
3797593188
4284034335
3056907703
903475115
954441894
1602308790
3122373778
3183705022
706095914
431362664
2783051668
2880870309
3667419095
2603375239
779868978
149224679
3449940457
3291087606
93617433
934476723
2990808443
1073896312
3058905765
3329209901
3426090313
417342285
205373483
2250414880
2092390555
709708758
1180991428
3863333571
3506266659
995155330
2657550529
1808568038
3275020889
3427383812
3953568258
2710210013
4124593346
910212845
2119114292
3579097385
2191391211
110143793
982215024
3739600206
46344921
4116054063
4115204991
3951219433
