2353594632
2084190336
2839924205
3050185410
3305481949
1406927469
2540994590
4267147285
688795748
894359721
3747439558
2697928878
1180772973
1874405825
1273906617
1309078032
3828562314
2056070027
2686940535
154823022
1718871251
2197560753
769770029
2771388587
3979054610
2991111912
66684714
752474204
2293172881
1044012942
3761439523
3652549623
417055138
3211209584
3791481066
1444612869
1493288002
1824368379
1781546072
2449602721
858960170
3365276379
4249296979
740724289
4224056306
2873876544
2563660670
1071203970
3929394418
3147941691
2941425056
434134777
1472560104
2761147249
2612482240
1324516104
752617037
259875754
3938076066
3071496827
322298030
1022531725
2381638658
214308200
1854771481
1583438137
890138039
1561934347
2242617420
654239419
309788458
3360581347
1027524863
2330394676
1159864710
1314935032
2580194799
2229299287
394042112
4040721194
275123139
1490131707
3511045183
38007873
2316594928
