3666724613
2049597655
3442555033
2732654158
690798965
3474673091
4280005515
3252686552
3997143844
1233856463
2679652538
2721128917
3576592904
3801088946
2527267989
2353711468
299560144
2389086427
3826613649
2463647813
3735019140
3332321038
4175926548
2919966890
1201951815
2234452088
1388516544
1275199052
4225987124
3832411999
255589240
1155982429
4249471683
1312962079
3211675136
3092713022
4286968880
882128414
449527611
4073728494
2595002313
3903595120
158591104
2662469477
3248945064
2831229111
2590461074
1511089021
1217023391
3740102378
3229879509
3079389821
3693898473
1744283787
4085733794
866845249
1030627795
823632018
2246036427
1091867000
3898988013
1635622265
1518870514
695324745
588890586
309800769
3554371403
3512056064
3768926318
3544458100
1315941620
545231307
2262811442
838714106
2873557667
1200079095
1844592436
2500994332
2626225114
3840011921
2370241158
1822702179
2139092766
15025327
3667557327
3866254436
2190127733
1608855672
4157680133
1310698477
546366920
