2543466438
4242468819
991175833
701415921
1393469081
1087755218
2952822542
3512783058
1600920913
1624626769
723719997
562813985
518661397
1818541229
2404107212
3999110937
1905583523
4294280058
2867208747
2756874058
4252381394
3722647629
3608319938
3086878702
2293353582
2317749577
2861909101
4224799092
3411857634
2484465176
2683653625
1380293380
3474460107
1666308704
2418629446
38620127
2629632043
2191808838
187199141
3328321565
1506021370
3480714437
2579211433
1960985894
144212912
1048679580
1640519350
1680253809
1331391490
1392162992
817935120
3866607029
396162070
662177935
3097112738
1573891935
2937387583
311139463
1231356073
3482351609
1789358207
52397556
3517301985
1711570324
4046959612
3545121497
1381932493
2758373404
3195031196
2588255380
3974092370
3899257402
2845448073
2630431129
3008317932
2807725999
855567183
2209698734
523230990
723830316
1693339946
1483084220
1737199304
3353529195
939476380
3229785609
4215253066
2023855655
2968026553
858066896
42616116
3412104146
2672655684
659498933
2790560649
2913000540
1975890773
446084992
2822590104
570146922