480399502
2984767737
1579022092
1448038142
3732187023
1783718516
3447832137
2367595364
12093268
1251170706
1010155185
2140430197
29186335
2882706202
4265077877
2705384071
3936836592
1756302844
1045887915
2237242596
189955507
1884284210
1480268257
1482249664
2256140824
3672333412
1092559595
2212598838
615681580
390134194
636433443
3578658724
1837572258
206960128
757326819
2542198522
4263344817
3127652269
1554541996
3006982178
2419042543
338102956
2297529683
2919954903
2899273074
3946928053
81495433
720273539
2491607356
215640221
4248498080
2277103067
2506377930
2987204759
2606299565
4240215849
2433869849
2805137041
2610039844
4146864751
2688544586
1866439358
3956856503
780091965
368705520
2720642802
2838651735
3450477047
3586396512
4087519941
1110209235
1154315407
4006014964
3671594204
825610555
2332602904
2334372737
3107052520
1548404691
1288505066
161906479
729160413
1467106025
3980478516
2502419735
3402716819
778511306
1250067665
739739716
263132578
1208669346
3156897748
783888306
866911460
698806181
2126680280
