893658491
2102582493
407629058
3304454314
2319579979
1335897125
2453873964
2018255724
4027845435
3879192804
1991435768
153799379
2974882549
1393166130
2893809641
3149041963
4122864453
2904975454
2233782503
644423121
1884727063
3602821174
1005006711
3842804996
806939633
2642696780
149594729
2000569350
3570310776
1280578339
884500864
1154090953
2995511760
1927674995
1941257915
1826867904
1911513403
2958871357
2734914230
3632706174
3834545154
1112640108
1008396633
105440151
1718209456
509773798
1757931460
2000738326
3444404062
3549739012
2880840660
3398849940
3924028442
1773406924
708360795
4222063657
270723227
1451374767
2333171622
149799390
557633955
532044337
2860732307
2375723772
1946820149
1435777681
1604977774
398412478
1383653928
1233210149
4105970493
4227319956
881201718
3155092314
1855893124
2674018573
2711331309
166797728
1267744814
1148281904
1416527939
3269118325
2384580412
4283876275
3217648194
1203079377
1618592980
1796904060
332937956
3801239581
1820866736
4038530484
1066207996
43434075
2671427527
1142766812
981523808
2088360715
1520438058
964200663
3903234322
3206395295
1942756670
842363397
480344579
3513286621
1215966856
193137476
1941278530
2982012390
