2869408414
836235162
340495826
3210848479
4250346519
2190366431
2401882666
2224314010
1324685151
822149266
1254260813
766489392
3968003175
3148324196
2862281900
1758569040
757459178
2825673679
2960154984
4019463160
978454026
453712541
2783842668
1837392047
166336230
121355653
4244257962
315308970
1370454743
1022084568
3837245484
4193150071
2931313818
4212487504
3369605315
652862286
186413843
4283411372
1925887446
3666343145
1004830250
364040418
2617056687
2420897788
1025412513
2922928338
2917891010
3571834986
1372844726
75132552
1149229944
505474555
