3159220502
15651636
813648456
211431806
3210696109
1786078853
2526756390
4073571258
1259431300
2298830747
592325855
2488967545
2819511256
2729409989
3930642722
2080383770
3072557756
3943770444
2468651253
871951635
746830674
3246778682
638826109
3286399714
619033515
2862227430
1440593422
4080252371
4273755920
1457868757
4212662661
3016561829
1897051441
752102272
947700157
4044340639
2754518101
2928208276
4156758757
2579975977
3581520715
369631361
1138349585
3350089846
2211961844
465868407
1278396783
3976034524
3036120974
1686636849
2409204448
3509295666
47521674
1768499192
2045217309
3383779608
2086244292
3001707365
3736810778
1131285379
2273931702
2008989766
663058730
1842669334
2476876527
3257901545
2138457292
3669270632
2475070634
3100219596
2264260411
3009707922
1219984325
3098306468
3704208883
1535853125
2422265591
2342866053
1378840108
7843275
2399573448
1694544093
1585328028
2435911276
1371059604
1271696852
2785376611
397285772
74873202
349261283
2959519493
1461581875
2775720308
1149282496
1839547651
407138173
2354608542
3927684905
2961232661
2838162446
217353765
2637520325
3461646329
286020408
1275331704
1529298943
2206226203
1592485029
3997218015
799483541
1504105265
1249179823
3106444908
2960134475
2212268562
2374030696
3817259709
374327129
4159023305
3944941071
780389381
3840064789
2274287534
2215169958
1836883088
148224508
96321034
1935092748
1489175994
144255543
1829180488
4114712402
2981027575
986819789
3007838859
1319598337
3565234983
516658336
3714183541
1842362228
1216180641
151057942
2416169967
242345103
64602372
840069706
2903367096
3953126957
1685811796
3077391626
1554373021
364683091
3525294416
677107909
3529722506
3811969486
1555851697
1867165655
2013476778
2002033366
1631261419
2577261828
1093548988
4031934425
452814071
653213042
2878122971
3742104627
1882205723
606539310
3112333042
3418752684
2855391698
3999970005
2114268125
2239265714
2258381955
1542232849
4135855192
3753245117
2325209988
2896835814
4128028682
3853519397
3568124033
3222168530
3937442854
1767867887
2684798102
1070439862
1269748872
3943408177
3904016407
3050809583
2741154510
2631286417
500912990
945704699
2798511628
2866237043
2132766645
2489372018
2103462946
1960233984
479136136
2822074377
1171002858
291613537
4133813978
3935509617
89538196
2668411298
4129634364
2375463386
10196778
3622039155
3965871094
3149138452
4039018038
223947647
2453603883
1336674959
3408898255
1669125027
938099861
3250806099
3684886012
1450666113
2900246284
4101373382
403752188
2773376009
4219059530
1524204017
3794617831
279798073
3773686366
3462740025
2970820732
1747005931
1341206575
3474421395
1521430540
2657218443
1335649365
345727728
4165023282
2512058808
499809116
3581748869
2203281557
286382174
2760532448
1053167966
1015840686
831039353
139323514
496447585
1760645071
1721598137
985192340
3188062569
1462246167
1674058255
2798302010
121092635
1473196486
3093519350
1906206230
3264382895
1431079601
930333744
3798336979
3279294068
3394087057
3677983465
3279371396
4215931892
4038725013
321801645
92205769
3033142603
4285976820
3429797039
3736369565
4290794323
2727454124
3099142660
2583284661
2575923786
3993166877
3581700366
3164088165
341304470
4025576410
4124849035
595957658
181886853
1462423542
4016202360
3327917190
3878040726
1169247472
748379452
150682390
3420234317
1781476631
1049071973
1954340712
4230504143
4247908311
1992663571
1245466945