1589715424
4006556791
2610440664
3624548299
959687448
3777035911
2868979031
3937649252
1532741252
601809769
2334846174
1681260796
974785003
2120585880
2992289401
1235799209
713273433
2700675719
224783484
627720187
1433913288
1768412968
2755600580
994504718
935338338
2003121961
1569837813
1868233668
1131665817
2628016812
4106544882
2234546151
2001466513
3694186536
2650817099
4046229955
619920985
1167029777
1808893411
421241684
3142517076
484664022
2760344417
12969368
1490439306
550733279
1473842514
2836370622
4085090686
1668099263
3872266871
569259602
1331227533
3552446317
2798615369
949419732
3669428819
1217541580
2362238352
1478492086
2224308636
2172245977
3713041453
3725904186
2055581392
2414245530
3635829194
3768661392
58016368
1334479309
477241474
2250799203
1421313974
2822339916
3540289985
1383878572
3645573166
359000488
1999270939
3764343931
101636838
3350540008
1504673234
2947289449
1656526294
2919397230
3250927671
51209343
3631798623
4188657030
142036676
931613309
370008930
2963994602
1456283181
