1817668936
1295304988
131135502
4066101361
2743790793
475371895
1701159928
1067897511
559617802
4109493382
884689520
1099382841
230810501
2848455708
3360334405
3689138031
476392990
2916528957
1682766194
3049203899
2621967478
3459630208
4012263583
2881641761
2450270956
3907527113
868293029
958209807
1691853783
1108291661
3576807570
2728396948
4109510277
1590328944
97413777
1792038622
316372405
3244929006
3010556376
591519483
178153594
2818662707
627711341
1475098153
4146443556
1554099315
1661503643
4232249165
1666417905
2227258332
880570931
4106559286
3193142305
2398263516
973780956
2484374844
2146980037
13869413
3733798254
2939595839
2574144869
184781479
1727352850
733081410
840737124
2839390400
3598854667
795581688
440367565
2290270299
1224018784
3772008795
