1498074797
4115302809
2865031278
2523021964
3138517434
2158048426
1525814773
119340952
1219747911
4193960882
3991925527
1636768672
2780492181
3806312133
943827848
2204804551
316993745
4238699677
2896658367
405212556
5891870
3218179046
3457901616
1990841816
4071195429
3877961034
2489180563
2427129099
4157360279
2093269235
4004252296
3894877233
1412144520
3685570161
536988995
4244476303
4110156801
971813117
1235523054
1645262298
685448932
2842648225
3773249116
1415682113
158341443
1220583284
1069254763
114791154
145368454
