2942261942
551077099
3242024624
1287602715
4167399320
706036263
665223147
2817155876
1388085920
1175190327
3148359099
4188164369
3047025520
3032615847
2969735467
3090485817
2461561706
2520395902
1483802035
1551261477
618243754
3371428079
3096439029
743846998
1888998852
3713644549
1544392730
3042947276
2023980009
2985405796
1486951538
411822115
2258272603
3027605857
2749687670
4154134853
3718522220
1745481615
952697449
600161006
3830242410
3517292746
3582745196
2358452809
2508427155
775858413
2811307554
1816772222
2565923970
2442870093
