1403610859
385400915
2131896093
3981403409
4189006688
4082310139
2690354250
802449309
3903148187
889911606
2987841552
2596370402
4037757472
3422295012
3300119408
3888458962
2311622057
2086834776
1934498392
1673272669
1090410284
1423397230
2240478957
2940634951
208803785
2183525648
2073424196
764708009
199554878
1338274202
3493617557
1146509396
3349645040
4004174946
1559382980
4260994688
504616653
3492367958
2519693867
2155953286
2715193574
1113566008
428881754
3882878285
2725654711
4195206241
3479392341
3905898245
3273203039
2537414331
615532452
3494223652
3459925971
669353204
265485888
173681834
1718845272
2991247199
3410719715
1744858166
353234047
3695351384
4199466579
1383048
3277666125
3226987395
1610072085
2364503429
3535158918
4026179624
776915985
1108487536
3790243401
2373026329
634660216
529503356
3187295014
2142528755
1093554365
1461037855
1789281281
61154553
1078887133
27161538
716723464
2022506638
656675530
3114088614
591542451
3226588487
4165254502
4046876234
1246004677
4173455757
1421898095
2218592818
215387679
2829389815
1505278880
56839887
2749039263
3426714197
2295737427
3641251628
2803722352
419087211
2451675974
871810994
256530004
434450108
3421876390
3015678430
46920039
1362154822
3875160365
308712138
1169366168
2058090872
1340588681
854157276
1033061820
2124309776
1699426090
2381531172
369802345
2785628385
487452106
1439507893
268015036
1064226519
2117242557
1412625622
914165723
3419150086
3658575287
2035475490
4081811160
245804902
2222502564
1381228886
1074947171
4109805920
2217754325
1172200181
1065508358
1284488055
3129836128
1156114675
2947532404
3210599567
566879532
2301461710
2168662070
2965339601
2100363852
2842156740
3653990981
2987745233
4196690766
1199948779
2003240123
3119493919
3586930457
4102621192
2742334769
3596646764
2248942856
1847988795
925150709
2118591261
783071780
467374033
1013338844
2247262406
44176092
1301331287
1526037829
3562170391
2392121704
3911324929
3193706152
3718695263
2680841517
3002199200
3103288588
3156219411
2576509016
304582881
3981635905
1630659654
3669169357
3143771989
856240345
3711588155
200778894
2854177362
2913667061
811989115
3964425721
2336468233
3010981646
2823274075
2242150573
2464657895
66672352
2874918407
3748807622
346424914
3371061909
2893049782
3563241896
1435604874
4155854637
3957373407
3909907206
4003408922
1637537676
760455265
717167790
2026880044
1145177104
1419974057
1666856390
1963479670
596556231
130097627
1914457706
1804834999
3217628140
4175040995
846254112
1778429979
1129522006
1812674810
223446052
2524630114