70163694
2522388583
4209497877
3120770368
1351059952
3772670050
1041509593
4049163657
3268751583
2965403246
3412299542
57026141
2115376851
747737731
1165594002
245650402
3188763857
2018708041
3622992665
2144329967
1923623721
393008595
1047268919
2475334974
1445786494
184215714
2220398172
3687146626
1313454643
2663362213
948073982
874012190
2831521538
2739146742
1896793660
1399510329
1821961403
1859720916
1399230090
976474930
2200453209
2349970416
3213252446
3041422832
2845510028
2892933708
2558495021
1662618458
547272419
2566098358
3725399691
2427855953
3001411432
77318880
1519678048
3296932196
2549727263
2985019495
520595160
3703007991
1082489653
2127766447
1538819631
1755965826
1277797137
847154437
1318970830
1319428042
4020137379
2034264034
549399375
415136395
169317829
1600764985
1172224931
462016685
3614359775
3222264075
1520591413
4084557520
610693400
1617164151
2233482803
1276896078
3512726175
3109291031
3103651405
4203022810
2749984106
2240468094
4214648546
3603789824
1991627099
3013589385
3610789924
3244290990
6746582
4052625697
1116325126
2475001917
981529213
1635568598
1022361142
153693173
2524139785
3645196928