2199924736
4073587318
2240058284
3328939651
1288616658
4094588822
1134917195
3692870834
260676863
46945450
3402267819
632772146
71201426
4034326896
3406584354
906826997
3231064575
3273600625
3374412922
2763974947
3332773035
1269651420
1917555097
285613740
3082377695
2708857233
1033966869
3073388675
3511588468
585519565
2403542922
896534854
2324151991
3137189176
1873379347
2251852431
2393992027
1308690089
1434629324
4052286360
439079112
514803406
3216082552
2681333421
1074717900
3369906439
2347148412
231917722
1667137207
2461026835
655019339
2065505866
3617814151
2134044703
489477358
1175154715
3299629014
3345658910
1145811638
1491841249
1205293239
3394495223
2969190002
1808761162
3199760186
1820388317
2947238522
3748738364
1924963280
3838022614
3189464266
1556605982
2779684480
3371560802
3220218265
3453089064
1892412348
1355867883
3832501983
3015677207
2913378234
4005326260
830843431
1879085396
3908506735
792577741
815971577
1192741792
3081722020
4025371845
2361778251
3618379999
274604519
1094115231
3923648169
3492771791
41489788
914105278
2880549359
964959272
2545060842
238746076
1738150252
2157031139
2509117808
1750364615
112892013
1969383490
1202584090
2598223417
3653789222
2322076847
4092541088
2448330321
493469024
555604654
4117383507
3487157173
724048825
2523805991
1365937899
3592016363
1869143557
3019147212
2158554407
2595667116
329178036
1297474217
2390781946
34114560
1972920019
167615339
2931841924
63329167
4015814200
4117362126
83956678
1701305628
190714917
99561512
3334749825
2981330578
1731674348
678509290
343052461
2211622859
2991981150
1521223006
3903046291
1078625472
2333141269
3836106166
2473999564
3412324244
2409952784
3455722143
858007408
2597232896
3739310375
1354372083
2308707299
3689263041
945048876
201294172
994546911
3486548568
3018943367
3341108988
1615099964
1352892819
421784897
1131463779
560691834
4008965290
2821288515
353704456
1819505113
1829966151
2903436948
973415708
4065970739
2996839797
3545156743
3104748126
2660850806
433144494
4213900156
3133377724
3680988029
2615248527
524869518
3965537701
3680661170
2690239077
1982389171
3990487976
143229816
2647094166
218372516
607254655
3833323087
2594439635
1322643679
1672120383
3430245804
1511893645
1770922840
2888220598
1745712929
3543551396
1994989846
1414912559
3954495807
618703745
298793903
781589690
3143862829
3541067798
2531882456
2790940866
1121089544
1891349105
2537720365
845581652
71686696
184995561
3188984369
511896263
3154162891
1591613482
2014136410
3672232156
1329145408
537831345
3361151758
3237139661
2100822666
895474270
1390426771
2995253593
2058782234
4019462373
2774885486
1834862178
3651420705
4145500253
1628816080
3744606297
4077513769
3628576026
3392543353
1592333037
1933804877
1894376504
3176040284
3913376407
1380520769
2959918052
1769989225
2260098726
3057881271
2498209879
94150527
2847571696
1417864257
1787074810
3592089712
835632808
2146506281
2426908502
2929244117
3592243871
2830775524
3052001679
821876537
1681641429
3957385868
1707671282
3037601311
1395484535
1467439830
111340279
1063024055
1124218452
2692299716
38392198
362781183
1461720743
929805453
2160992557
874313695
408442208
1825244171
2245516243
2514772896
2582739843
3010875983
877666376
1301584865
915445292
2747939751
2673958560
1070774924
3172088221
1304652328
2391713666
3707861821
2288219607
2497712872
1079416191
1162168030
1280579924
3674088040
1000764519
1510969552
2980549830
428963182
262723029
454379745
716806611
996363333
2384028089
148915091
1879984078
723666059
3264032819
3318788229
2841440396
2910298002
837458654
2143017296
2332821427
3956518394
4068776719
3883568725
1488539031
2074268681
3278341009
3582588097
615670756
4062082430
1400413241
2225416230
1366469502
3186227624
359062749
1597686371
1553886350
3362967554
4015853414
1655270901
553681828
1782742854
2537018881