2360632532
3434921792
2651552476
2783365225
3186734341
3263487601
3603621765
1047975623
2303934355
1630041030
2388819443
601545661
1918350401
49942381
561763192
559353700
4179982892
1453271137
2631336888
3802162178
2704306424
439880461
96047535
3281640556
3514203997
2652611362
714203357
1999859895
750781256
4031179540
1818394246
3836100851
4080697834
1433735544
1481189298
2578557537
1064024100
1641028012
829443528
908439145
3210177762
4167926113
3733470088
1736830455
3864399358
3464248873
1303769648
252242527
1812150709
594426279
314751471
1084119040
3371512345
23733657
3214257163
1639849245
2103040806
3644451020
302015072
2579516829
220364010
2489618430
2438150421
2441362880
620756293
1108107310
3218979048
4242833479
2893528748
283588448
595107177
1638763451
1483190769
4102950360
936091329
1861494694
4242157267
720772243
158872730
1392635554
2436839418
1890643292
1683357818
996956749
3354043678
1669021791
2835066539
1245888482
3152871201
3224789815
783098613
1643809350
3528145663
3872581086
543495568
1475994113
1070827652
1330893443
4132319470
3321970707
3811371225
2116221383
2625214409
3202506748
1810633539
3004041576
1108231500
2285434310
3283817039
3827918952
1346414892
1358082526
3423670441
1469327830
2919040826
3403921052
1469813634
2716397059
2954404631
3419398895
510706765
4181698941
868385836
2570080571
2055728476
2876814643
3344732129
1281578873
2281130730
1997041157
1635765177
3431857423
1722551990
2168261887
1589300336
894781204
2679366648
192109984
3791675095
230167968
2315820895
3802663332
726521226
2030601427
2294547703
1417375586
3313174010
1210671703
2018282391
3986500621
544216165
2820863525
849527098
2362757466
141931679
1486300558
3557616559
3142658550
913423375
832224670
889293370
635828281
3413261958
1708821813
1367187625
1812872686
3336172113
3506562102
625849565
4177716076
265635537
2064491757
667955850
2768303620
3569270113
4022478884
2431371326
1927134019
1789216915
4089236155
137867733
1748534029
1779834259
2360855119
1374356300
1605972587
3200714946
3294506898
845568904
3846665291
639418383
405440821
3052884194
1666610715
1412322766
1398840995
2624523066
1303018372
2154086629
2237447391
3188813971
4234171196
515964413
882646872