1888462398
4245524925
4183393957
3579935496
873997712
1635311078
1379535453
691452054
1996775390
2258633910
1863439836
375728785
3477220300
550322448
2127204650
1053888366
3039801361
4102025131
1780921094
4059338757
2846185226
700626865
3706050444
2713426630
3103043821
3353192838
2013258585
2446070663
1015930991
2975361061
1122709940
1054095436
3357756912
1473868679
3336271537
119043959
289933530
1398892307
3183078598
3776365607
723115379
3014685053
1942734894
996117212
4281197155
2109128726
387256513
1269218725
1625873779
2646937435
1429538040
2094570917
1116968077
3659623857
2756108242
1689050442
2507956332
4181628385
622944403
952880236
4208097664
1364913959
4196869327
3853796817
1086416420
929695385
1371417279
611187356
1731891478
364675016
568939719
1441159649
2755370952
1287620079
103679872
2986149847
3470269197
1987682128
2496269727
1341703859
3916171113
1982429077
162220826
744304945
750389014
2541717873
3982968432
2820947683
3311185696
4220950306
1985625667
1476826089
2899479422
3511657667
2640698769
4236196948
1661189908
1812960381
3753120795
2568455906
2035339983
2839800958
743462494
2387235240
3328522332
816046631
2234221397
373175055
665014144
1193181645
3279557699
1198807189
3107058702
2480353501
3705653286
1357688172
154106913
1295683720
390036795
3577345758
382120328
2158094751
518021965
2247568761
384196927
961440444
1167276061
211991331
3822264745
2343446575
2070351417
3910571376
1850171323
1476593460
2589208363
2322388752
2713562097
820477582
975632890
1889315809
1432313216
2417582659
271144916
1536347107
1369672366
3819340520
2033505845
612601866
993924406
3987639064
2638955454
403004662
4095307506
3040114297
837850428
2080099345
28648084
2231395399
2230531576
3810913004
381717680
3328837738
1661197441
2080341679
1926174435
3512592128
3653287779
1800217603
4043559795
3176334351
4210298687
4182758095
1013229241
527357583
3406582456
3358072601
1601673597
1372734995
1134932834
1929243092
3886212397
3799358486
4288020959
918990859
4040908475
2976284297
1758548041
1772018933
1925953601
4239587697