2850857312
3883044794
3973725538
1362480992
2010496446
4163981207
1409848813
4277845972
2080641418
3478648540
1198868614
4030171966
2534472200
584266135
4266846683
1084322788
1537967175
399275834
4278519347
3393054723
3797998901
848542897
1102937939
3813231847
3873329559
1536110835
1548148725
2650191192
304903374
2926127636
4159719444
2986919455
1626235451
3671871512
2008429559
294926991
3713803079
1044965561
2676955036
2018799596
4061157551
2961748543
4055786158
4172409764
151737471
173434746
500252430
3710365230
3825676961
3068241808
2729795238
2934536785
2595351913
1806674201
1665726377
3675064429
2030305981
558620327
2481666904
4255431351
2383612439
2653590303
3394431319
3795160157
876105769
110898597
3508899057
2092168915
2521019628
2319583636
1464351909
40426075
1240772561
1743090606
1148028678
2807587813
365478677
3370293391
2573512580
605504683
1301975350
3332385029
2601558171
732039240
2467223239
3542833979
963783706
4079682040
2961510005
4075143353
466911865
3946948087
983884989
1844983091
2924070961
1764854748
3570133745
4047609451
4271350076
372458840
2437679706
1421586926
1880895971
3065716313
3776179892
1360734719
4003832680
2558462747
1659122539
4164681132
4001475107
1403214059
4055068497
2365537640
2086945362
3560082066
1685610027
1074997118
3649665901
504386969
2360278469
1977852557
3039709949
2035695202
2765155824
806109418
2889803267
1778410269
2818596999
914277087
376985342
1008357443
238939053
3236287808
1279118775
1371378807
2591818116
31452102
2952650061
4223781278
2301120993
4231453722
3121127735
1155456382
3832924811
1380415396
2162216565
2915440906
354006694
843185902
3235879459
2357528606
2190750971
100337509
3121088885
1896801588
1748239720
1810044257
2437557518
1293808753
3442834068
622030640
15723018
2437447704
3376302856
3697851891
1306181587
1112155230
3329431434
2063459157
1484990545
64619340
1256297890
2435287607
3512016962
758608081
3820936806
1127135528
3683739485
34168674
51479558
792182502
3640737256
3802024028
931982955
2975878482
2582980956
2882903743
3940079823
3025527050
3439661287
3179028228
3923282457
381551974
753317988
1475518978
3704061581
2986789983
2886882267
1356062816
1024063997
1974538256
2123057617
2606390148
3382000492
3988520876
1865311971
1930050910
2475333114
1829342713
2978293674
1614486675
1818529027
3646191895
3761994886
2218408043
2630820073
2192056199
185658523
4276688302
4024474249
1062185607
2091011601
3051284447
3606788522
795631144
3275929443
1210244637
4241378348
1034670837
2672195696
2326271355
1155590546
1425906199
3174702649
1323813849
2294341929
132445508
2775517798
309013904
3794083833
2454271666
2375132847
3020179828
3525282074
1770643976
2053718675
2349034844
2125220073
3997057972
1464618969
4096523277
1098081964
3921468762
62677203
434092030
1688018858
2484061817
1100130968
1099884249
1927707033
83248928
2466478211
408374338
3634751798
3970571185
331961250
849350209
1406928755
2365029191
2862828672
2427874620
528053096
3824557204
362408603
1527488249
1847187331
2656102712
2984408128
2197541911
1189388548
3101854078
2497824180
160073458
3861080550
393184760
3945781685
3363105330
1053806983
3616697306
4058902322
2722530058
3191046800
4168022247
44392734
1196237932
1779990309
2643225762
1783554129
1289218286
1467610397
1623342151
3848691385
2896283970
3442395491
2363545125
2290276652
1100310075
731731553
2640038414
280837301
1245392514
858876274
4126573787
4096767084
4069370196
4176223358
1628404542
3163370803
3572947627
3797089034
1050879806
2827348135
803007366
1739832058
357276007
1378212596
61424159
1026350991
836846286
3602020603
718917418
60524264
3732446363
3340582172
532864163
790119058
1657361379
1288121426
671043123
3007046578
543464906
2438733482
959425189
3825001550
3204894417
156032896
3720909318
3222331491
640425803
2513403113
751088220
1176700520
3609833018
3639129411
450569459
2648036976
1116901239
840062001
3941793000
2973899496
4252667681
1685608839
929464075
2377754757
2788776119
758009587
769078335
1012088535
3479793190
3766107302
1459825473
11795750
4195712130
624521612
259001204
1290860682
299637380
2059839164
429397341
3672618623
2048149173
2481893813
2248366882
1018105403
2117688523
2389651090
2896444692
3818849612
269760833
1613000802
335628322
1858237286
1293287644
1201607978
4054813108
1927992003
3074463226
3563126222
581747032
3285226859
3054528760
415642412
1242968573
1403364281
500773234
2332388150
1017829562
1663516200
865213001
2241257487
1051177285
1211280391