3940669712
2659688242
3609048199
3088762423
1177326191
1168231794
2520513373
2370468128
3054380881
1771331177
2785242512
1853421761
189394354
2894452744
371306743
2805292420
4020133992
826187002
2609770482
460171889
2834188089
3837483391
2608152923
554658047
771614990
1060029251
408249714
2821042789
3450110286
1740736503
661554632
2156281494
3370520790
1187966878
1713219239
3211337419
2194047054
2644195496
3928806354
2256841202
2531143958
161030586
4097357582
3289757094
3084972137
1005311919
2474055733
1290269132
2182353902
695065036
2299919240
3722262356
161272440
1889124602
4274526333
1206170617
4270754572
982188503
911996895
2566329016
472084133
1638191189
1011291931
3584613615
2456512700
3012354088
67812764
1562510367
