2149781547
309363525
1592320165
3053023319
588192747
1887185363
2973845967
3635280306
2436004270
294929398
3008500039
3556222332
3382208531
3686593006
2064286112
254503031
3928928766
3334214356
2253085714
2993916657
2052559375
3817780275
4026932530
222175653
1807919641
1816086397
1528725604
4039111634
2012993768
4070405264
231371682
2605990761
1942423441
270143503
1436947942
1663475358
2612419744
3651872281
2500436301
3818872832
2809895439
2439613830
3440502411
1869244888
1763594844
1205645049
2242390159
3531410875
268211284
4283683255
3358154293
1844572060
3842725020
1483813190
3200548604
65979086
2505214106
528911226
3545809941
531596567
2933763107
752719727
3114586397
2037308973
995574340
4213031309
2683292359
539529735
885549658
3184041472
1086374204
3080112530
1025527923
1233592759
734340491
144420015
1870115164
2482671097
666374006
3789935592
3928579173
2842865122
1588087404
1586215161
3138212574
583770356
2665490805
3094301712
2274898650
283339373
3689600264
1451724511
3945421107
3834779400
2832282985
4055138923
352999897
1451133296
643597767
3054889197
2022193761
1564478779
3698821949
887949041
587927747
3810204262
3924238
3878057577
1949454642
2340438124
1073625889
1110195892
3250923563
2934380416
2076700047
2250638234
2537472808
23180842
2253418439
2246523432
3339625480
4046261715
2160166337
1207876890
695776280
401410649
3185306090
1912035937
3888685758
3980561344
1584238744
1646942214
239715063
2977688281
2779009401
1294271137
1641492054
2820703024