3072809079
3865750180
394584041
3997406647
3867645885
321581747
1382413143
1219367824
4184442151
2814479660
4235110008
3283089271
896502492
74286288
309557720
641773957
43063730
3138761186
3479591859
1176890947
777447782
352558104
3848020797
1664089411
3416756928
1868491018
1137833853
1488262171
399724644
967976688
1935045226
1487858324
2225319366
2058035341
3144649250
3740180426
3589462949
2620276561
2845802773
3720684373
2881472262
2800145526
862887993
2421022863
3202248544
1599339721
2754967774
1105623328
2464630750
558900960
2855720283
1529854922
1924761128
1009617557
4213658813
