3247950002
3120684735
1250032402
801931102
4260549551
3238131734
2599236321
2697465822
1133844306
801294967
1626314849
2059994236
3711153977
3195850457
746315958
2021662444
1755516302
1457782700
217169313
3521890909
3158595184
4072060469
2828123893
977989780
1069187361
2491772625
2902752061
1266516886
4071210119
4156198034
1800366222
70878791
380993465
4214853098
3342550534
1638792687
3702782555
2251713881
2578531980
2135914840
2681443177
1733922897
266996530
3187719102
409861355
2286979478
1565327867
1788986184
3972452488
2707947190
2760026874
3292406711
52425324
1610952866
3143529437
1143566568
3792686072
2277506583
4256268858
3380922172
1698083789
3068785685
2043338726
4061527809
888544822
4176068249
2888415213
2100097977
656404860
136427176
3243515563
494385264
1773685213
2533999468
1267189838
739230845
2181442998
2943874312
1391334873
3707630557
1410541967
782496464
3590857393
1370901295
2599997996
3667484174
50294350
552943349
3341686454
482970100
872552475
2832786513
444043784
3396689089
3475111943
2466852982
2057009226
2929954264
1116325837
408626198
1354778483
4210385954
1975145520
62716475
2539109171
3597484398
1472759027
2991118375
928255656
2662669063
3904352086
527708140
526508852
3973522812
1190101703
838888925
3883009319
181499374
3300341163
2058486220
2863248407
3503850223
933392086
556880624
2720219032
2637709382
1222847453
1550968530
2610585381
2164449606
4241638433
3233201995
2214937565
1053448249
117107875
3345569130
749655865
435847102
1303337418
700451587
687482255
1974079438
3996314513
2600728812
1429506301
303188752
3552925041
1120448233
878649810
324269670
3013621854
1703057222
2532015124
3036517226
3209513935
2512457130
4251673212
2461424623
3381515398
2748971394
3133873732
574754654
865596211
3422379330
2924708900
1914395165
4045047063
2859102537
492824866
2039322030
3214663570
179452743
3481078423
1698599906
3430404847
1235378961
590574755
4082912903
2737820756
1004286886
1579404951
313645164
2483834372
1727840407
2360846575
3331746389
2691099868
3193891221
3654004798
3900085087
970536781
2180133878
2139633848
2057490580
1758773423
2881507784
520990936
2551299414
1936098713
1006688672
2587897113
591584209
965716630
556094064
1727784954
43475513
2249523840
2031926826
1892662478
1418158494
349994497
3396575241
3441862758
1210126770
4261137493
2934588498
1578251901
2754641360
950180895
4292157675
3159236684
3390133131
1732285268
3698423608
2083972947
4207683684
2501361650
2775856306
2926175032
3487881328
513731674
962361305
645899017
3357592655
1278739940
1698394544
700024523
2528440549
2340744566
798279797
3127838897
1657003135
1924783764
677446525
1950866009
1246184039
4155280066
3212180333
616431028
2543906132
4294336587
2938323917
4222797407
2882469503
2463482002
3801075269
3303269519
3267478504
2773581421
3498109586
3325944476
3124074567
3844710938
1253356601
860051034
3066868774
2509657886
2979041074
2595952038
2615233201
3273255091
139563774
2643891202
1647299107
2890600334
1244465453
721292230
2599407847
2981909308
2513934762
3029627849
3724791766
2992463757
752304147
2897606633
2713881681
3770169266
3256054199
4197247755
2264671000
1909592016
1829672379
3155835606
2117056318
3107941716
3324135745
458050010
1679678276
3310347474
2099059162
1245270001
2000596287
3819985457
2350070984
459645954
3475562092
2052058119
3318122502
277246473
1127442370
3146118769
3938629141
3951730607
3180921384
2662209989
1594964704
1728621539