2933380769
2147933494
3033950080
3299656672
169425243
1915850595
3254083855
2759027998
3274791269
1401618033
3672728234
360360899
1741471280
3901940397
1227750937
1812188552
4043895120
1235622951
3925299439
2428905922
2639541389
346626388
3158237259
640324284
162431691
291808185
2961425552
1488871322
4252958024
1269306133
4260581802
153287039
1753134990
1904355161
2753731603
2315702193
1767349707
1028547450
1782173614
2173905259
3335034748
1435788218
3977638235
836965341
3730278745
3787832791
3824453584
924193760
538330868
2999789059
2915100033
1345323314
1710335764
85001229
653369493
209018152
1081366863
1576985436
337925527
3074896571
783433788
4162345216
3683469879
4276197443
3233475710
3870545291
374533374
1927990550
204975929
1786742606
3270271910
4123810295
187350796
2248078092
4094324722
1655763990
2427591861
3955684953
3361593805
724833035
4256929409
1212586629
45675596
593414619
3754029480
2207113639
1948488241
2826556462
3262732802
3039140983
860168134
2072189632
639760418
4094643869
4231360982
3606616805
2601140182
230241372
970544976
2885010305
2847169191
1034502077
349910883
245624910
1813014176
3279648502
2844738262
1232563487
1445362183
2813961895
4039198417
133569938
3382021596
3739768533
4156226960
630414632
5143929
3636033291
3009881051
2335841093
1507609580
161177323
4137848957
663000155
3222523992
1031720618
903583529
547839103
411735969
2409112552
1449487383
1428789447
2469555434
2408271753
2383744763
323080101
2469729596
3639795791
693218702
3143506893
1797579866
436109625
3544266817