2486131908
642858471
3970108047
1744697677
81909923
2062166730
3037774990
1129105842
1895998541
155593406
3884110110
2998499846
1751433367
1481109178
4181986189
2113394539
2534975041
921871079
270193706
335182580
536595211
3264813153
519196196
2772449459
3305956967
265075228
1926183752
1856371890
4078397152
1405505110
31726638
213384583
2686916232
2996857577
118790092
2165481595
2203695080
1113922248
298063182
3700835109
2217408457
381281278
4011481108
289284414
365015627
3166369642
3325714045
3550051996
2418048580
1730192989
837201668
156365681
2153710795
1672991739
2649657701
2936134433
2216752377
1699882331
1665138136
848399033
3097582716
2363098442
2849544237
1085391865
3581334892
993154713
4069848779
1536125198
602343169
3221170734
587943276
1452047112
3194230818
638521568
259887803
2009721036
2071848340
1154921193
1252850633
2873414635
1756761902
2857330901
3899427313
165272141
2201927254
1414362711
792780388
2548851074
1599626313
3802667987
2804361864
4193624786
2888324539
3069858262
3669888420
135474853
639097939
2226508953
1140772656
2336232613
1784161520
3699985673
3262643734
2826009827
3719120937
31069386
1963956215
192843563
1883945760
890269123
3782741361
3447879000
3229447794
3038946269
1055443051
1647206405
1788005353
3832588001
1489054166
1397791287
3044039923
1466658579
2918711393
4114714595
3692552454
3826120284
2662680592
4121031335
2514850479
3288199374
3317274712
3630403832
4118094561
311733934
556084171
2926623777
3073037298
1129670456
3747021218
3779724314
4243957948
3209786916
677434828
380112799
2006669167
1147048778
3657519823
817326193
2647835929
1329018825
1292338168
880418224