3712161961
3002037148
2179488908
3685991775
1521241532
3865493958
3365490032
1950753723
3592765616
2550064625
3443310098
3368746963
4146872981
2235878768
923481546
3447085510
2652335386
676243194
1571124301
789458447
2983991405
3649578003
1009594105
4215048008
1871561792
3851488588
1585385665
368163186
1800893956
43167087
2718907459
3359495740
2181573258
2237408828
3008388937
2261569876
287000203
2731011901
1411719808
524451884
2508403554
687284706
2975419427
4277259912
1345950815
3022471955
3046016251
3121762538
542778729
2547346040
2655705543
4270377896
650044111
255186084
2195425794
298248619
1698685057
951732027
3237896604
2974261774
1869620526
3753900269
3189480774
2030756140
72080881
2483533732
3507259550
3833161640
320987764
2107538678
716848587
64913478
3808024200
2423476532
542913657
1138464210
3362564316
2218560604
590978346
1467784859
2895446269
3280780169
1222413796
648220002
989219190
3275944462
1372649553
4001001033
2568779955
1033270859
1931302871
1521555801
1773519823
1804250333
1326892033
1524696092
865675546
2133987386
717590316
3004621945
3628893201
3933891472
1247065867
2376126641
974169051
47313988
3364133649
1193273110
3514152725
25479404
3712660229
2701434783
326559259
998164293
696404094
421077387
3096548008
