3984924439
2147051365
3471498990
3311492412
2566547933
3922275302
2832348069
1889249298
1080296665
1669826530
2068999932
2014318811
194186051
439699364
3975632971
1438599376
3437379785
2367952802
1552354745
261658078
205386306
1570963724
3123428423
875139183
305699284
2023418431
576078439
2432548999
903006037
488992765
2585992650
890965922
660888240
1206272555
2034768607
2980328314
3051013353
1757661039
3193576711
3650736295
2067190868
1185210248
1592585217
3647486041
2613828055
1343090321
2733848402
3868244304
2318321797
