3358349933
59627010
3671282309
1357157210
4229295521
926796619
1504749535
4155403442
2028905017
1991306703
2304409085
3972512146
2048046339
3502036585
1537107386
458543286
2225573063
269295515
3885327577
2063572213
962585969
2061954146
3945446926
1032512489
3740660772
3731035684
1978297634
3271080977
3881449948
630057714
2351911920
883663935
1328578904
2595628876
3320921537
2799628991
1319830416
2845063895
3937826451
535178019
4001750537
2925924367
3912887538
1814679479
3312634733
128538929
512339018
830218478
470163422
2934527004
3661233190
1798424394
201392493
341411639
76432835
2971528739
2663276786
2483600378
2747696782
2376989175
2017874135
2780330876
3630522435
3331105553
4132684741
2572054309
3118203318
472745841
2931191142
4268682319
2266856312
3920156271
3979449942
2876406568
26215519
827236248
2953474685
881920026
3598107512
4004886912
4138857345
653593539
2318584870
3866461552
708498741
3779684096
3160350035
157962227
1910821817
744274778
2869316846
253541800
416775715
2072462627
975076714
3367053844
332692472
3952970578
3540415292
3708418559
611777671
529543367
2039540328
1472235236
298102440
284312318
2088321452
1603091927
3232048927
3051880866
4020333582
1091899459
3149550552
1037138769
4190212542
3293451186
3252736900
