870199275
1365814045
2593333375
2941857614
1761189821
1939005551
3812451519
2173926193
1735411208
3864147087
2598683378
1493161233
232632321
3570408880
2577059633
1172600136
1881088221
1996607427
800630011
2871084026
367400538
2872959374
63425710
3275970038
2897217109
224691053
1645963700
2636236122
1324294508
2741731732
660001619
2668561694
1552275028
1665636656
3163965908
3419524209
3334423655
2489325394
174089118
406296446
3866857856
2338575127
1773712926
1132613603
2489584530
230460646
507561024
3260267821
3029234739
3072746911
3103054039
639346993
1372384160
3308428300
1738556418
1145715120
422358260
812631945
2750529627
1289475613
484293479
2607778497
1841325099
2882096820
3051170598
