3109502050
1646916773
244889712
3223063166
278064287
3780769764
1517168474
441437004
4201044892
3307389910
2483684571
1043868004
1411810339
2508099201
4077514070
2372781474
206807972
1123886735
4115631721
3817159472
3383308307
1570876754
4269905941
3224352
482132547
3602096098
25993240
3465147175
4207122003
2390691375
1333111781
3849356368
671342946
2274034370
4198158451
3840402811
2731635712
3598334240
3814477518
2720489464
3344134177
1024151000
2654793674
2111398122
814252478
3388762164
21181983
11613545
3082281852
3944013921
2017172239
427629999
440763617
43149121
781722954
281560683
3114050007
3198147366
35557932
762212638
2518477402
1811975975
3212307445
866413594
4015584439
2537297778
1475126500
1078432809
63074572
2999228457
1588338984
4195216610
3974238701
598495410
134882501
3870577016
2448077638
2421271127
341243880
3973204903
2722375052
1431607827
1535733132
2158433387
3900119699
633156252
3388254777
1777077527
100045777
1095052708
3045573641
3791118899
1266584538
1091060460
1436881914
978904474
310730443
2477556183
74624905
2150794422
1414728836
2240946552
836610768
1422790655
1830754575
832266385
2642248235
2733026189
1115217207
2163863932
832202518
1937035187
685070793
1545756517
362674795
512860493
3185589248
2402603224
1270681681
3560111264
1951708626
3932352480
570655272
3464802376
3991960496
3522598666
3934611982
3578253742
344341520
683416648
4269360993
352255967
3155363817
2151359431
1656850348
678859443
2348679051
2983530648
4006133981
2531481250
2575045900
2787237086
3215190768
724289358
3781084803
1353922639
118975979
1716377535
1549473301
3556869920
3189779776
722715726
1293314872
99219296
2767242100
242915365
1637573285
3658686404
991572873
3454318751
2946666405
2141726110
2678506657
2598637991
1383788823
2874401487
25250543
88498106
1468395003
208378754
1549460599
823051869
2538097096
3332009953
1887133226
3992597825
3749847145
186957530
2738679269
1878506253
4144439450
2079868933
877188839
3927341604
470782784
1826654780
3872902237
2492071077
3501563009
385645745