651778368
257079107
923868271
1311637760
1928337673
43540022
318243858
1889216251
1232655627
793343517
3468542056
839501005
2857390731
4256993473
24108381
3923023041
2607520077
546904595
265903789
163630554
3576927009
2394549987
3398266134
4266844557
561285430
301190171
4118399862
3835816875
2434714446
3757999672
3264264394
1713362461
1098495562
4150597639
3593354527
493818956
1970226775
3260230753
2599039501
3653117659
3767248383
1744021484
627006614
1808370810
2616374923
2242172181
692042607
1380735309
2214293439
2415065666
4061931299
3288603525
2642149943
3007063235
857553240
1029024126
3620846043
2057944225
524052986
2392314967
1101610946
3941753039
451561365
2390197121
1192936120
2943145398
2575418283
3743552860
1829687143
961357007
3111064489
3859025348
3483584817
2362500805
3609757514
277423450
2213925695
2154040144
1227612838
3321874675
3183714246
3001570979
615658518
2727597937
491062974
832815044
2022953872
1230361821
672224614
3947146209
3859527223
3403578277
2405294567
3278444151
3278648218
1537557868
3613209569
1354211226
1738831199
1507534619
1065854039
2149434689
1381372690
1230172356
1228857535
2315326643
3173518222
1482297549
1228961075
2753067131
2947235406
2443801557
3402556518
3686690619
522004262
2557589837
1366627793
2333619751
1942949731
2452415996
3545299657
