1046861448
71889323
2891345436
3254663817
3474456967
409279209
1851633864
2292369976
3532225189
3472875671
3956831244
4112061877
1132995191
2369432568
1828208008
517554111
2205003229
871284239
3098858363
1577005488
2446561238
2390161292
3328760613
3170187601
1537712003
308644947
1988465982
425995830
282833115
3265762742
2374104739
889792671
3101217399
4025807621
1339019686
1147360679
889457991
2565793775
3714110860
766484519
4260046133
263956758
1407300890
3222582281
4095936448
1821796987
1105494816
791973637
2558429914
206439695
3208573814
1735465190
3840731961
2213201285
2133979827
322734780
2418003020
2526868865
1179690673
3268724320
1449623075
3741631427
4188464283
135075223
2903852341
1992235483
1848492167
4067190913
1877563588
4089322547
772132178
2882873889
1569919932
3236039619
2248495730
1669203639
1939835328
154623863
267550529
3361534270
400740985
395451914
2500193859
458253288
3116066508
2793415130
2803767218
4078213051
2367818237
1353123561
940159914
3128599711
122128122
3915216813
598620923
