577793089
894811277
237464899
748777085
440068191
2426645120
26702482
4183887154
2849627934
3666748115
439178298
3004451771
1467375534
755541255
3321194198
789457460
4054199375
2872865535
3525652235
281086860
1982377157
1393769815
1006806872
3703560209
1823359639
2169940386
2672924979
4109024692
3488568977
3474696379
2701945039
2905457001
1383215654
3991234148
264095586
3275688487
266482357
3021175964
99652670
628753410
341898211
297692420
347293379
238778350
3012841597
3842619954
973329628
3723595379
1235308400
2836550055
1683628161
3920364829
553384683
4867094
763684256
4188262884
1410409070
43296357
41497775
1800463681
442048159
1206339791
4210861201
29603554
8848251
3554029477
428871950
1705241531
2472365931
2532819113
2489051587
2527155092
192684800
1913693050
873615868
3692606519
589308128
810355685
3835734835
1243140605
2794836468
1491367750
75752846
3777042154
3460550251
1916882257
645492403
26129958
1770035729
544500390
180970848
3231364497
3763968361
1523927144
1074207429
2505991385
1022880623
2252020081
1256551734
74811234
979810978
2997556763
2234326730
3537836966
822768610
611572912
1201192123
817428051
2034438833
1343268644
3324357557
1175835427
3852343615
2768799675
3019349364
3444690824
2254157146
2633509546
3430220224
3943371710
1564394266
644385314
593449451
3935787173
3852489765
3409752239
3308044827
2030375219
432573116
2876565693
1644219703
3922530869
972532946
3790770605
2869575716
2416575251
1768441995
1239595356
3527654468
450530009
2924835603
2469868083
1482554464
1019737120
2897073275
2742069736
3553660673
1121336539
4222334056
935169090
933455430
564683162
3258929254
1493999607
3187511144
4048198375
3286113764
1788427546
3503539378
53216926
662598317
4282924071
895572937
502378533
3675114328
1365135482
2809316126
4192918443
1361893255
456634680
3308668698
455573658
1191150415
1234984765
2804158918
1061556600
1843287403
409374386
1766181092
4117884458
1740622611
3045524014
790438023
352174751
3937986388
1135897805
787214093
2376974626
2210091988
1113127472
994147798
1581549105
2110818126
1613875813
3021054674
1365598112
1525020407
2649058479
1021127246
2033813054
695141064
1632901102
3897149000
950353583
2533997977
1725192117
1862876746
374595147
1045883666
680749235
3951443668
3381940101
2549021353
2360823350
3921413336
1461218446
1132795451
3339561971
2263706203
2861344203