2414222846
4069445349
1710394624
1632269615
502439837
505053264
1765586815
2156068595
1581733827
3833613930
3839629374
3360397580
2232177995
1562315177
3958244390
2203698798
800324863
3790060317
2193064405
3287251494
2663912181
3455228831
4081576975
4216441163
1564899070
559726687
509045489
2872654307
3536341088
1893839953
2694322100
2744960831
4206424315
2928389214
4013967099
829913630
3306647258
912163182
3270455511
2277781054
2406642549
1270338159
2023690564
2284597777
3745651537
3059866888
1178780652
1572435263
2717787577
328231787
2577327590
1509033237
2583415731
2064740775
3287265450
193378823
2678697332
2753773491
1853922423
650527057
3747073436
2218266790
3450683109
2188956701
3896616988
1263301328
1299214653
3483162290
2289415604
841783041
3788033560
2529273689
3237634353
690991208
1259375889
2904493695
937245206
558033292
3688552508
4266304674
2351587932
16862580
1449949532
1806732757
3080808966
1113780406
436705582
558761613
458724265
2682014399
1212393348
1904453384
707329885
2506531280
4029679010
592287405
590167873
3273852168
224986762