1694271490
985472951
1387965845
125150751
587456996
4191964193
1304089554
2228972242
3037348557
2065061368
3547448186
1761483072
331776231
506510975
1873643984
1499871020
3731530988
3359451717
1570159882
4127555629
805542961
2208838566
3676629628
3168147420
3477632331
3323673184
2824236677
2087192720
4031120429
2510997476
1960448134
389877022
2057340868
3834589187
948013092
897450375
1387162217
2316201783
1888357692
3432603752
1203760931
1579651533
1471393023
4079262494
2643766457
913035783
3612903994
3698994269
3882591666
3565914761
4228447774
2787206427
3350644938
1878677913
229155561
2430679786
3645004813
1477641614
4077920250
2815039718
2531363654
2981344219
3611817325
1922527437
3749617887