2225102977
1269279525
2186411973
4163984723
3628389028
4005741052
335717679
2145461040
3888038122
3137877646
798931360
1393091609
2718372714
267877573
3307277933
4033784310
3088130938
1700305257
664104890
2094450030
4123216097
1680881324
260563244
1381366664
1145557980
3193129594
3116394956
728698949
738257158
1008968758
1521886737
1315703821
1925842474
3770958047
4223635912
2216266733
3036568257
3468663662
2447698378
456711631
709134404
1565108483
2273181746
2439382262
487669538
3201229777
2773500556
1401982814
2442247449
1468570964
973989006
2923232874
58931163
1406529194
2861330942
