276044875
1668158709
1798933287
1725917275
1632731970
2934335843
198096590
1897360960
339505084
2002825196
2674381840
4042274775
1765746406
1909230793
2406468
2233147710
4143809332
2667327386
2979155163
3106883364
218601511
1022403246
2144761144
2506321133
2354298875
275435325
3829698362
1992089618
1202092344
2265212414
2047409996
488031630
1852298318
1648377874
3267708412
2718868621
4013663552
1297380774
4264059537
2184118553
2842545457
1803620321
2638360
2053495212
1023776692
4172039038
3643600865
3347759351
387387506
566405085
4230531886
1551493976
3929267748
3319452269
3642856667
1764317338
191100878
3403088700
1033650638
1722282608
296082876
2360762896
3444418235
1847218768
1697955639
1756485753
2683830103
3855933401
173832425
1628158016
927107821
2986201195
1694507336
1309888164
1410131838
3399532047
1088817658
4160053753
869456287
296199223
3161042739
2575034559
2585802380
2815591514
