1639848224
692671311
3444923268
4075388831
80490731
3193784126
881575526
1583897149
3353006288
4152784302
1364437029
4288858171
255771611
2152531499
466177769
271916342
2406759216
2789525147
3935217093
3423615951
1280926854
3721745509
185047170
3986401271
2813465884
2399598030
1308384864
1294608106
481550011
2252996274
1035662107
3575441842
3030828587
740413638
3229163557
2028206547
1585932487
1445667601
2833507946
4293403163
3857125759
2037522679
2709852311
2488466871
2724598818
1807313925
665517908
2714390636
715208906
1118906527
3850694922
3653038195
3103211200
3737645263
228590043
2434944255
1076875816
3411799940
1644013681
4073375091
3036997543
3404793790
1524687541
314672548
2618343861
689581227
3536894975
1830323345
2528102914
74053674
404451876
3602513854
795614523
2368072431
1533986009
4154880361
3372158011
356281574
2712438549
4237643724
547895009
2951812383
878844374
1747213973
2847994028
965321904
1115039671
158374145
2288660348
830491646
831389906
1620279949
3658760478
5852434
3279804074
2602851798
2653546987
1566965559
411459426
1417821286
1258356045
3031700653
3892405953
2798818780
3591927622
3832796553
2270805197
2351777217
1279126190
4142999826
1703952749
3702604519
2319892956
1124559807
4154658441
3296350700
1384514011
3613493839
1911997227
989949671
561702369
317755983
515341275
3472750818
3253411137
2343587977
2648913479
719103753
4080329493
114790129
49062887
1006702765
1526633810
565779812
2687237101
2514618906
2521777491
4050974629
35110605
1845190731
1469618325
425016008