334322015
2779101763
3917750457
2702247282
1665649140
3972837474
4097120699
4272100336
4195765492
362787165
1614141068
3661667415
2882839954
3246339494
2719151754
3993914124
1351393337
1025173334
3155355129
3581257977
661073574
2909724789
3263972694
3630159
336561790
1711423751
808747576
2841250408
3026459741
4201744997
2229670026
3148832528
3778742346
3059596762
1823093909
3840796452
3347813941
3673075816
3434768708
3882469669
2579466462
3966322723
1210300428
2068491539
1458769701
1519801851
3825233575
1131925682
2345408326
3122891184
29626636
2383268983
3871761082
1816069138
1492130949
3858344696
3539756042
1983468365
1323349601
844203492
3102811524
376072745
4029699474
944606664
560710493
2690770648
443831583
3645474943
2862487763
1764209959
3226621057
663904195
2456468354
190742501
1717777970
2871453728
3201237634
2575399891
990840178
2967005016
585022743
3952063023
3187114584
2461892918
3319876545
2445706810
3451753343
2247640360
81096939
3838698946
221784624
1590426488
3238811745
523484630
1333839418
3006320687
897380896
1146068081
2813425267
2914129291
2666188624
2380842349
385881470
2171007812
1500855502
1177767130
706787701
1897036430
2661257444
830673414
4018074518
3481413918
935032572
3074598686
3073020539
1226606747
340843524
2659682619
702809735
1451994041
3031361447
2429200874
24932295
432494168
3161587480
4110646746
196812137
2597375345
303069273
1282732475
2982513915
3317141724
2575864011
2670486528
2799447792
1622551473
2197902611
1520902792
4193462128
3307843150
2227693027
1516562717
1607739267
197370079
388423211
369214922
2918026319
3894707777
3779240334
3278943226
4230669072
2755172955
2322026018
877099484
3760720910
423350160
3565038263
1675525261
1177123023
4263051491
1266553388
4053475770
1258662761
1373336598
2546059873
3679913956
792254131
588926371
1311855259
641707485
2698024387
1230929106
3275570326
2227585964
1775238530
1770901652
3728336710
3443747820
194896055
3577142367
2352856182
2425790782
2381454551
2343622457
1529886717
1911653063
1389603695
1118633921
1884728094
2111144792
254633891
811601896
1353736318
2417662186
2133778601
3252007209
4166833257
3729634648
1731858938
2113655797
877655913
2818248978
3479149299
2663125028
2669532428
4213454203
2347746611
323738165
936352816
2887383598
996461453
4206105066
633529498
3491395867
2268891728
571928166
283184374
3416053961
2500067962
1802692755
2584446657
2073853109
3162597610
1951575540
2736034018
3969562371
3131936106
2151609874
1080931489
1382106010
2915013586
3115123603
88019419
1120555237
1736757654
2269386522
3120666267
2842417804
3114572099
879691057
282155617
1216169825
2249660268
3258520714
811923180
1237907907
929089178
2138052095
2353761531
3623641240
3296441668
3956964866
1821074018
3904596174
4095704447
2832651307
2690724133
4214393764
1880400467
2453877579
3955466573
1887612142
3114982890
1082868712
2379344890
2134942334
3015108519
3414529108
2582642090
3355468593
4282408809
2585177080
2398226104
1399821040
2223085184
738041345
896649283
3570391601
784859810
4146291571
3573148681
408574586
3493576120
38581002
2578237896
1820395708
1894431611
3817254478
1978875652
2699554355
249724026
625773891
4045175154
145695633
4253221308
4050192573
1849877571
1107600236
44071227
2227072841
3616813813
1409533069
1729081242
3752110523