838103310
3915314174
3409739002
2630732190
2717597447
1633652958
3396389205
2942713815
4149070759
3182625269
1716738547
3448300643
1148807478
3299247412
165568014
1490085605
2637666678
3009096499
462903277
13728661
3098732504
2145516186
3827276818
1628389360
1023404849
429246303
4293346118
1475640486
1977724366
3139360114
1401691975
597743169
4289958275
2909248572
285988053
1715535796
371188049
363076169
2164430436
2227052219
1227509133
209350059
4177280079
4218133879
129434453
2948955421
3430024115
2619787963
2636583096
2332336586
1544294368
2445057878
4191907995
1308568384
164023688
3991197255
819308792
93063184
1594923164
3449449117
3000790682
1807969134
2477625703
3990698867
3798757676
1180485799