3611705447
1915850595
3623430209
3254083855
3274791269
3672728234
818944833
360360899
3901940397
1227750937
1812188552
1235622951
3925299439
2639541389
346626388
4216577212
3491251072
162431691
3233212123
3951394559
291808185
4120899864
4260581802
177508679
1753134990
2753731603
2315702193
1767349707
3335034748
1435788218
3977638235
2263971695
3824453584
2999789059
2915100033
1345323314
1859885356
1710335764
85001229
3781338168
3207485818
653369493
209018152
1576985436
337925527
3074896571
783433788
4162345216
4276197443
2593483341
374533374
1927990550
1786742606
3270271910
35345340
4123810295
187350796
1430235907
4094324722
1655763990
3955684953
657619660
1885584750
724833035
2854512627
4256929409
1212586629
593414619
3754029480
2207113639
1948488241
2826556462
639760418
4094643869
4231360982
2601140182
2885010305
1034502077
349910883
1813014176
2844738262
1232563487
2963431512
1445362183
2813961895
4039198417
3898323674
133569938
2280666288
3382021596
4156226960
5143929
2335841093
1507609580
547839103
1352395609
411735969
2409112552
1449487383
1428789447
2408271753
3639795791
3865973933
1408127088
1797579866
3544266817