4197688523
1663067424
3308225187
2766326914
3568238782
3343077878
2230135062
319175347
1934304123
2272216484
3752122606
2292105033
1600747832
2904963104
3020327403
3128724054
4164261411
2451138977
1213618516
1270527944
863507155
4262111535
3620671576
3805926714
1947154750
3589398352
1897096979
2621243174
3797639009
2770058674
856540587
835273442
1422171085
991189089
3673060175
2446119951
179308793
34007642
166250523
2878286407
1064393189
2896608886
1553209555
529812116
549395937
1603291558
2401791466
663198700
978790016
12265374
20364496
1130545471
2561121125
1840471238
2928742044
4104072293
3276675853
3049042664
3986075856
3933280237
2652943547
2888025391
191504855
1879342429
4162277861
398019
3489900520
1790569785
785528117
2960537983
2788832891
3471227276
1837306503
1668233902
3761658595
2196756664
2252638996
2151532024
4137812837
3052804550
3407602565
4183297166
3977317434
2815990877
3973577084
