1884137135
300461157
4078402031
3789425967
938100455
2465772596
944091766
3483012943
2801649794
1340356602
3036649215
598800241
731901935
2145912971
3710285077
3461547956
2707519987
2147822006
3488672664
3820168995
2244604487
2318954748
115077937
1256181897
788169437
1016385304
3992602927
4171192289
3092466775
3608968887
4193744272
3483789685
4248480233
535420443
443304062
870815100
530138085
2308975034
2075115395
402240048
2318810753
3729421286
3273075299
159218399
630417502
3620979580
4182517330
2839798206
676440284
44020283
3194752973
3510672498
534453242
914142989
2072030118
2344589656
2836786313
2941175899
3486552135
1101068388
