1340814392
3588203882
98230859
3666354385
2427803851
923065919
1204861192
62107883
1229907339
1569028155
1398314127
1569594809
1728040919
11023085
3299079842
792901292
2610152346
3352942103
1722242065
1387026097
123030469
796960322
674829736
388024599
2557479259
755419187
3190675870
1283606118
133694909
2739920320
2059945334
2619594981
4248946313
3805764693
29555829
2962443870
3165305905
1016418278
2685126364
1482671736
3747049656
1652701894
2578373609
2275986374
3419163129
2127659202
3241442108
1356126400
3260675716
627235390
1733096668
2531237511
1406909468
3177999433
2420193868
1500997412
25923208
3214789159
3197365232
3422129361
2731234050
717544837
3587878061
220712841
2109756709
1536687152
182383637
940378264
1672997536
3208218021
709930150
2316153796
2761114346
1730574729
2394439161
1040421294
1949724656
3667235304
3598468306
3335589445
3864667709
886512473
2881941399
1354886501
3676819412
1551436786
320575290
1891149077
3687431714
3928650637
2066548736
3921027134
2163712412
581263692
1578144368
4258807960
467283416
1234433756
2420911379
1750325776
917276551
1838580066
2257276987
1437664430
1585321762
3025316847
2024329445
2912715448
3244162064
3281494362
1587428347
3862295460
274312138
3982531935
3427567897
1804299188
676131112
3092918598
912638518
328725580
3845135373
392186143
3833355197
3856096650
104105715
200621668
2351591237
2895175396
4138644022
2142362127
1043446167
1090676643
697975024
1093000297
2944364768
1483491676
3930917137
3340095344
1770667199
76437142
1602294806
2583487410
1312409361
425313944
3117883151
2896736522
3693611666
3118246001
2382687681
1238616035
4144405772
3725049254
90009618
837243573
1067298394
708551850
3608584897
3518100799
3045916383
2772122833
1292583418
2697751160
3963435712
1544203222
643935212
2445631649
2153617253
1649558907
217162054
2427991671
165962512
1894603515
3854371627
27189861
3974548019
4284752539
665362999
2977890087
1014635380
29547156
4259108360
3105980970
99342866
1663556588
1508811256
130321930
1246730708
3771934468
3248941819
4190079567
1090562955
1894699848
2974002862
2986156180
1087294129
720711847
1788541892
742911822
1781550861
3545960967
3735535986
2482331421
631100813
4078489576
2827233613
2713964789
4175148495
4292592506
965597193
548958007
1586162660
373915020
639758190
2451421544
3628285858
27574758
501733493
1450171211
88154183
2596376174
3971058940
3373431664
1095890170
2267466165
311906705
3044607644
4181309878
1808182083
1290427459
42805235
3575693562
4194439558
1569015754
4236317326
192034806
2646013057
1460035113
2226077752
2355608738
215175423
3230239158
711003200
1613045432
265300117
3962698765
3149945979
1390827221
432914130
3380317370
693964003
2120288547
1126588416
2465717879
2926352558
3764042718
1729000269
633327960
824405030
2348405484
3197041172
3551999513
1244922190
1341797083
1968064653
2996022071
890648365
882852291
1551159635
2360624000
3505607899
2220876170
2528312307
2008928657
403915501
1382254761
2912392817
3077226370
2383413454
2051565456
384413474
4073923808
4131043215
2481912349
2057392448
4040791302
2150620872
1880799220
3815990329
967456564
3293321630
3801301792
586426553
2494479487
1223322867
3094667273
307625812
999453196
4182246913
3985299896
1937698129
3055527787
2800901636
732146642
2338400008
1885571937
3286806515
1556398591
1066609762
192596698
2128579322
2420794657
1347923490
1776702204
2318580187
224813958
3300129058
1750245307
4171835114
57179574
3581908652
177508411
1512425448
4010393439
1787130303
750156160
1605530922