3825383630
383039587
2241066969
1062580713
1900778946
3475155684
3169993146
911284220
3166516985
1603317125
3634804926
4093998469
4225124891
2352508472
2096658618
3744863370
3619952603
2314097189
4260896305
1711287482
3628695449
3000744952
3590113536
210494417
500354077
3507412209
2963205602
1326417352
799537301
3870171364
3990111152
2290124895
2813232214
3526404717
2724287078
3541779805
3065449438
2554884926
242017815
1239680675
1657907374
2817646083
1642956808
3497842248
2426083286
1468803384
1789070444
1038463411
172774782
721118679
3313427196
2548063784
220002343
1836699373
2712113860
1380218844
1452147401
4020310668
4270683359
2441916500
1135239485
4071523636
2003956438
642708548
1046604033
2244857935
2348795426
3508608670
1447897925
509306856
2123097029
730367761
1433315677
933572613
3951030851
4039537389
2129411154
3321031430
973902633
773162572
3128781714
2321983502
988969691
591614462
1717402738
3699612198
3959318347
1336977604
1972868584
3515065127
807963457
1254237346
3196052340
2645496057
540542724
3419624514
2596713417
3267083052
582202982
1983304951
2323699613
2843002270
2061994527
3045731943
2233565670
2126175924
620332933
3800970171
2466046111
2009154705
3868049953
1863869286
2764718633
171583216
378310717
36470860
1142693101
2324591065
1899655471
728263492
49884102
2150650572
