613594471
2539437274
3138718984
4109793672
2353824154
1494132730
3702564207
3132774830
2920761972
567447233
1450337307
3904416799
2589027225
3534019556
2421654890
4059417979
3752073604
469095356
832841197
1489883124
927564566
1021703186
890833619
580329391
130956924
3532175156
97044180
87137636
2910412469
571380918
83799852
2561965696
1186859727
607794191
1547846728
1983140906
2438627077
4107851482
2977701559
2227488037
2798398166
3777653432
2966035369
3219379677
3910239397
2577077455
996763632
2370382426
698894193
2069468959
1404095899
2284613309
238258757
2010194307
827926989
1760657464
1403033614
772709068
1538650522
1468563868
2040752453
1573981245
3259088429
1369129938
886187785
1189436596
648492062
1066374594
1177495451
1716584532
85981274
3591943764
3266188722
2835964817
706467074
3374433881
3037772196
1542745771
499708161
2082739237
3872510831
666584258
374909600
12867357
1619144707
4109407109
2892904532
3362562146
3585014606
2259715300
4217485250
1094523797
104309093
2901787773
3081997421
1305363216
1978319382
3341041418
3959834586
1573551755
2528791164
3949403134
2966600859
2299190062
211499165
143697198
3136357480
2925207380
2006518799
3540288275
4152882682
3533390463
2509509677
3461322944
489315805
1182413922
313679653
2325106269
3401040113
3831251829
821455946
409406173
1628466592
4083493635
358277216
3831909902
2179336221
813726583
3568055575
2715628649
2251878250
2119229814
2828645061
3267987477
263373944
929277097
805420087
2132677638
512455015
410959453
3890720370
4064075378
1798350169
2172711960
1255804730
4292587023
164261353
1715142654
325412377
179506093
2923011127
2296183583
4111083705
1768257928
82076506
940818565
1607586204
143072319
2196098936
357268866
4202659099
3408128351
1972822681
2448264180
3318091951
3693404665
2239379562
2216595141
1304368724
354736409
1441861769
1257073053
2547970204
2440677718
2042219106
3381257490
187431034
3025458581