2396327719
2302645501
3521250210
693403148
793433649
319945749
1422572992
546119236
1702851480
3017368603
436681052
726853031
3324645798
3091967912
776280336
3865212131
4191226272
3915328948
2855016825
1057869177
1557810190
1576161390
1338529315
1368476102
3565499030
1086356164
208605649
687337649
3949748214
2285476721
1475000252
4262712597
897864712
1855058162
926440101
3192250107
1254239267
4155123257
382037001
2654032137
2633006717
2662733608
1357495319
2562525449
1140419991
3091075788
3561255290
216870092
724241994
2885961393
1882550175
752199333
1324385628
296551725
1861563844
1086178012
172605523
2012017548
2721633207
505991243
3981529499
4248745312
1144548130
1573045315
1823619219
676638232
2700860538
629937099
258209357
248818610
966966087
4747522
1155304827
1447787970
1999658381
2670511519
3815045248
3191533222
3373641457
2027406486
413945642
3620062887
679799928
1767487522
3071912817
2166709151
2094161234
2087844303
4292246949
3726294313
313916556
965079411
643530413
3913153620
3410769795
1430821629
1584548032
1371498750
3587803313
964797410
1412238761
1878527462
2926977180
2673230406
2567849158
4103851462
2355544389
192182036
985593194
339740154
21498878
2076953957
1454332204
3486661334
1077726311
3938681380
3590649536
3746205929
2986187464
2080889808
3744031260
3754899078
3983837078
2354797766
3385085795
2053244154
599312428
1718324306
349392676
1901449791
2908270789
1087115524
590787127
3167860674
3288702190
2356120826
4209776758
3323921124
2145028009
971817592
28931467
2005905227
836134359
401552047
1796528964
2710954153
3550632999
3559448961
3258447981
1091649732
3919412515
3906772241
164371389
1753536042
2088788765
1217955541
459140344
737620459
1046805994
2382446791
967066079
3267518977
2822882204
1214176188
2221655611
4228737434
2229828995
3531689299
1942370167
3874729801
1751092458
583658360
2754892440
2830089266
3055326057
588924884
2148359625