1615485087
4194305413
2481020838
350730068
3605049928
387126024
1400857980
390047713
2783406245
3606825974
1920808655
2679152113
1433729860
2514958948
1890239600
2541374274
1936425860
4265337282
349021195
38813192
1142929357
3536687159
3353090998
330886334
1789097219
3103842553
2946821561
1582829754
3182743162
3609559884
2832311549
416050432
2359506185
1159282598
4020092734
3666046385
590683672
1309166292
1328350767
3039590514
846585614
856078806
711800315
3713039473
3292671943
4235134086
2745034890
412550803
685186968
3565512251
786081235
1585080331
721117473
