3019321942
2765909889
3928033408
220479533
1545518314
1740713365
3957801975
3702704642
3385369383
2668059906
76265688
1437222230
2905629377
3533046850
588904230
3896366327
3216533294
1931841585
1411649279
3184879153
3416940900
3991621302
553496347
2925466677
1580618778
3546996768
202392818
3730661554
1707851750
2358896130
1619045719
1375078940
2789820620
2630149547
1822934437
546919313
2520731123
3962746587
904511715
1679684999
182867104
1837707846
3442787751
109205785
1033253376
1823733920
1117133982
77476150
2812891190
4179461605
1994207963
4256444831
4199081873
752580635
690943797
3026608704
1145458299
592955230
3430601322
3323739519
3128668247
3318518855
365954271
2524940334
343383070
766292115
3975670082
3697563688
3838517215
162012013
49869378
1611427013
1624325208
4029446359
191403820
2162755912
845127382
1343993777
2367848405
453903548
235219272
3521172846
4282801149
3162380852
1526998678
2476220658
1056076317
3230256735
3050901253
3134447278
2184058175
3937736921
1726219624
3139444179
1658225836
2319058359
1816720475
3557806252
219720187
2663899608
414922196
1344973488
1305167193
