2631490218
2341546530
4119633164
3351459757
1517201306
1664831285
3598533670
2196674499
2582393514
3999925420
2031090937
3763822262
1998689036
1482781277
1928418732
4166835843
2792156340
2739616569
1313718153
2599313405
3592322971
3571403458
2422911989
3648907189
3779377758
1708314802
2859232349
2753884183
2720693322
2334133935
1123326489
870800586
3109718717
3167805261
190758503
1282380296
3632665474
1788644147
1517575549
4291371691
2490286753
1292359300
4217477730
1940364769
2486661921
2709185107
320869297
1354552478
231757661
2097121806
4149291941
955677549
2772751593
3323885382
3708397643
1387015549
4094691807
1502484027
373143607
2423488938
4196996686
2746929778
2860181158
511454788
2956807537
671452120
3453192270
196855216
947582919
186759575
1217156264
1141625012
2164654524
348016720
2676861943
1329356395
3526251524
1714938362
3331439032
843939432
123337432
2559912158
3120624107
842132523
3828776402
1005103439
3336517737
2093710701
2794200926
1483152800
1506559482
1001006774
2959577891
720294068
615276034
4204002058
163726776
2148271435
1178796252
3303462809
3264414557
3861186104
100944229
2253383808
1531249889
1820507562
3179175637
2086586270
3507548855
1152082971
4006773911
3069475980
142871884
574857240
2885753852
4094876614
375757785
3246945101
2025707915
2531208800
4222885073
1303861495
2156371268
3409047158
3629293257
208923617
671916286
2233518465
1786581673
1957126625
4163789830
2834518118
3053787769
3177029326
30971472
1895946148
632512962
1095579752
727114778
2176621047
3306758949
1080827369
1983456738
874158361
3030052948
1237842029
1422270964
598922002
903252537
1647911002
2840161674
3473970076
3590056084