4194976644
324019433
4082473135
3354514693
2968241196
294238030
349573139
1712668161
2634905787
3993482845
4257247457
433525510
3868474404
1606398743
3252935487
3630499009
3982000720
3334512400
2756679503
4145089505
1643276997
4001737711
1625459893
2751030053
3910723639
3079109346
3230088702
978819695
3121149624
3379541877
452875922
1997019633
976732361
3113144404
4126303903
3593829001
1381870511
77672130
1798166526
2977133660
3681411394
497748653
2963823587
1599451031
2850873431
2111486600
2871726071
1069928589
200761984
4277820848
38392764
2016138916
3956489045
3885268634
299872090
3517145972
3164888822
159309441
1230521614
860109336
98743669
1238902881
2585985951
1840771566
3494964389
2391182013
1656044040
380951638
2580891817
3543772458
310603235
17099065
3489522241
3413044487
3794862626
2675121714
3427165448
2564860231
2690198404
2986808456
3467259350
1896933170
3014347719
3421795504
589278723
506826380
3587960733
4169752487
1142700929
414657456
1961001510
230324228
3603448935
1682615084
1211844249
2763633817
3341990328
2634885489
1380763549
3742620498
3981926154
1651165113
2658655060
3937080645
4202050900
3404148906
4264591420
539661407
2834355456
3677745159
3661493803
1855151725
3882302083
1741459129
49192394
1311086240
220729542
3218977540
1641462921
2040093941
788180121
962626200
3388818181
2886679942
2375222890
2353330132
4111050178
2850922399
377810429
2013129550
863580254
361898162
3619913814
1961576154
1085280820
801203779
3919615506
3908114610
1823812260
3696719382
918554266
3589262489
489551353
4175619600
522490105
2121170634
517524054
1651300453
3788320641
1573713555
3000377775
3717681652
2547004167
3164423776
2393421766
1512313610
512273770
2678231008
1217416346
1435655023
2142313261
1789319593
3714325347
355750656
1068017163
3435588139
567757602
1963131220
2190215919
3119454972
4166948261
4138827009
1684846218
1175016923
2024112980
2716144297
1169894364
1760536979
1661670819
3874142601
972782241
3496432659
970644244
2280643878
2743966470
326484916
814016191
4007438285
3828587713
1500356688
1754166935
2949808193
2314464287
2436376763
577036567
381657301
819467718
407056145
724572318
3508848843
484783860
3029617025
1618143032
2488110697
1395507199
3038593414
776498121
924472145
1224052144
2745047082
3358373324
3533926154
2124017763
3930780947
4228680791
3369187569
3327831242
302732672
826979099
211819027
3549802161
1836907514
4174407568
3145647920
1083967016
3856736457
14494596
3102806810
39479356
2857066428
4274927570
1854594966
97164042
3465713592
1798009561
1993044905
1374289256
4079678810
2932469282
3266133500
3122936654
1247642833
1417056931
484208403
1854352031
2262193703
3784439156
2162027156
2375756018
3831761667
3325687755
265087084
1822344359
3946383132
1378626693
2871012145
2430876275
79900968
2010617327
903769188
2272460497
632247586
2448961095
2235566173
3643694492
1216575177
3718037660
917785880
4093803308
1616022084
2052150990
3182826753
695045349
499565293
2543107529
2993099057