4104983564
81323035
1704879030
1413373899
129317808
2620654500
1422208910
262133456
2392169670
2631842777
2212546318
1314195802
4239426395
3962913250
1508264742
4219332426
2729932997
2965377879
3360905668
295619640
950070394
1501480775
3250274551
3693805544
549295015
3255111490
1266246176
2872412683
1550713299
2013397149
2809640224
2601893848
3355568403
3057649782
2608293931
2718618096
3346294817
3190688886
842245050
1391869350
109281226
2559034820
945305638
1322916576
4065140172
3578984196
3636697907
1435118697
2923331910
3508819877
