1573855905
3732810289
1307994892
1230399599
3407228081
809840224
4168180498
2563968268
2126957773
3176041466
2162295952
882589407
836165603
2207340453
3273819677
867106073
736574076
713160917
365868561
452661836
2353063644
737158787
2834288069
3843240135
3026771766
2164831592
2228477923
2178124428
705996330
1127748521
2178867308
1502193771
458237031
218631460
3858019584
2391828686
494668192
4133884915
1346404945
1817258546
245985292
3577047791
1097727672
3914710267
3730740915
3404619398
862107022
567824630
4008355102
1638227992
3107820934
1479766972
4088621399
3151057327
2373713383
2024609404
2679848979
3207885287
3800567145
491247076
804494604
423843181
3323164948
3044215058
1651495304
1705986796
3781526366
4084225413
666810322
1139442854
723409891
3361397049
1712396943
3064865586
3123360463
1932499452
1877380269
323615589
2870324867
2987766514
3646254457
2332631466
94127951
3352342370
2641787644
2099113386
3409088053
1216949699
720977445
823629069
2847966006
145777401
3695906387
2173985712
3261787531
2067709123
1754507214
827032884
3481218334
2536678487
2351581411
1946041382
44739096
