4108440239
29612330
2161521988
1723301550
2557672890
664705921
2279529910
3472279206
289651641
773457521
1311177231
3360453555
85605130
1890939810
2317613722
603582777
3427349842
537118207
4093811680
4139452775
3962081495
1329018424
3870493128
1578494509
952561652
1854155139
2612557992
3247155344
2424062726
2059766241
2825004000
4109106765
1889915471
2508807125
232484137
642781885
1120841192
1905674910
3397715998
4165312368
2496354470
3364123446
3230261254
1928811818
2890304237
2784246763
2232660709
1099557112
1119484649
3709981092
1316920834
1912786451
1845849941
753216424
1823482557
2465077060
3513393736
322070755
2409848898
1963934077
2699681020
1408931163
4188986999
3180848043
4214695117
4227157842
2562686996
1150142135
3602849073
156432228
545241049
1304416389
713538803
4201347968
1197931542
1270021874
201091389
1065460538
1178379913
4187762861
2371232419
1327019537
1856994792
1834472235
3090456920
341376895
1018337179
4167293802
3286939959
3462993143
3005313732
1529353844
109528938
3032125771
1690922396
3881474427
1772903289
3820339722
196405828
2927052898
2520357701
1087808524
881761511
1021203863
696351817
3557239358
260394596
2130853682
1263527966
1265355211
3435381712
1473198378
2326686998
1842808056
1466688525
146579216
3706682105
205463994
2360682743
64561667
120482768
1618844562
4250472038
3668193234
1677779097
2782800789
1099793794
3341064620
3124832124
2924933314
2284605762
143379675
1074766626
2356841732
3725163338
306762461
1151702078
2627151899
3910468159
3894156154
2441369043
1737792733
2435684310
1855070867
2055902637
2499624515
1960572248
768801826
4111966802
2788905809
1150698927
3312648855
1832073474
845849025
606159458
2690974635
2573134369
3777592010
4102381579
2546477204
2250563488
2444514346
2181410371
3075493216
1278260396
3308457201
477492162
2534753921
2048996392
593152648
3449963172
696489426
3715897521
2647480371
2342065258
2761521306
1960687594
1899146671
1607657958
910605049
3942643951
525450032
2306466128
3904035404
1867244962
1035727134
4238785694
3212894847
3439108787
3066833317
2588245138
2160379840
1009449078
3172418000
2032007743
1174943866
2571769165
3948557749
2803308473
38241865
2838846756
10388535
2413287981
399925539
1928990483
881959203
990150818
3675060972
3832558561
2366523703
434515219
4205196798
1184016268
2324257256
1969078568
764754989
550257805
3495552806
4143965554
1824835754
725043798
2258322959
129784570
1507261846
4165476737
11849091