4262776204
2907162358
1884198841
4012578419
1314306497
3394285974
3891382766
2859312080
2810252741
844247300
195098261
2877540606
3556779106
1888226321
882946681
3570241922
2116377496
3664832486
3713396599
3762567026
3563938588
287335843
2611104755
1173111907
794225307
89437043
2071539569
1757928543
2021101800
717186883
2626940011
3516152527
242405740
920427865
3329967134
252652952
2687325088
1510985337
2271863892
1188239741
116756310
1845637456
436429862
3300419466
1184636471
3690169170
99578636
4628905
705763617
2622958736
755139596
4183488622
2268926963
231647543
3909653276
349970784
878719594
2970782210
394383737
1037863365
252727656
3738724572
3952869227
101821968
2927252228
3643206953
248481208
1421733669
191333598
3595299121
2987787756
3726858632
3951312605
479850604
239468705
4160714105
264087287
4179471285
3917445633
3778822957
2604806728
2618022754
4186739907
442386112
3022157632
2225418063
582220087
1396337567
199982433
751382558
1750009318
220410692
220354548
3143778027
1959655096
1094483202
1407816228
1062928886
3420897052
2669077170
835686636
273406297
1897184757
2205101878
3427207398
352638531
1119073783
1923580658
3814037150
1793482496
1302372534
2188357244
2872543535
3484854425
2274275507
2512949521
4025104809
471823493
1334475441
1688655403
518266978
3851005947
835198137
2185479646
3741679841
3798586586
2644333297
2963771998
3023160742
1181822041
4048500677
15267119
3243221086
740565363
3845318050
4125696801
1307633632
4253800966
1233762585
4059627578
383796000
2681481999
2298519839
811626472
3824346499
501570768
3758546396
2024476779
3432979764
1047204808
3132157076
2711800278
2799446572
4245658075
458214307
1446896068
137534844
1103999946
3930367040
978903231
3587647516
1045197316
3939665051
579164707
4086236311
2794040625
21251745
2037775969
4111482344
1413392825
3429133785
121347633
2359950410
4187216043
3233599189
4240927805
1603293786
2741902370
3481400342
492075946
3031926423
3112819242
209612049
1661804857
1084081511
1838836999
2413013587
2991001665
3404913885
530412577
2305101314
1809330026
1583036143
1474833704
2141352349
2798702235
2977496053
1860365835
3496153624
1113961205
2152945099
265319520
2367311662
760875195
3768426913
1412402564
2884611047
821187419
4151119422
323587138
3524803312
1029064656
843823324
558353954
4231034248
935060987
576424001
156543116
3206366865
2549015750
940901560
532148456
1269872448
2824237056
3892159143
3892187921
3969822572
988357183
2980290517
3961194376
4119453823
1941474623
653416032
2256710554
2552574416
3837510850
2850775608
1494482767
2888989094
898722752
729168777
4023800070
1397996404
4001540402
2358225301
1447833063
2460036400
3136197101
2885448230
715193528
3981737941
1979002379
3010599163
2512825060
3227269482
257206787
303958349
1593691782
2695953105
190453113
3285106890
2126390173
2377663129
1301105149
2003565032
4283667906
1002443524
1376107904
2198835841
3075830516
3403964532
4202253766
3399576177
3067116811
1285575559
2173848988
3369957834
766406485
1764800350
3057641646
4024956042
4223622729
3361354699
3960465517
2981588063
3971457574
1838806225
1897148113
3297669043
2846825554
4046321398
2360395239
1011529875
2880744641
3904071307
1558105869
797672814
2282250489
3962085229
2277735864
1720042228
2814438200
1142506949
1152065316
1826602805
2427177916
1028226531
705807403
395934036
673451012
2042524199
2691503181
390381408
1843972302
3044844830
3282348519
3410708992
2284906981
1905314444
1915394771
2019784428
796624536
1381745045
3163598163
2907878736