1235018798
321553429
3166537478
2481446266
570294145
730958825
2169420654
3535657597
3736134000
4081139403
1632163560
528970932
2769918555
4242321158
1764862775
399748656
570388884
3978364974
1727480410
275076978
61685177
4202175805
1251789941
1811521816
163058623
3098451245
4009165813
1222460073
2903532887
3216564875
2396470799
84004853
2795238889
1799152843
2009008866
2081558997
4071401439
2760774337
338431839
2121124491
2618763061
3617978424
106514011
1240700363
3377803375
1365925277
601351749
3709797883
674953290
4237010385
4154847109
2359515648
1207246212
2135641708
2115617014
1036653046
4132851038
2096048640
4097724892
935551130
4233292444
4269487494
4264378547
936292924
859501227
2211459655
1765790069
461782674
3851329139
556675555
1636319947
3809622085
740426237
2119354486
173720051
1502887277
4147905354
2660577968
1957261578
1626752189
3257441822
1452517393
3646018067
3234788311
4151425206
797923820
4243559724
1981440989
3869300678
1720329483
2427834818
1169351840
3597963023
1937938709
310610445
3985261687
1163816093
3555720245
2318741546
1452892453
4058649496
3126017057
3917870774
1165601522
2670858866
3959703699
18150925
1570201098
1677106753
1375309692
594029772
1782599192
499798096
3798740876
811694468
292307106
4164763694
754468517
1132473297
270765611
2681008636
4112077534
2650664692
4151996209
1295988572
595963735
4054870443
247798757
2112319466
76519555
988993192
4049117641
3336553684
1710545086
1658730635
2759021900
1223235413
301308967
4012685891
2497246203
256518310
340958048
3590852318
2401429299
4202171372
1613153846
1012026044
941924899
1969686675
960139361
299886633
1644220044
3453365171
801170912
2406258547
3688538045
2949677989
3879718768
1904120452
2600651118
2377028977
1801935418
3528622961
4293724463
1300831311
2015808259
2623216449
263481935
2659061058
2785877996
2295626461
4112995454
3450353500
2285340871
3897533760
2008367104
1806769567
989107070
1993050014
2096991869
320532804
1439709837
2766676219
517813428
957405681
2067491864
1706596657
3954145741
2531126686
1132820054
2198322411
1988637687
3334408191
671169611
2334286034
2235710290
2087050908
207768326
474735088
1954365900
1887728053
2236190763
3486871101
2091066871
2814725210
724376618
2159234652
670772303
2565478086
3343752080
2044085204
51150990
2768303063
2956288116
2238283197
2552267221
3706144913
3796555516
2824109399
4038868187
3290683495
1115010048
863484822
712422358
3301172047
325224079
4093316172
1672560664
4105012772
3361543722
1008302233
2618175700
3614570742
2669974945
3565359450
2745160228
2929186644
103647708
2458435789
1696760170
3601169695
1314601530
2639184645
2114386612
923519695
804898239
1127600034
1532027005
875284641
2933190581
1807744562
3407593129
3197425865
1128708320
529048909
1877229637
3635837438
779692292
1692171185
3567279055
1418899603
2495645156
3210534911
3497885147
1476751306
2928157043
2725096610
3723901963
1473859148
1934420478
3731808791
3306594467
3032776985
514454906
3134761137
3211041155
3860669181
2753083146
3267103980
3484674553
2710337957
3738427341
4040569070
2896438060
2845134894
3831232937
3331375222
167482827
4274353051
826233085
3056562731
1063272968
78393425
3964468802
3158718842
1457871144
1593912276
3207442059
551799597
1744228902
511905739
3746723481
2415435089
2613335235
27528563
3293839825
3029527725
2890602160
2226047257
993005757
3776612694
2372658162
732478887
2661398847
2623574613
66266956
4147379225
1645865125
3742609250
4236013216
3639791738
1683006237
752479526
3558759076
2604893661
2204576663
2388572450
2392621810
938455182
562279619
3440878324
2779554530
2414550937
920097875
3487730439
950094066
1845888842
2785083012
1928028514
2108926249
72820365
1216861106
2177324792
1276473932
1480312792
1703257527
2735276520
2412811799
2770239796
2566401830
258355164
2027269702
3350843590
3810048702
3660663107
2663885948
1675202246
1276519685
2912537641
4116725717
3242912644
117537309
3507228147
1611816748
1489730352
1753563753
1739520027
254477471
2778486361
1078564672
2806954284
3314663571
3206446741
173378079
925325239
1030483518
2271546707
1771659691
2031248461
3450133039
1153349515
2016448329
4043341098
1720560851
3891151281
219656672
1846497254
3725688940
1157402232
3238413302
1980614178
4208514028
2453798957
3464437029
124214964
1335032718
3581968289
3503264729
676622068
1144935491
3081748313
4005553986
2878534298
2354956194
1392279813
681866433
2762320802
388962735
1733982017
3728635358
920649493
145353259
738524691
810861148
2780141579
2124879939
996840224
3754821449
4277018922
3352408678
2762620559
134596828
3502396819
1277004749
2121653159
4284238624
3465330899
841971333
3612740921
1611313574
176571402
221116320
2395302185
1469611618
3804693753
659016598
1526692361
3887598846
4249464798
6914362
4044485506
3643143179
1795363239
3197860086
1116834888
1117455003
1649263456
1459659529
106357738
2239299362
1990758753
3074869009
266100213
2232306048
4135382737
3195336996
3749321891
1732841216
3152164174
952914086
3521289260
1596160390
2989780882
4086452139
2345290602
1048335655
2537290140
2265362169
693264938
3526894964
3750013321
4261725879
4256436265
3771816969
3665130858
1400058871
1356263662
89120933
2810023894
1544372282
2448190029
173906085
1546932656
3101411974
326619341
1278773150
3151810434
4223223790
1091276600
852839539
3994640073
2255862099
1012651070
1511127030
3495981997
875333588
3692700447
2351992555
981813448
1806780464
2703981256
1758799393
1167349081
881613636
1630196606
398842029
3253398110
188630277
4016049386
2088799667
1655749806
2121887188
238786793
324132418
2396668398
2058405476
3818575194
91448453
2312014869
1175553178
3048998936
410558876
2539996777
2688285512
1652030028
1437718277
3039079278
3841641195
1015351956
1625091712
1275866280
441539810
4213320202
2406769375
2269993727
3976848688
3805377873
3510043257
1208851590
880535401
3790621119
3340397169
3459461802
3102648580
2565968830
292804104
2024177935
3664945879
3363984421
953330104
2669616527
1892665839