1448238360
2576004181
2005495276
1659115134
1373937720
2843523274
3907383393
3365207466
2966955643
2160956199
4123651326
2082789479
428662668
568899188
15597865
3295227185
3773998770
1909235029
3740045146
3185532023
463750667
2537843689
2710679612
1472999578
454400022
3118540691
2962836252
3557143385
605856812
2062723634
3091778960
3892363400
2890544382
1447363179
2829209883
2919696111
3329062910
2379211266
3932293125
256239965
2847041524
4071171484
1960669261
2722332068
334623694
562996152
2968291194
2093150365
3405773117
163561779
777753926
1074650698
983121
3034106224
3639187526
2937212641
1462118279
2810590384
3310443143
2918167835
3197402942
1066731003
4025380045
1942837647
654518826
1274534908
1828444787
116998362
2927541297
2565767085
923892887
3058528834
3750079140
3825722248
3791062412
2985098481
3501898330
2387934257
1795210056
1944655615
3778460866
1366664604
864266299
2992268636
926929816
2995009510
1338146699
1972469866
3629381563
3130933249
4030740324
1454333876
3711258999
1854841287
1563541480
629492992
955549052
3378031303
3367055987
1665769982
4150039985
3218268961
2779586548
3519832916
3265925238
1591830398
1228809898
2026639403
2595947709
999920634
3457114097
362134179
1328422474
609931897
839225183
3642890473
4103608820
2793138150
335346655
727279225
3293736790
1666273585
3651484927
1323854887
3179268956
1431569811
2634953916
3312334282
1058570415
1914905802
1966429939
2768613511
2900155710
144757521
439130366
4261697283
1534645224
1733226721
3392892368
2629856141
4132283936
1621449493
1222093346
3759836616
409662255
385396759
1720754633
813522987
2097446962
1022833007
1626868650
2816847085
3630005476
4078393778
1121491829
2495390527
2356911384
151629954
1426385755
1859152696
1483715469
1982009421
58746697
2285907018
3911927047
656742366
3613754014
4051397124
1443862036
3936924197
2774213499
808511458
3151181049
1922408840
3018678776
1513921861
2768633763
3411034616
50588068
3583046740
3548083311
4008819441
782887526
1007639212
2461291088
3446413980
2694381510
3383226194
2325827385
3296081691
2565937754
2715169654
4142845200
1048653539
1578114536
2650600321
2784583798
3462962467