1704589919
221972073
3268179743
657741236
3160797748
3971639031
2798594829
4162150355
3123560643
2281849460
3521222250
1656234993
1332958994
493880854
1007526671
4274778997
92539001
3656524668
938387142
3436165306
166200735
3635947066
1490115481
1957057397
4133605265
3114093887
1321069890
44268796
3157027640
4284876941
139257363
2450242995
4124522664
2396936707
497035712
3093458950
2509039827
3027036478
3120491472
3410887655
2989559922
4027597720
2392169654
4008896626
985606970
2772625297
3368763326
2912402199
1205843196
2222596911
3391840053
1792157142
2903790869
2650970957
4231324525
2412746706
3920897746
3099835846
1787502302
2999701753
2376328309
1493248281
843221396
3537932049
2135781066
1520405741
3193775779
410297990
2159323338
3442628732
838495241
3472134463
3386042513
670025954
2272587668
1251810938
2900321152
559564567
949027370
3997842191
1741421134
1225153438
1582341352
1519569532
126618221
4258462918
1623758396
2448829005
513419927
2874216636
3136226160
583929172
1245054347
212587530
1966318744
2397620558
1255618886
