3958762447
2666976474
3061487247
3887482155
4072181486
2640028480
2841815418
3970177342
3887582055
4266769804
1285855161
2402272876
2500407075
3811799069
2239074179
1058541105
1518619492
236355815
2526983080
3826090932
3380928046
1243600459
3669284398
3397245235
2332976919
415928010
2699077369
53048761
1622794870
4204476250
296763312
1769641494
1920401546
2813623123
2666220439
2469224202
4100839304
1370205695
4155398782
272497944
2858595656
4012476034
2666467086
3211359898
2193380461
2964910752
1325972171
2341616646
3162447411
1859329869
1044635081
4194294755
3520856366
4078743820
1956778380
2332895254
3381715111
2045812332
1401923405
2008253698
1931095497
3759701378
1160773014
3812231139
2598814030
2317942415
457361381
2848340707
2522173541
3048351615
307832157
1456801380
1986268528
2072353066
1240020840
3552366721
734072369
2131140293
1291567411
4163243384
1908099674
4029014573
2663748397
2237541059
3177402314
2749615286
2062724561
1597183852
4242922700
3987824954
3572907176
1675445368
2193233513
45868809
3173718755
4291758527
3677961528
2587230898
2421039671
1211028212
785712407
2898810868
155777651
3102431378
3655969385
73799856
2643965551
2378307981
2675516130
624001729
3463681522
823738121
2416475229
2110660979
3287117628
3331198020
2301881765
471533900
3018036807
2229371853
3124264925
2792860170
1249787414
2741099907
460498720
309172540
992208229
2633095506
4016775470
759921816
976565714
558366084
2446688292
3571089236
1109828773
1912020196
3535384212
868841339
2729007611
1390498084
325881691
4189922252
4006244826
3767018697
3683038680
1557595289
168141459
1616043201
1565108211
4069080738
3705997656
219921067
885457790
657920137
2155740868
1358634012
2013767419
2177379278
1035162820
2296594149
3882671965
2910632653
3421070473
586713140
2703944136
3923538039
2928571501
1996708607
2589488771
3387270977
620517661
3294803036
672574504
695413386
205563696
2014042091
1822792879
163120491
821925892
2018042420
1447046943
2092722745
2290327024
2473584303
2736470343
3506629724
3895895356
924215664
1971358394
1394950371
2359103817
3823605689
1443543442
1727623904
4156329245
1714318147
2092939647
1774578723
852071506
3159681475
743532244
2601098944
3284698711
1359952545
2500840637
3842354283
3915165025
474550689
2189708267
3361050703
4187531286
3720302033
2099950706
4277138136
3020544265
1290750728
728555909
1000434455
3781196128
3450838866
2510072570
2669362345
3076555254
4040387186
245773588
815181512
2118065781
1486591075
1223222077
3140068189
4108340168
2468897249
4265376944
3918033759
809795578
78108963
2968603025
2486375635
3351460707
68356735
2362486595
4180166407
1187637492
4081189683
1776289923
1468815587
2698059532
688696782
1373829124
2585524798
2418472631
2604598212
3918734214