1235679837
3539771220
3395056358
2194529682
3697243280
1386680586
924557405
3042640603
2492725113
714715962
4004951155
3698524442
2636993929
3958468870
596141950
2447425633
559621537
153543401
3029553143
4038604480
116254395
2685134350
4094829478
4193097387
1698385609
3652852677
2574827487
3391133212
2440458609
3122981889
1218498519
1196022551
1850501577
1200230905
2057453782
1932306402
1212509643
2819794233
54120205
3996984800
2189617481
2082468768
1502578043
3872789026
2330077020
4071506135
4140539698
504839296
2014294721
3802919621
