3929245943
2133472641
4188451809
1237294124
327178149
3695833784
4220031389
3798569481
3537743491
3974890653
2850188936
4030317396
507459052
865339180
4176620054
3515914995
2022336340
1854227871
1466254692
582647590
2335629313
1559330976
804530167
872957564
3604126676
2335573279
3588679312
142768460
3908910056
2727233882
531508172
2146684896
1440972820
948978113
3665908324
1696644971
554190320
1499811807
2810464543
1363705998
4045645157
592138488
1204300014
197185207
2342059639
1668646595
3283069827
3052913684
3993225287
1429004014
2649038443
3702131
1798230249
204780790
4014713692
3467791958
1302858771
2519212705
1973229019
1531196145
3051319719
2259758554
3640007299
1047256712
4251437098
3043577269
2559743727
1098262151
3337096725
1374336089
3720341100
3929316245
957602494
983347173
186070331
675848946
1134590755
4183430508
2424640672
273919601
777410236
1079691942
1323273003
1666432127
2940208361
3063100500
1102930398
1301255620
2496978549
3489611433
2186116120
2462127171
298452210
3262173250
3146707393
1255254028
1341073364
179014367
3728758735
1019520759
2227872939
3706086916
