1578139709
1028284925
1574053380
828369675
3758685992
4287781333
2593017999
3158249251
1234798388
1151088757
741350508
546642640
1550782235
2522791423
686269796
2954491558
3457916806
1139597271
1711602624
2924506176
3140409992
4266674026
2952636244
2156061792
479151059
403248404
2238239681
2970006362
3331874582
2276412843
2557963362
112431161
1879262194
2395101516
2088394605
4270306292
1693909413
3682099779
976231596
1982742336
2509037731
601413250
800912621
2399222328
2251227970
25969136
3262924406
1114192871
1015144259
3660142431
553560901
2617468137
2635450890
40335699
1956632882
3688553257
1940105716
1284425709
1027253389
1926080778
4290941415
1824232351
1720965431
2097709640
882419767
934343229
1632573404
3540107812
2836674054
3023865142
1078079066
8082763
916108382
1188297216
417981762
1207404312
3810117720
951783247
1426971680
3683819827
2957288420
467562908
950284615
2447208800
4113962232
2442941007
3384744090
989564521
3550986965
23918534
2165240615
3623257131
1565639154
3963067610
408032171
1849712083
79105646
3082846501
2409331170
3752067653
