1836457645
1520487936
40692905
3100750029
1044675655
1414086385
1873647147
3665891529
3796447219
2212427760
1957944418
2054025179
3429321245
2922397250
4017937280
1237554548
123484917
2114708639
3080387841
2380629675
1799856972
3992960080
2542796746
1682004200
1483795643
3980589101
2900261146
885836254
1618349909
37105347
2297647771
2560589352
3943471773
3941834532
1684594495
1364118425
133425939
690247405
2307896289
653421319
1947025494
2172797444
379686572
1869740323
1202463380
550208801
3017192088
4017267334
3704797012
968542446
1833157940
4088874147
222544596
573216728
1292468145
3462472756
3089459342
3700463840
1934701598
2230250384
958909257
2856264243
2704544197
572865287
2033851159
338896058
2456963465
3423813492
557816525
1641093321
3517411035
1268196263
2602903833
1941030090
1366982629
421718265
2561605824
1137163848
3282460346
2559773109
1328538302
1817618705
1791145535
1786773234
1390149058
4168791208
179216118
491532796
2783209091
2629970577
1704135929
952505987
914322788
2689486715
1965010284
108266551
1220617228
3488730683
2333050591
1547654028
4268457178
1590985080
439015063
295859278
2319242485
490326338
3323772730
2335320722
1498698845
3733522097
1900117330
3284809099
2298059878
2573190490
638335237
1967629447
2316608095
2939316240
2635402588
1368867759
3221378114
3615004673
2713884029
3015582853
475988360
3009003306
3963468510
3259220646
947329315
3744859375
3750432558
4019728537
2798650860
2791781222
3050048487
1609071388
4218394172
2174526738
3981224689
1089123474
3826291699
445518631
3743384337
3692638381
504485837
2193255943
2961374968
1798938150
1295625401
3145075177
4012227131
2981046534
3744338133
4105491921
4133886180
3484518723
2128953565
2012331189
1294091148
2066066505
1821549342
1139625330
95963533
593858403
3918776190
4169326648
682335691
2831390380
2274612063
1562107328
2559317491
3684497003
72916133
1756301250
2481335917
3971105808
1403374740
527716611
283156870
68398679
3836965553
3934412006
2490915209
2592668627
4112183382
3363455709
3443929368
1565403133
3544178657
226141427
194039455
649404931
3287334811
3627869545
2261413986
1698969638
3937779152
1070415277
3717601830
1675066826
1984566171
3861425171
580607564
1841151385
476704126
498282429
2879289402
866873338
1521325733
3198782298
1439028579
1850953404
1613274708
3336630504
2496225835
3360169865
629097322
4160282866
1952990851
4067660888
3930224236
2238286190
3516286107
2781893691
2129384743
875856290
30515956
2316650748
1039034802
3372085944
276320264
3445272393
20193339
2045379746
2953702977
2917129898
4087482209
1837968413
1798243614
91127853