1081853333
3742856960
4174655231
3364280450
745704975
56724979
3537617444
409601216
290737476
3613022506
1987507125
503009161
3569280183
2502603432
1639441277
3894492196
355598945
2174908807
3173906432
2249958782
3015662403
3441658366
3338340536
2875969318
1023889367
2872396445
338927873
1758855684
2123263719
79772200
2016680900
403982937
2142499797
1307722030
3693589726
1768926010
2518639565
4117963543
1133991950
1518884461
445606894
210779670
1483272415
2967085641
358905176
2517541224
3401244856
2046921654
1159860607
1413123894
1517123759
3893570014
1804782836
2177549831
1721439672
3155036116
2928628540
4183267873
1563667796
3504511237
1467346636
3283154909
1248640483
2847987719
879450945
3345836041
86192973
1650482875
867132028
1610827901
2373661367
172283805
2030086386
2590885446
2361079850
2969787606
3899486200
961383668
753428286
2542884389
2298942264
136311009
3855225822
1768728623
3553745384
3981346681
4605455
1125990663
293031235
926321667
3446263655
1449319827
3054377583
2388013886
579768983
1198881989
271926517
2602584778
1638747582
2625119029
971066316
3383423553
3003951945
2406679942
3524508268
3808662954
3068955082
1013569379
3729995885
2356281775
2399665854
3275836714
584937214
1265108675
3333433167
1269615973
3234908054
3101904460
4285261986
2484089576
2596779912
3311129274
1737513148
1533847189
1667319910
4262659677
3627467870
3413560829
1729832824
481536115
2079409552
4240359201
3642438785
3400741685
2365915030
3069368546
1804297699
2407699140
704174018
665896668
2639887453
581016235
1972028105
1297487673
473571278
2929336423
2255960108
1876601352
1760392549
895521554
3564544813
700688790
166196114
2553799607
3013567631
2837588283
29522436
102250337
228899565
301778898
1694562717
3294285128
1125163253
3877776703
3407475306
1223067622
2087876903
2608059002
2181981618
3589491707
2391728190
1426974551
909925559
3700311359
2757010842
3564086101
2842127598
2975882447
629781515
1863211089
2869457003
3698737839
2681359760
2927275222
3306670944
4260602728
1348522561
3598035123
589379355
3475801127
639260244
2472789304
1319341078
2491761434
2532192659
2762171921
18097745
4072626369
1900663686
3856724427
2496329649
1000231321
1344644705
2817903057
3148823269
2304482295
2368750390
777453931
2026745433
1696846982
4214154851
2433385586
1960854423
404456029
1463940707
786480525
1073209029
2966344489
1590963438
1359256003
3516199714
3954453442
4219320000
681750089
4251357430
3635667400
2397307621
4131818040
2889793550
68165075
1801369697
4029529502
2812723717
4064003509
3273553358
3301752535
509635798
2680088362
221434961
4035005668
2928618016
1595859017
1404845717
2779866378
961343898
1951068605
3145985356
2103237837
3502986233
1478091773
2131642935
3851979682
3956074868
1836704475
2057158417
3525337289
2531289033
3413557170
2073292647
2268606728
2446972777
4145241234
3006594806
1767572077
3427265960
530106327
3645783601
2219397468
3821016528
348501793
2973477795
332965600
1435299270
3535044329
4108921223
2050117938
2819244399
2557295751
1423586627
2341409870
3589223967
3680598408
27841008
4197819206
1304920249
660420423
2973023167
2904427598
1647197065
2671948773
458911664
4104559973
2326425489
1921129814
1608728066
3371581240
625449234
2126663987
3722158214
2782219179
3242514695
2299219167
1608194811
3951280708
2818567038
3612161816
4092719661
2171604825
1987496849
403664342
2290601052
1873386675
1247026996
3460529483
2295734028
3261920423
2349894521
4139507512
1570588164
1167433489
1521438353
3672676371
1761839106
781652837
3168819629
4214348979
3026699842
3404423742
45128966
403566308
1059320128
2165379445
1154163137
148247477
778962253
3356224946
2504214061
732908951
2271067927
722730202
419989954
454560659
3862629217
2059446299
1242503666
3967459247
433404690
538644691
4053890122