1338532912
3952034470
975205759
1803250885
3843498273
4049101098
1892873277
2533585224
822762879
1908855257
1244243918
2150531913
1892252779
2551290958
2047505048
4133674754
2401812648
831944367
4109700300
499309816
4038322857
4237649541
4161308904
3987187197
2907451668
3117812141
483305246
64628389
2068497320
1627163052
3400320390
1062498225
4257342663
120887409
2685572476
3655053007
2972505737
2234069669
4224039825
314039417
3691865928
4103335016
1572328307
2771859358
658605235
3606929321
1659632703
2962304439
1176350943
1888007064
4133740638
1115417199
838006518
3529284700
2370476209
3447879543
2323529435
2816035268
3087030389
3844817819
960017494
3755173908
174801012
2937698102
4937232
3468287280
2247055498
3078256535
276750318
1993492426
2996759958
2922954860
863863085
3596206022
3243476238
1907360634
2992132908
280219374
3372464128
2750867960
1389922369
2532970501
841512147
3180137047
2651585671
1059161279
3196375095
1646215227
3461475477
780620746
61304077
1684000901
4063812238
2970550875
945390885
2105615272
1814429053
3301732137
2977741223
3099506460
3129905171
2005867007
193548163
2285742679
2922237797
1113647519
1894426579
1792085825
200395427
1584237664
3960025968
3405781806
529441039
724564155
538243688
1483833212
2465693109
2271056406
3204094495
3685407555
1112497731
159156925
251552887
1129525557
2849572535
3663771525
2785858443
1339096529
3281070432
2946499234
2876794100
2992982576
3019818820
4179895340
872649659
841988578
3251312884
3037890357
861456975
2104132969
573948407
3627815269
260386885
611788493
855887129
260706612
9674492
858079024
2652930680
3760824564
3318594604
4096863921
3007811233
3311659141
752701472
4222502331