420044111
3818931516
1918665319
3357755820
2702247282
1665649140
4245734619
1071688384
3892977010
3725406194
2701735752
3718603830
1614141068
3661667415
1351393337
1285049180
3263972694
336561790
1897054525
210356141
2940561522
1908091803
4201744997
1574242586
989644251
3148832528
3778742346
1358257310
640025700
3882469669
825698201
933498154
931127474
2267501872
791700266
3825233575
2345408326
726153021
3368616559
2383268983
4182389485
3871761082
1492130949
2696333997
666719934
184836571
1151869013
2550501784
1624015108
1208443788
4034591493
2705376049
3298055836
3594362446
3334582174
2714377354
1323349601
3449391416
844203492
478660527
376072745
4029699474
3932072124
2811608950
944606664
4015814771
3688839796
560710493
2216570114
1092817606
2449638712
1041511553
3587280377
1131234474
190742501
3201237634
2945551269
801855424
1547089166
689195008
830784201
178126181
2967005016
3843456325
359047880
2669122812
1371115045
43053737
4187754821
3952063023
2867534210
3319876545
146650926
4030605510
2445706810
1118323940
2053119687
2247640360
3487955990
221784624
1817465795
2813425267
3406559870
2914129291
78345004
1500855502
3748365935
2208017070
1574306107
3670810091
677492637
2245591601
2661257444
2836545453
4285243276
2530586409
830673414
2820533023
3459040136
3431543682
845067239
1182159627
4018074518
4196223113
702809735
1699429535
663669736
826610574
759833277
1812097316
4193462128
2186768037
406222162
2892410631
1516562717
3211380239
2831911832
818359888
2918026319
3779240334
4138317705
4230669072
2755172955
3922788090
369276584
990120234
3167322908
4146344008
2198481786
1865445487
2818067426
1114540654
100151777
3369989452
877099484
2472436954
447777865
1436813783
903474027
2211606699
453207704
646459300
2208850247
3939031234
1675525261
1793891306
4127170346
1877062175
1617975220
455949107
3679913956
3639687866
1558496040
2087515073
4259950473
3045491665
3233829339
2996877817
115064906
3275570326
3580552056
671055702
3577142367
3105737446
1884728094
1700036777
1307643675
2185544102
1198057450
3479113215
3470438962
1353736318
43581938
3210893671
3849096547
2537749653
3028983273
942328142
834156142
3481890507
2740914209
3231775113
3990171340
1310762331
3252007209
786703453
2818248978
3983602345
3479149299
2108920104
4058737497
323738165
858030461
3200248291
2853362647
2401621357
2106173131
708134201
289514153
2073853109
3131936106
3991990341
600815463
4109580154
2841892925
2484844413
2322323305
2589888455
441197245
1899265700
2365344631
1663101495
1420880483
2238741806
1538702040
1382106010
2269386522
2263455804
3174018534
330485428
2149314136
824398233
3120666267
3394750472
1292638976
2213421853
2842417804
929089178
1637148906
3896048632
4248823725
232659703
1125945017
1826828982
683411286
2353761531
3623641240
3105245307
3956964866
3630076936
544320835
1887612142
1082868712
144755381
2134942334
3015108519
4036244211
3695863796
1899641846
3414529108
2398226104
1886425800
3570391601
2025482603
2031685098
2578237896
2020492869
3537584354
2218668249
3616813813
4202231716
1409533069
4165057918
3752110523