3534389800
638237051
802445579
1254885571
2736152224
1862081798
3293973450
1232317252
3828315980
278079160
239492276
3510188235
1630822524
4198584379
2177939898
1030694863
3251102890
1145196191
2002422670
632285934
4120436116
2970714794
3822339119
108986764
2031626291
1803267631
271862342
1537732022
499290866
3381097677
1865420304
3056432856
3498290776
3737882753
591662463
2836905223
3664773422
4286795579
134416444
1796843165
560604706
674844454
3212555714
1855236904
901026616
700043584
2377141293
2630568757
4013913902
2121578901
2181900499
1596637464
3398377640
1008593227
3404647982
3709094004
4023828302
1853478236
3990707294
2356177100
1641754770
3793475541
2505439287
3417912267
1730392188
3789048438
3551819863
4046699601
3995115301
2120653120
2971585841
1618888239
