39878790
1584205348
515540463
4265193916
3350011379
2104582357
1032330300
516995512
3181170093
1984456202
4134908553
3892324879
1147016843
3434425194
3806721838
3209520438
194428381
3142546323
2470477301
351938167
3950757165
1094640562
2080399802
2304039147
1466318320
1588445233
2130958278
3039797920
584684022
1585740414
3462656517
2910376972
112123783
4124888051
1065959613
1057253515
109176397
1032152524
1381193364
3471671054
3961736414
826655421
3649510617
3338210517
4018878541
392401353
1581778504
1802133929
3746553963
3237854092
617071569
4150177584
2473369422
636256671
4055101253
3368123215
302780891
4037481327
4047041529
471323479
557640497
174960364
2993305679
719169153
3523311422
622136286
3737133431
1590051580
2777745642
1397018912
345329459
2370511495
447027892
4096632604
2108359550
3403750845
32838819
1024675170
1982805782
632708912
884142405
1119221568
2740878002
466555313
1908093697
3171626576
1470380245
1358641550
1355529044
1596491398
4278394359
2744776139
1330698411
2263873152
790615413
2541292271
3501993183
3457181534
3255611280
3046682055
304727919
2134737000
2914288163
2342363253
3783028557
2006088770
2653210299
1925136518
2735088307
3495808403
1856118753
2106311649
3859004893
2749822300
1059837043
1174867194
4029750661
160779862
1070340761
2570924286
3079347969
1949752124
1440494128
3357928778
789222714
3800093106
1897514523
1425435956
2534526732
4058191825
144345396
1224310488
3525731738
2042561796
2060832292
249012568
2375482358
167883375
3727348705
2917516180
3861763993
3317861441
96986271
4232758085
1662096540
1220447674
2145731547
2313589644
1272464479
4174385266
4066532185
3732515637
3350962132
1029950185
3724891779
4131552929
3188360020
3155984281
3653647709
877490057
2741126267
3655604666
1619180100
2031742010
3290575642
3997548574
2410762731
553838448
2615492796
2002074215
2013958983
700913690
3746532146
869732113
1127794359
2764543567
3421759076
3591122384