544883192
1725450910
1326558061
2510098807
3461765597
914730373
857447446
1630500065
4043876861
1065512589
1972569762
1249999521
2911778642
3294754270
277471705
3575368865
1253601054
1395262369
746455770
2416164129
1023615632
3943528509
2404598980
2948110474
1702653570
637068508
3759961187
280067769
1463473836
4060608842
3991558332
1174337934
3200592765
2995421496
2035850091
3057937960
885565303
1622982105
1569178877
1203518480
227043559
3255508125
4281503462
246813425
3850068926
252982234
81813999
2131561284
4066851231
1544974378
439474937
1175261955
2968357221
2296070611
2442626588
2037792383
365560775
2291713457
3707210028
799564423
2508237686
2431858522
2257439336
3488601584
2986126402
311144248
4132544067
3895264719
2569890211
3560091632
3393604441
3006551041
204926063
1796989485
2951414542
1265187237
4161988970
