3146227469
4228519690
388981279
2639523965
4233212112
2610447009
285301125
256225320
4119095405
1579595736
3999773597
2946062683
2109218579
3601027806
2316147818
1407198936
3346115470
2938341726
2148421161
1540073948
1312173158
3407912856
2935967067
581357335
3236680042
3916736519
3399692521
3598692208
3869554004
2706613477
3927459029
1034529338
4244591857
2980597624
594848739
3654883274
3688565486
2574411305
39991444
929982771
2483513317
27604534
3595464992
591995124
409510774
1948783011
2844108208
2187055241
893816228
3788796771
1556370474
3839760695
1335245443
3889257237
2332026576
2798927959
2724292559
1147381334
3656948321
2793798073
2736638302
745584996
1962971400
3384643886
3259739766
1220486304
541644151
619669274
295445523
423975954
3805724161
992270928
968761963
2190111329
1323815897
695885333
696581055
193313288
1381756166
2849391592
1265962237
2206189007
4226360438
61516900
540789368
1750351445
2276900322
4003053980
7827897
1457808956
419820944
923681067
3301690680
3554886515
3685822661
240262761
4262472915
1734519203
1619176884
653234397
2912393395
3935474770
1545110228
471114424
2310610911