1207873088
2571030246
3873968903
2803096667
2208178213
2558072036
4138587990
1571688703
3211036412
3305097966
2009523884
1296038299
2190387667
3239187697
2217061998
1446756823
3786209628
2981884617
637718139
3683431413
3454467133
3049611199
2340469080
3586539242
873505902
3967937207
863007266
868978696
145031920
2135362044
1751263156
1946115184
177463858
3202306523
124623893
3738676740
1481232756
3369028987
3450257424
3439163490
4081113880
574669548
2419246849
3870027228
1938274431
1794653042
2040209120
4041095944
361847955
2735650067
1262898324
3675574130
2073172411
1386521810
571311383
462224465
3812969472
2714066145
157880945
1692187151
2041821409
2625660130
695039397
3309137718
2531907672
1936649859
2318733641
834471755
2391756988
1100840755
1694558763
1071515916
3816895537
2516645350
3696592178
2110535728
1919763237
3932551766
676489863
12837366
2625788984
389959992
984384203
4104582082
345746985
3471074053
2791817413
2468781547
1898909570
2812164189
146167620
605340948
3205604417
2198202671
406935737
1859611299
626472633
4172043692
1928958984
3730920606
614191385
3613997665
3127466326
875858261
455390966
3155856356
853624496
4200068161
1543252728
2188998848
2745266794
379908891
1131903346
1166976099
2617119073
2462598832
2338507971
4273255446
2994444547
3190859635
1501304775
418918130
3093013700
1110139115
4192689068
3284488855
967045665
2908494143
1806764576
1524834649
1516950180
2669997438
1125082190
80569056
101829932
4041271788
3593223206
95088607
1233483194
3072159759
1167057495
2331784328
678060066
929778134
285623764
2512625291
1493077884
165443856
2415609261
2384236637
2992167751
1765702669
2329541025
942233717
904572790
4006323153
4018496822
4020169152
607760966
3579401829
3725638980
3007898456
1304791121
1981972241
525780239
108795660
3826966837
428825310
3420201026
2649986124
2766686704
1054132312
1612451816
1561319196
3588192164
3232505087
2969679948
367834902
4240937579
2671678657
218657832
3512515180
2175667335
2726559632
269648358
460996882
795812139
1322600162
278680319
2548474434
916301945
819099481
2460715865
2353703432
3289358632
110869291
3280332459
3211402153
366186030
2212197671
399898157
1534741597
452725049
2376746761
718446907
1253127086
978621039
3512158381
3100873260
3199574961
1240801608
1776581373
1172266431
618521440
2461526595
1049441101
4269210300
3760670686
3260795963
2888660614
2873446586
1416401425
2721430803
3604423048
3649689076
398877897
1224651394
1565140677
2585522073
2855889770
4243470892
1645554031
826696620
2570534656
1567885747
2140150086
2083527981
1621805541
246888584
2613592919
167477113
2607020935
888457459
3447486286
1220076537
676187653
592983494
3440113687
1890063075
2088543871
1046717114
1050013666
3627403779
817665705
413440434
3619901454
2542512840
120589306
3042093700
1741319554
2042980333
306009758
4081019519
3099117110
1067343941
825054042
176864646
877053719
3518770884
742633500
3628411545
1437166661
2915380080
2836572417
4051664404
3168552833
4155094625
2690481870
187880956
3572915951
1642000806
2022622513
483039245
3490309382
1735753083
9575098
560003972
2931262939
3019094929
3292106235
709379462
70802363
3518128807
3914111809
937055727
3781391540
2246510099
3431878720
1459853065
2159717824
1303762187
2745191158
630391760
711898436
1250566999
491557424
1250980893
3039609836
2921552870
3798212340
1212242075
337022307
1751280798
2282307533
1249039913
473237609
2644957095
2952950382
1130131675
4182834050
1722778568
727313351
583806461
286778258
2679618074
3751397401
1388141642
1283039901
1303041734
4117317311
2167947246
4122306825
3959266311
394331927
3629480394
495537161
849894489
2354921592
3304982890
1296025628
2484649868
2116522630
2336898563
1558659093
2049563575
1376713412
1804812907
2692521956
2681203385
1112204786
1566359951
3974977215
2347120957
3103179964
629842424
132137757
2353519361
204637819
1154798477
1830352454
2869525686
81879474
1775267610
279675284
2268563674
751476128
3587141815
2183638908
4179897372
3458841684
1839338041
2032469522
4219703923
902753509
4202109350
48941088
976070584
1094681195
1349115268
45105996
990255848
2850797772
4073077720
2000534076
1665322460
2519540698
1679978215
3346261546
2397422328
2336148971
3525742118
2478930111
1651896421
1817619741
2360000838
1907985876
1194227782
2611299360
1686714669
24740458
2138426078
4190676817
3692550523
3552493568
3911157880
3147519175
2139603321
542367406
2847944032
3307371435
2612034782
1203305204
2456832321
2591331647
1694493081
3209404404
1157897775
1752987637
3983740019
2847729667
1915103048
1243539345
4100150903
4519500
1939171238
2511215259
2897379509
296817939
224811835
1714701001
144692405
3438892980
3331847981
3184213413
3895281114
3983092447
468517890
3316136256
2541147055
2354094273
546610699
3551670260
4228029738
3889359025
1541250367
4233194018
1612116127
1922857903
2952025373
3080710851
3480035175
2065169811
1253452255
2311368524
1677713015
2793806412
41657739
308175876
3165186310
3423886662
2880455003
1450235403
565970766
724120672
4024706225
3486711556