878061384
555364071
997592792
3500897265
481589234
275000428
1661622078
135758804
2887243279
2420201510
3526636285
2830535520
3950263968
755790559
1587011406
3788421808
823442911
95926300
2492273679
1979376991
118746866
2175337555
1541323035
3422140212
3764621445
538822093
182999719
931771098
3086645033
2191874138
4274322098
1130211890
2124891976
2057905238
1360725209
3146411816
945542733
246266552
1172488178
4123370420
1112643438
2377117141
1002639948
4128506831
1177257562
3876266640
2558637055
2198643593
2358139624
1378927252
3438061347
2901900269
3993520960
2120531070
567371638
3878548013
4021018409
356943459
2976255296
3200034168
2738072262
3908854704
3538936095
2967282826
2171410649
988387721
4183971735
3154808315
3609821723
3489919118
2390827909
2193575847
403021118
1201582526
201666910
86896636
4001826078
840816053
2455666681
294658982
2678794133
