4162160123
3375425718
753488953
3186447128
396323450
3963450506
2413893733
1578046787
2016324481
573679297
2788092008
3144484427
740811639
667229993
270979662
730418251
1907692715
810641544
154513355
4212206270
1101235497
390195739
3398895341
439988057
1947570099
3420026349
259358677
2319125918
1742003042
2698984008
2471453090
2886255276
2396829697
655242960
1454871449
1805105573
2595756386
273238630
2441990597
3592294330
2373089466
697910139
1466182911
3433262451
4138580134
3328321935
3788352507
1246456662
665386567
2628344156
1687322780
2568706561
1111210511
2321193677
479351460
2360490968
2573265923
933597699
3568378342
293672304
4027001345
3977959689
2257809490
3312561444
2737125977
2518727296
3333426477
1985694262
4169654981
2849313365
2669745860
2682789073
2593490388
3024256881
2730151996
816198722
2617030848
858331787
1530173296
1618378803
2871304010
3057663233
2179490033
1778655225
3959002013
1614062422
4081680798
3618443081
3448685275
1058514364
37332260
2532311164
2818403389
1130860467
3740222644
984192896
1845292353
