1398666452
376646755
789686333
640015828
706016459
2376909365
1813100195
2765163277
1146222582
1346618892
2303685869
4247041577
1446397159
4208322807
3617314037
2183461849
1450233967
3340766200
529388947
3879499662
2651504504
3210584576
2555544084
3133335014
696149549
239404013
1834129037
728142954
2611933364
2750217938
2412912150
703717834
234858285
732831107
2719930319
1389397243
956910632
2698026215
2754093328
3465574362
470864689
2687237822
3761455600
923120360
3985556354
3040782645
2872410543
3160635482
1674673645
404607063
2219591056
37590293
2205397568
832946092
73252500
3477556849
1205401748
3987321338
3623666041
1490192041
208571021
2865022687
201659663
3979909522
144701217
4197112723
2177830670
4134679048
32468075
1784964233
2297864212
1227177216
1065754610
3484415928
1835186845
3153040744
3410346743
3007083008
3552475611
3159127181
3412575378
3185756221
1757393174
3056600966
2804307893
1839081148
3103438703
527917189
443116438
1606602011
1809406674
563209015
2184508137
3786102769
2349775864
3693156931
1056889041
1127996737
3076247002
2590962818
1775048676
2133252869
774451106
3862897051
1690016638
2937099311
1135260971
2388834444
1694835707
2232639757
46100703
3974158459
3945215811
1271677981
2208010678
2506765371
1456160733
3403191769
3269167054
3609465626
508455436
1309624273
3619923028
1200885496
1520541484
1530908355
1660998824
4047088601
2693202676
1644586550
1626268350
825799729
1660677627
183927119
1679271599
1138019230
3151280461
3750834789
3506564289
2946181332
180029962
854284716
3759273097
3941491960
310104844
1670259531
3182031951
2280558890
2306861182
569140855
914902085
1180469646
1253018791
2322609408
1776752243
770083026
3901057636
3637974149
3772406320
2061360135
685583245
417451567
1500627617
501603069
1402305814
1033313959