3636557741
2145645481
1652794108
1612750406
626997027
3654686457
2062571696
4005885841
1580581865
3473174896
957799607
2691514101
3106999343
3931737533
520582072
3283981194
891888371
1577249340
1557893076
3909761132
402085478
1496217723
3264465276
485217213
1186163269
1214024481
1906611177
330514300
2070132202
4007627040
84440685
3334711126
545928588
4234565394
3233408983
3802834170
2195083146
441389799
201045956
2172602335
1209176739
591479978
3730053670
4069659994
1167614538
2075104473
3451201089
4060926067
1576906134
1513300100
1214046830
1777949528
3297317535
3424243754
2745994283
2215014741
3833689524
3630170407
1601578780
2508898828
2905198784
2459401550
332644315
523168457
57655823
1693364352
2454510195
1648132257
923651866
1871226387
3765766315
1851893156
2636761131
4112223505
2525863389
4239586609
2021000619
47093852
2013880554
1306399332
140696814
2177741511
900252268
4039249349
1454764916
1605465069
595824009
