2364467414
3749028325
725111957
651363774
232595235
1541067057
2701559550
1460587826
2111586217
1743541538
3338337824
2671652941
2295404100
2856058906
3576850781
3018107182
3217849033
443014412
358169483
2636021030
2336493427
2468085413
1376801456
2578756311
511758967
3977272683
664790136
3909468152
3836065922
498724274
1562052792
1930978586
41742538
3901867596
660034099
1410285112
825806955
3122333265
1891180832
1394282263
3844533744
3209483230
4002204096
3819960728
359971775
453182761
4140237540
4185393191
3045002973
748021382
1691960659
2068179389
1421050017
3464669114
3166729398
2521654482
2980588744
1637727875
2126515311
1487651696
205145422
2916846194
845170677
2101037695
2807473679
3130276082
2367474659
695535654
87257762
3958882460
2364910724
128600609
1604487088
1382222607
151112697
546168241
4256844139
1668441440
3409779475
3252223741
2544455369
402231251
123523007
4043483784
