2230063212
1227820482
3892387974
2846969042
550302327
1630071336
157930561
4198395080
1246235750
1890448060
2928486452
3137324714
3374930417
811660872
1320146221
4108389224
290577017
1748159569
604016587
2134566115
805926980
1925279031
2494080364
1452969187
1671761589
1164349398
2744463471
4293720299
2341310725
2763087285
86673163
1761163528
3552559597
1238825635
488408072
2712375921
1407203764
3048240840
4009887654
1492789279
3931710833
1724563321
847417789
1347431287
1997855861
2995144454
965748811
2807724779
341710368
1035278567
4111123928
2875788809
785760123
1773501394
2021828877
3988927590
4133623498
3523976225
1904717214
4115505474
2504167460
1590905955
2968318681
494474787
2941507061
117080553
2220116813
4077831790
302952705
99886915
1328574395
655233128
