932742364
2207941087
4103651036
4082040965
3686433790
2472662039
3440373747
558883237
2160915615
2583467138
701119406
3211673848
1341504447
1132335143
2302178213
841609046
2437480768
2518078144
633812539
271476438
3862510792
1353021034
3093579895
4022891096
3943866183
2290598040
946792606
3839718590
292071528
3885060215
1605267406
586941128
4176799617
411660446
1242491276
3687786225
50435286
1447502890
771796090
3878017721
3481436689
1176750997
3276644404
3529797688
868012455
159643724
2119842335
4273886965
2418372685
1855355450
646217377
347011026
3706440237
1846184014
2266211142
285875287
2595997020
1541549091
3918081154
2728275353
348289918
2600018156
3092496258
3385718711
3648938312
2293337267
687007592
1621048112
1755735184
4204858162
593786088
243776229
1246172086
1654955021
691298768
3935210745
2208170484
2289744140
3731360208
96634627
1101606789
3833007757
3932485276
1644933045
2143377173
2367348487
3820939448
4082985308
2757286824
461983689
145201586
1880207440
1991386338
370047099
3436740533
2781152108
168134554
3798794922
4146879392
3640487218
2516500443
4190195535
3783162049
1544061852
1785982171
1235062710
3325259423
4183601543
2051228868
2890359295
433218047
3397550227
1155209861
659797076
1024205697
314133524
636675099
4110350337
115938663
1811636468
1957086581
1524411443
717716177
317287301
4117825189
3156285884
2622348348
72730902
226657320
14974763
3650258628
1369959708
2282766528
2052157301
4064382665
849793273
820133282
4290472907
2737353116
4020041288
3188076365
795958409
3623702146
370933411
296763450
1670352639
2494501864
3328552155
23482016
1147298290
2416400493
2035011948
21337072
2190169245
193363910
4278088477
2990764218
269760179
416652901
689246289
3186044864
2313706113
3681034345
245640107
3905204127
3912568980
876763032
2364996231
2571865177
3376937066
2404126821
2303592508
4207880234
35778994
3222295736
3229720029
390153631
3672263130
3796860276
1560182472
906496055
2974891005
2393505266
2842334393
4110638980
605611569
3083800078
4207012299
186800198
1408351905
3585580175
2927245511
4205560292
1689862533
3501349477
3410966792
4224880582
2838975135
3286612897
4121811726
4204155715
563049493
2117904960
2525643608
755869132
1484292277
4173749223
1525771145
2482103802
1733006640
70826325
4028239743
2085277552
3094507476
3289123149
199589477
452270620
2997103415
1555446236
3943652036
3610391654
3702593801
3359303851
1494536375
2633354833
2198391373
1559316980
1892703796
1131546156
1514304824
2883620354
1932630387
291146695
2890472368
2327861862
4126853691
3922537348
2148393298
1464418779
2244079259
3168727664
3401146091
869397111
79093544
3313820735
534129109
4227551534
2634255113
4092410150
3627761357
1674157005
963659353
2537260061
176144632
3209046015
2622225779
1902779483
1394883495
3416842689
117574600
3877616001
2117475844
3532628184
3566810930
2265527798
1380944029
529923645
237299931
1917392366
1232472089
1707960201
3328241856
232087048
743674631
1114619672
876308182
1899999282
330934778
742409363
3786270128
416374684
1295462574
2423162493
3709411786
3652765154
608942997
2542947744
2774714460
4220623752
1793190523
2863480003
1445532942
211686471
2637694944
1559880432
2419538638
798081308
3847576004
3344372381
639531127
570290696
519158640
2331091949