1349464939
1605732792
442491323
1482075007
2770574542
2867656965
1789534520
2273255572
2041950698
3648716753
2376849138
2941676339
3944159155
3749787963
1345361846
1159691252
2810911407
206241343
2510497687
3825391358
2880143146
2747841923
3548813496
3892569594
791866335
580833587
2379172689
3165857506
556912381
1421943147
2018880753
2714062131
1261087961
3259084115
2570792756
3513213793
2424273454
529243711
2094055318
3569441189
434319692
553291028
234354079
4143636319
2754563596
3462985130
3983398555
4055886717
867386111
369679224
4048448533
1999122026
275194899
4265926894
1602764551
1664715387
3643627929
3379873137
3285976009
879922144
2566313388
604860936
1495625491
749893629
3727162296
1689259996
343254643
3109649364
2650988400
2289532921
3237857627
3820519778
1730763844
316276387
2018434693
4261596740
1306547945
4087140462
3064937708
1928023534
2713711206
636911814
1842136
305812297
2907428693
128041345
3855768469
2981614054
666492630
4294378086
1037539010
435382563
1561405877
2525588879
618355458
1207829760
1779356865
3615534942
3909477569
2066817796
936959253
3257173278
1557491105
1422577431
3017146239
3937885683
2178914740
3338363371
1503853830
3617674826
1585087484
3355732615
2988656509
1724814036
584502860
2961546822
1061490319
3494613104
3696908223
3641004066
618322320
632199035
3775985961
414676949
82162348
3471744678
3032602597
986808005
3550362901
1655731128
3631410012
3196340658
1184585327
2456355888
22994179
3392764848
2027227498
717695828
196988256
2298881232
407172775
2544418699
2351494925
1601342701
1596511362
1343578921
2956116745
806116855
1533987969
168220080
4098861891
4106499818
3215964274
703922054
839147775
1914734346
3213310311
928343480
1476169534
3850416730
533888905
1655315615
486519457
3005012521
1898101492
3704686162
3971123189
357968906
247546356
875266159
2461829930
3284164199
1526331303
3314135509
4057992660
4254576153
49502842
3311774369
2196805672
1229767838
704581271
3117971680
3106284655
3026341333
882396370
735750251
3014799308
1112098573
2313867551
728478518
705711349
1514039540
2489850620
1500553978
525680618
2405637280
2264667811
821362843
3689221986
3928869862
1273484016
303713165
2104956267
1597992693
2339628001
3809683337
1017500137
1845079496
3574480392
2136923292
1227378689
2621375381
3961348104
343577927
1031421933
1933354514
1723740261
1813046112
371900559
4279489539
787407505
3271424295
172581728
2296113912
340459740
210793646
3798997952
3843642570
2192027504
3457825919
3697426453
575403524
2430754356
2465915557
1791514052
1816068606
2693145770
1950084705
2610757455
1569584754
3049901699
3377195266
255886202
937605250
3963360083
4148890048
1141159304
2012666487
2253161145
1694174984
4139046868
630393536
3931462307
883538916
449017370
4244219522
1859899742
3258076076
1165663927
2186374985
2647583699
268414826
54281804
454728475
87949850
4290393789
166840896
404847927
87534269
3337822874
2796620623
3040042120
2130285962
2844517135
607052147
4097958639
2676592798
2891418623
4013906133
3831406848
2737325960
3719697662
3298790711
3186091809
593969048
1463024846
2583902618
2721095966
31316500
2916128165
1835991621
147124521
64621679
3030831547
590746439
1215762903
975302321
509506574
1563279759
2645575066
3574941515
1559332644
3610955686
823759063
696252100
2274069200
2306689970
2215968972
807462872
1189522561
3594608254
411471082
211246176
2572759262
3108249877
3937565468
3298792537
500404931
824218532
3200816688
267952750
487208195
3042101435
1605609890
1827302402
2983133493
220851506
664478759
2956954005
324570566
2618058020
77935753
1868279545
3175969689
3770631927
532447964
43994146
621996476
3075254700
973026568
853359013
1766848720
1447723252
2781129656
1507276573
2015934911
222371807
3874782392
331566979
997639231
2157889398
2699045652
3903680845
3698160041
2298692079
893541215
283521759
3027530332
2743220359
1191285889
1406225350
2884716985
318152632
1034180630
1806240900
2452740182
1017590663
3329622345
1960145440
1689877525
2073781014
946196111
3617403631
868055714
295234100
1245520747
864755197
2337834717
305793433
3014813502
1004605058
488882221
1409927160
2846702889
4283283220
4038903000
3340837375
1488198922
2437140939
2629646190
1267199943
3073127836
471520506
3287641194
275775254
3817342568
405606063
3339696489
1422475190
2170934839
2212068935