649428477
3360523814
2226576941
757835433
1697111408
1493149601
384592466
1201720287
1424457041
3091042216
3763183361
2429635911
2104354573
2734337543
3356567780
178298184
2287244007
280854044
1122961804
616308696
1747664327
4097672641
1315962335
2356243830
3856164362
1944027742
1069697092
2473987332
2694808838
1299628404
640694079
614129777
4013407572
816339677
163367591
1584222974
2662910069
1962327510
2568062557
2771860921
3099383437
1366940475
1962917151
2608909864
663602343
4027862633
1209298546
332885827
2532148261
3965490264
4155810643
1751311783
1183529666
680667849
2470325897
2908882826
1752412229
2589096719
986182317
1591183686
1689610272
1258291033
2087040024
1275289962
1178313840
3642050133
3994635528
3926988290
1086550924
3886096016
485126498
