3111829845
1336046824
568795109
513711474
548122184
655424334
3932076668
2224363627
4245535291
2108172727
129518898
3888171802
912061784
3598024219
2281795885
3736985847
544962354
3627881361
67071204
3901091562
3035981114
981695275
2951219532
1677902569
3224774950
2319491834
486405933
2460370771
2867592721
3950748333
3954555251
1022833609
3172945354
1683237267
3980666426
2075657839
1697531001
967760521
758996969
2601161341
3253646185
1333739052
3408775777
3222041552
3060461790
887243023
3875332199
2757943831
1175448037
89911328
1674623040
2519339605
699842487
4068895728
241202107
352138535
2910678830
3244057290
2914585762
1545327641
3550418425
3485529387
3389453809
1108462983
1495785489
2665618072
2652172127
3929507035
477567772
719899397
2313063926
1498746650
3061789843
1564836434
3004219667
533612132
621461392
3045728356
437454693
1413962764
3188147322
3063360448
889712146
2506605412
1404321954
2984094062
794959444
2511267172
3527291282
1932588173
540180246
2444460222
3623188527
4009523880
3202129256
684097237
3384877219
3537027985
377920740
3331470630
107935198
1165225340
1433989456
295925559
299644529
148786985
3845304449
1621312988
3553144476
2447020823
2722611083
229581821
351239335
3804339130
4276378050
1359354755
1780010051
1084700048
2463357404
393119913
4049839568
2220125958
3602453467
3238545586
1723200638
2540854980
860810193
563526812
2448712931
2266923023
2223787630
530664935
1466794084
1275851204
959481690
2818226478
2617502821
307310543
952635334
3481678122
2955993009
2612763967
167314371
998372942
4222735987
1791262757
2955687450
4082662864
620518558
3600471522
2297276424
849089789
1889831789
2863220066
1975088537
2814870411
2689104079
4150206083
845944544
3169063402
3633569732
3751474808
1262648995
3008998193
3522481491
4235404785
993361328
2810480059
3092728490
2608882944
2509698087
1210890890
344729564
796051219
3387244944
331540194
1072607626
3197492954
607687372
274546775
1151000430
1431925969
734201363
4233334842
1867285219
2505179210
209152794
2865152399
2359358548
362858821
2156413835
348944999
2142513596
2093490492
2729126554
2094623579
1153540915
2974904119
1199662212
3653604459
2506193885
1134991947
688509038
60738275
3135114223
2276347580
544269346
4105691593
2968993591
1878362498
2205337073
268286083
4047818964
1497327814
1476615757
3198783971
1054814591
328309314
1686567381
2359779654
3697451171
3593400496
2435234939
3503871017
2810543636
3903678423
3536298955
766434771
2011810996
707707588
1178113105
1432686837
4265849147
1709796826
3742043270
2331816423
2186588519
471584032
181766776
2650171232
1736459372
2793391235
2276016681
859798447
2428887421
1765192822
2588480499
1451218057
1398767081
2863938408
3525079872
2927119621
3333780790
4205188204
2030645392
890557929
3413605187
2127260436
4163745173
1989027153
2664098725
2969035466
1783818357
3264530625
1014120025
1782935480
748304194
126670309
4147942541
1336294114
2185169437
156635909
2215894214
2581054938
320485625
2928862936
2801834736
1389044632
3053469017
3121748835
2484533876
4226335491
847922279
2339223187
4238334021
973350480
300230632
2139417952
1790916588
697382104
3174630191
3112336512
3506640286
3026676855
3846054491
2761858929
728586816
1455719225
1911944933
547073334
554439397
138036965
390962189
1605280435
2271841310
626769322
681408019
2472298147
4039437248
2460648645
721315397
1308624866
3146482785
3321657315
4146606885
3004476222
2012432305
366368309
2964205431
1910631424
783640467
3499153102
815929925
2084515989
3492996511
2752505261
4156338210
1658604563
1423252761
3954539310
2966940818
489879478
1243663860
152976464
1121827132
3519633510
1793867265
4283968590
841937237
538675584
3021604261
3328712062
3875151909
4000001055
1435411722
890313703
3382029968
1983153585
490642911
1853056008
2119759163
2455881720
2363067485
3656702366
3923385003
1083428085
4134209618
2375965942
1123222216
3923001707
1208540142
2318251153
158621633
102021898
1786760418
203343622
2945835865
82469741
2648356783
1805414483
496583562
3683059069
2625736672
3348752651
3818628480
1654781718
987102070
1885255923
317488848
1714981015
2350884520
2280609434
3561520753
3648538399
1696904423
4002082323
48352874
2739876797
2171452517
3559787626
1691713349
4158125485
3481372176
1961489002
3446711945
1503885304
559405718
3058565727
3552732207
2134992156
2513041793
2658908851
2874048286
1383670334
318069460
918654166
490161006
4091311139
2220806380
4048773982
2157656719
1721668509
3726117969
1691492506
924165270
1185752294
2012504849
2208733120
2990742745
3076065893
4099279176
3212079196
57594040
2566061265
1577343498
2678957205
1706686675
1141436732