3034922494
1125952486
4122110502
2687556052
2430089222
2346553994
1377751125
1603700797
4167877302
1564567004
627804708
1110035917
3276896375
2886158619
2465162812
2713355912
1794339671
592119429
1257920639
1587918314
922875794
388178980
3199988796
4230257585
1359475592
4279762084
4071279122
1453733779
533865899
124578670
837438843
2964028513
1561089116
2542886727
4123643057
2124814735
1180176168
2614562748
3066095969
274394647
2940971975
778378013
1001368210
286454727
695248808
3531744096
3559285874
552548929
3365614948
3254030750
1012012170
785480881
2028959418
81197581
2184552974
1319844285
1032998732
499994106
1467146863
1539105140
1195552464
1218423833
3282382834
1308256587
4277374092
2421909444
2046719621
2066485248
2411564120
639514614
4212443539
3552872431
2660067136
2790272088
1035327559
1417441666
2184586384
1452342475
877700332
1902604468
333056031
4236250760
29504677
1683347791
2331258658
1162096329
1474264426
575699761
1003320650
1134489780
4220544324
132360791
245760154
483136185
3894297926
3051231092
274884072
806578574
2580504478
641389829
2777471217
4249947759
1380359827
3465352763
12230133
3750887435
1057881050
3917378968
2350201394
243504047
417057099
3510424734
2008486489
2778840840
23734206
2983587298
394666034
435845574
2266476315
104965707
968137524
2639495304
3538942600
4025478968
1396806467
3358561747
3130882575
974021740
3225262263
2006560488
756358971
3114869197
4270201853
2599736644
3167142654
1712390770
3389759946
919634806
3024681180
2524927933
635351763
3169795204
362796318
3466878931
1122184507
3539881374
2465563153
1610077561
2215555298
2621850915
4117006746
928114044
1903456618
1575019722
1084647946
1982360793
673110080
712607049
3394976174
467680826
1229320939
3431727525
1274846595
392885508
2834268185
2633968003
1742534897
2291985291
1555192980
769706184
1197123922
941721796
357324573
1927853739
3452466419
2763735165
894538148
775647543
637543943
3606973168
3371160847
92497530
2910458511
862426722
3772161018
1125237704
775757847
1217615035
1514600577
3139895958
3908895335
2925024021
3502041511
132423954
2316661996
951864574
3142630454
3303013135
2445485316
2346343519
3243407848
1181023746
1907192512
226776235
3196063663
3014971865
281189679
3268795571
4043529675
3265553458
4168005545
3211256221
416127892
428119009
3349345424
452296405
1281344345