2376905274
3552248548
1072093651
170230787
2942847285
1765092947
372747391
3752072433
1185122294
1862008265
613938057
538203081
613583995
1312096363
3336001845
1347373577
4057022737
3741420242
2841440057
3477701989
4145110757
4076563327
2704223489
3358183
3586743061
2573610844
2478025563
4247430446
3294338904
319780363
1293108760
379370197
3703841831
593665162
3982023243
1550443989
2210654520
1740830287
826759351
3030739254
2001431241
1937066670
745029530
3690429258
2776483971
249990908
2594769700
3957050454
192858690
440888247
459677778
903194674
3873874822
600547836
2448961224
1312847575
3705373184
811922087
173468534
3607087585
2553401503
644412668
1558738415
3757141997
2021470650
2518165776
2400377038
2631318547
1507892681
1949311080
2551902811
1545720247
1317496563
3700233014
574458971
1128673461
661330593
988294228
3355546501
2577277269
1463112681
1597388995
234272739
3934356170
375281868
3571894824
640187690
2119255264
2471517260
315647762
2034678493
1497231992
625790588
3438940445
3572237707
440193672
1573961207
4250904287
3038478034
1316515342
3067693319
3981506967
4118720168
3489672448
4061279374
2760601461
4276356898
2151436690
220783720
1625739422
1931346262
1738562513
1901772608
1820979755
3565163314
3820385913
2066185412
4061517968
3901341058
1284088174
1694875450
3405724793
2678035164
