257517097
703862265
186808213
2390900526
3718424896
2732395902
4176831024
1948145176
631744153
3728595982
1012575644
2004778517
148234821
1622463236
3924493443
3319042259
538937672
88993906
2583145111
4249875437
1550402282
3394209599
3207941856
2495312912
465804517
929084300
664103244
2762362457
1262575278
1748394130
659788143
3677150016
609574029
2037745803
2860202579
948101230
4222239537
3193349038
3018974584
1158578964
2759838475
3838603711
1461526349
4247073295
3340861118
1948982421
3500899938
930925798
4250287257
1830486165
3747464705
1273125277
808994213
535265656
2541029625
3571240876
1314510036
1870722847
2599173715
134564016
3391549841
564258276
2578433649
19073454
3626214425
1585563636
1335616844
2479655923
35462394
2201018989
