3777856026
1988194946
3080650999
140033049
1837551258
877161439
2730002875
2378620308
3277039269
961204911
1272314271
2514099465
4029298434
1926396529
3707549922
3666987261
545446636
650967069
3745373985
1906567709
998949150
1196307164
1857145761
3520993986
1607190935
566498278
3254349039
3899171289
2243001930
3330687188
2553227381
3549481606
4014785708
3300936629
762938281
2155431714
3863218639
3688134884
3824033858
70201172
959613358
3767776099
857203440
2978083548
481737654
2914795433
1828444561
1318955546
2947840360
2503518766
1555837474
361313282
1587316849
2786115150
2100707268
363663518
2085909837
3234371633
3011215664
716287337
1484579712
4194155598
2534030418
1243640762
3510062626
801543791
2180125806
1452887722
2961922079
1277985696
3528292098
306621986
3983340410
1369599465
3567473393
1176942036
2966967028
2625405380
3584155927
2340806012
1528910362
2797843301
3229211232
2585736451
1067563890
3065798938
3977571631
3611121217
864261919
3873147322
2181700750
3814111089
2791045054
3157738134
1791337074
1942644389
1203732429
2958238938
3163972599
1602908162
453969479
2282245399
169818978
3840684899
1497396697
1677497383
1396652001
3494992485
2262069853
3113433696
1414446732
4207623798
3806181923
3699776579
3841027458
371392346
1322943633
3126086824
2020858462
4132745268
743649274
