3805436414
3298617785
1269365167
2790616652
1409706427
1976736004
4138912276
1449585867
3163381900
2401764390
2781488224
1866707623
3048511668
1076997433
3437888045
766961533
3322913287
1075741609
3518445603
2239005290
3313625601
3399639509
2788320536
112210345
1825274833
3617077877
1659147413
1006778011
586268602
2419438979
1356871583
3403374916
866912658
2013277471
623210693
580045594
1414151832
4125706434
3434989764
3027989824
1186948943
1906605753
397664385
3534410968
4130658781
2596496335
1522219928
1249856771
2973244065
636775263
2028115611
882623617
57956717
1811164389
3658804180
1385787463
1551187667
1423345311
3103514084
87923601
3281140552
2121007
3205763751
1485796243
2199286665
2197296109
3372319020
4276008912
2519147979
3182115321
4178090565
64048720
2701088241
2951442908
693588821
2161518949
989554842
2286361316
3361772061
2460684201
2291334769
3013484976
433943753
2842729701
3383352192
3328890209
1913080966
483098800
882294493
4037800467
2992888291
4100549484
974215900
1753665261
3808657261
3219274472
100555045
3100658572
674248822
4090821871
2262567364
4110710824
4123490495
3507971240
792539200
4175056519
3340356455
3644721728
4155068374
3905555324
4256482429
3676833291
351636038
1303823709
385846269
3640938608
2354774917
