1896768000
1844761723
2596004281
1624333278
2346440744
1890344791
2803275763
1476229381
3446969764
540956997
813490866
2612279979
3609193773
3823937296
1586588671
601059737
2524501818
980557208
3146574132
1390848299
1209451441
2510812790
3457225503
3355893162
4132445892
1560753289
727266904
319527121
370226039
3899458453
3700792937
3010331874
1169453996
1698707254
4077673006
3567639352
4236520874
2910048757
192610585
3879164687
3611060465
3934771256
3690658642
4251496497
1109289093
2161826437
761759706
2800756922
3447344041
4174345084
2820025187
56636596
2907001339
731991568
1110573817
1801986502
2522127111
2233742295
1618039340
4267948637
4047966103
3828888848
2800064092
3422337073
283412834
418380546
1501370157
3549346450
2791287817
2178631779
1819073951
1176672226
1748056902
3430409631
4164855153
3853679450
18278823
2581326620
625474186
3033281990
78032783
2409956996
3542241109
2799898477
664956974
3421950648
858012194
262110769
2319369268
2937593264
3411437237
590136205
1015348824
2434985552
4232481497
838573416
896002130
1844717913
152655638
2649898846
2162461585
2066656152
1344979643
903731248
2713411546
2133076541
3154664013
4064306978
3625037255
289937440
1779434979
890157192
89927323
2587217321
1374989742
1219117758
4199655783
1042049536
1915152084
4006903924
808059418
2172006834
3359452023
682970254
4264554306
1677439542
3668417738
2521346957
1869714334
531043447
3836626695
2795662375
3855377831
280812585
2297745468
890198530
3051655007
1673661414
730726429
940443240
1534061104
2201133110
4147766114
3104072613
1985483157
1458980958
965936969
2212958582
2622636873
3233326511
2902468865
352758151
2237485253
530306123
2272899287
2309060179
3680677816
177158826
2590299595
385205454
1373746952
1699127642
242191195
3693329989
3499020980
3547881013
2924549946
2696449983
1518402527
1831168552
389699457
4006657737
657759840
1677218745
3867042768
3847197375
511683797
2664899452
653556043
1082400241
3543211073
1547919515
2934677185
3097624752
1993174502
105308666
67562609
2583178393
4089002369
2610037149
4099698726
1547123284
3343530599
33636317
2254868342
1042310494
687020257