1649734926
3568325334
1053952550
1415586946
455223378
1005637319
2566031903
22445771
208555050
2819640968
285853659
2893113749
2337246518
1084901098
3497906592
230950209
184358617
4139967969
1357264916
1248244295
3366489702
478613032
3289478004
2968694688
2003992373
2907507736
2790155320
4128859726
1392587652
844404600
796711063
2448503711
1902789813
1839143852
536666160
3614050479
2602700907
3598335038
3854320913
3290465605
2935251871
790972383
1289204691
1683536825
1544955073
1743012125
376706126
1360551929
1669464163
4280093065
3530585487
2137167502
2045825283
61094401
1596166380
1444324734
4129980149
2904527003
1368848986
3738093450
301112930
1945071263
546637166
2147805305
1790994952
357541882
290842219
465414584
2406521972
3327789853
4030875349
2189512947
1080171377
439304033
3255630138
2321919832
2826739686
1714896692
677195405
841237745
1954033188
2550870481
3336581680
1265603885
3739171371
829807838
3061680498
3051008781
3586426795
1199002370
1497133831
1845636547
754017995
452514280
2796758067
1617404060
1898158682
382640221
189356495
3013528615
3330131489
3084814209
3118133288
3899404922
124052244
459374014
3388707807
2959593601
2981512170
2012380340
111642965
4038892973
4071327031
1673595160
2843777410
986382077
484396664
1097033061
2417538915
542582592
2798687509
3631373001
1375881834
630948576
3155477741
3301133676
782952847
1354487305
3564093662
1781633511
3819388067
3516004840
1827543129
200748034
1446970903
3686053946
4055535888
2520948831
3647795258
2568284758
3118678932
923041458
1258171043
2376416270
2110679565
3157006424
1675708784
1179148327
1792920784
1134971053
76341473
4056337891
3227205326
903211030
1819882361
2825782473
4071209585
1524582541
3167615706
3197150948
2652101841
2317603213
1188053924
1185105968
3577415873