3023664330
963166973
1800701945
3955528857
1590655310
252741014
933889843
1546975825
3803535210
1304485297
3173138204
210415781
3748957822
1772870685
4065086141
4142341245
1150786446
2712829664
204240954
2196884007
3029529613
3206269698
879344038
486385293
2629702958
3878563061
199206775
68263159
1691761452
3839743188
1504730188
4201871265
1151296733
298047049
2114952510
1854667826
493508344
2228000045
3204606819
1891868148
2891345754
1511484042
3511573208
671794209
2644270009
2747134307
288976848
3736545779
162221835
1460290173
3485479292
2543586179
2509122044
3915559862
3515108184