1290256041
50621756
2539437274
4109793672
3132774830
2902487510
3509545196
1953370027
3023062620
1631174733
2920761972
567447233
1450337307
2380509882
816376658
2589027225
3534019556
3777541624
1825509003
3752073604
533861079
1489883124
3117931242
890833619
1133467176
3532175156
97044180
1186453075
2738963806
3914466621
83799852
2561965696
3670379233
2219087599
3327827399
1983140906
1251204221
2438627077
2922297854
3777653432
2913410451
3219379677
375050862
1471188390
2577077455
4171999652
888192647
3006352854
3838092548
2069468959
1404095899
1699206250
2010194307
1760657464
1237634646
1468563868
2040752453
1573981245
3259088429
1716584532
85981274
2326706843
2082739237
374909600
1305363216
1978319382
3959834586
2966600859
2299190062
3136357480
4152882682
3585259355
1029591088
3079415564
3700498552
4057503094
300682617
3461322944
489315805
1182413922
1700167468
2325106269
3791918856
3831251829
4083493635
935371781
2179336221
1100014539
3568055575
2715628649
2119229814
3267987477
263373944
805420087
512455015
2547384053
410959453
194265564
3890720370
1798350169
2296849422
4292587023
2871812090
1715142654
1137807489
82076506
3848761650
3791326058
3115858460
244876771
143072319
2334488749
2196098936
4202659099
2574899986
3408128351
1972822681
3318091951
1659891265
2239379562
354736409
1698941981
650496625
771712060
3025458581