654196906
2200557562
3498909436
753682346
592437513
2688941095
718747113
1623368147
2345291315
3540124250
3734864790
2327086844
675219353
2594957505
3597350889
1470298376
1184204005
2241287794
157554691
1490055316
3619401860
10394875
3582581082
3614291404
3480972582
2210288369
2530191997
2430433483
2540830718
3061839822
3689903945
3432521125
2427258745
3852441180
3438463324
1781469846
40228241
1273214838
1901293733
2809605876
1853852447
2682653039
2534712102
4066436909
837830021
1286234325
2950142191
1834157775
814318365
1859762128
2209974380
3539833277
2563796691
2800576637
946251608
1181459106
305186516
4137931430
2231954955
1176654776
2994870439
3661251200
3543968758
3458380562
2631569617
905962577
1922762851
461664174
3598663639
2068403082
492341129
270779948
2139538474
721292760
47382900
2119118311
135739724
4228052893
3445461490
3900618959
606726695
842561038
738503969
11056361
3567164822
651998671
74238497
737903962
1957821348
222478943
3363252495
1854245267
139319413
1478582514
2894641699
600106369
2942321558
3440076165
512921514
1375974505
2095956963
2402653871
2345929485
3712344206
2577558235
3992944062
81704208
2649641298
2419941412
1527706663
3933447541
3536078708
1181229285
174839560
2222318076
4260909304
834245138
1757500244
1520646030
67738494
3001110859
731031254
3229436358
3343056049
4061078756
2849719883
220584932
4195938612
3941651667
1625477871
2306859767
4178156198
3434939637
1099348299
3565622853
4287551615
2837482818
2810599173
1542458722
4093013195
290756205
422889341
1766615674
1406916829
3242164167
2503489369