2772635064
1948834174
4256423606
1049196206
1916957274
3917782738
3347571809
1351902496
1856361965
1735225146
1922527350
2687096340
3832773907
2305999325
2121270718
1484714554
1540633844
1485754123
520738554
20223711
2810917956
4234406224
2180568140
189651903
3375922332
136247113
3733008875
2211582503
602274165
2364126908
2902312252
4042771038
614889482
3903913046
2072685241
271219008
1436680963
1186834475
27922678
3989799697
1344104975
773893141
3117305898
2775412462
3769243508
2370646282
2555644294
2584824982
1941138660
2132944090
1030244904
1652284903
2721671945
3639527452
3707061548
2771236304
2667947386
775012863
4223829992
3294491660
3303448395
1011059045
1408627966
3072784194
492711633
2294200304
3053119731
3928415921
2350308510
3308915955
2224519379
2789460990
2083260386
2072116520
18452341
398014139
2508111085
1479220740
1325347720
2065254605
1276545854
2541936313
729729132
2477917829
3842912808
2562279358
1637377184
3506861923
284701332
1391061245
343671717
3743849868
1738489516
2507257072
3811299788
3979140957
2817424718
3061165796
1136239855
4227615016
1632166722
901362436
966060845
4184433287
175718917
2680693779
16798065
653483128
2623688081
1747074667
863132707
3030736898
3012263891
1897201629
92403617
2699376300
1529556291
148630303
2528159829
379779943
3428865603
1643233741
2074685251
