2997394494
772595899
1434311409
2105924356
4198496378
2365898808
809298622
2408753865
1979925768
268954737
420014126
4145779040
4050384499
33913835
971157196
2606156230
916251286
3737980389
3698637747
4266349440
1709763895
1106836947
3255705466
609337964
4180011991
1560603749
2775146768
502964917
3079764254
1745624130
1277391197
4183379505
3862338111
2888377080
2340068296
1670140793
2876043305
3005043978
996704056
3852055538
3385491191
3320901806
1460945750
3811895452
65921753
3666032826
2835255247
1589974377
2448092689
1971114487
532592036
2584912800
3294450481
690655283
962640886
1121705607
1694025592
1736756279
1525257943
3065705045
1467948867
1321092380
3401051715
1771239533
2271771823
759026569
1045138683
1703838593
3875777434
912314273
2765427827
1540907888
2608878165
1869684425
3668451480
3554702432
2514193946
626291427
1464536289
4177327868
4011963635
1084015199
2682359000
3456009503
4267265591
671457497
3439654074
1369888180
3300501955
