2247503028
2981595518
2628458408
3078451129
631727008
3793030625
3640634967
1083786892
26162332
1310985748
1948755801
2208910747
10724098
3278683610
3640561964
3714601781
3042935861
1608716024
1277476454
2932832542
3434656373
3033464096
500984003
1851326174
4148982573
396695033
4162871649
4131922524
2560590095
1106709968
1492285658
3424191321
454636192
3743777575
1478389350
1036345417
4187424954
583949103
606960789
404055490
106281959
3366504619
2139042394
3563399283
910378072
3687665701
3310398889
134713400
1489460592
2591602482
2060136383
