3334986212
2791797331
2851122300
186978052
769218810
2279830511
776256918
1388239791
2330028136
3282745544
1738124985
501657786
2139211652
2699842902
3640817359
960689777
2615493832
932844220
3169453886
1731465827
3900826299
678034050
1420901962
2927191721
3499967273
1895445747
445687284
4247078287
1064728272
2000845543
555268581
3022561701
4275024707
403503328
4200707196
2650089014
1755986382
1281928871
2585384884
2081977015
401262091
13907526
1572187213
3448368056
3077070785
3109868073
4150899725
4156319169
581264567
1044266101
3102218446
475635384
466906369
3460078298
3128101040
2130775725
4013569853
2458460916
51599868
1704225902
908606448
3427810557
2527924067
2517082450
2861330232
1491194863
3199709198
1855855318
124369187
173642231
3080181743
1976861023
1175008074
2972238730
4260861640
480708987
1360461010
2151816773
2603333640
3841654749
1670416537
3820456237
272098084
914969674
2468664335
903610311
3278338940
2593792528
653129372
4112253076
139831709
420634991
2474567937
3376901228
3094049781
1885705513
2535614874
3937946033
1557475260
206287337
982770581
2524610801
1222660044
3695972084
4191881957
1777291469
3166446688
2542830009
442092671
44199441
817045823
324436506
1268848128
2213385546
1693379894
130548542
2926507736
2419587310
1734769646
2315804838
2120216397
586657016
3175512396
38120580
515026669
2834059554
1277788629
3073933152
1228004409
1373942123
478254569
3828440385
3741692062
3242918185
3842043377
3974145181
984708063
4082269879
1999822297
1763916711
3083156004
500823740
111283782
69039477
1043904268
2414330144
3708198504
105006742
3321617722
544334917
4079869936
850635848
1416021142
2168077401
853114493
3790023871
2905627145
2890589460
24762217
4188865624
2600356581
63527497
3460821565
2256275608
2201429285
4143243196
965229285
1873420391
1958280300
2285035422
334776822
4272013443
1983775960
179625507
843027364
1100439962
847265319
3064615840
2580545072
2251652245
3618713120
3020222897
2010995778
2491726864
2429384276
694592674
1162512390
2222927904
3028235333
2839211265
972088594
3102268370
1997585984
2509900874
1748172915
1760531725
328444626
2409223971
3214749783
417090923
1138996937
4041675055
3487851848
1592968555
3915262319
3784423115
1366395145
639779740
3823572020
3178005028
2593408232
243379190
1235131777
2132869113
20173009
4109205731
3306791744
853028164
861715496
520280738
434649872
963821973
80856075
1510714374
2580596116
4043232155
1137994713
2259374912
62064325
730753851
1515846327
1152106262
296557420
1015431871
2422163086
2310703423
372136755
2662141215
704029916
668512878
820320194
1385377827
1157315286
1603091796
3323710221
2236306049
1869146781
1605500799
3382625328
331097354
796114196
274562214
2739244807
4172468410
3189130510
3241324635
2932880605
2482285773
1421620270
858984284
2373674727
358825798
2427755980
4272365541
417125352
258203964
3338205030
3814017412
2729439428
4124281798
4062379037
125769927
1211141008
3118392388
4006479447
3070270184
2002822632
3343685668
3014890353
1316169001
3949546221
1850679202
2964051129
102565120
2086260643
1927815469
2109643915
981832749
4158025672
444802505
2831469865
2626558722
1991343565
4097320096
1202321285
2042486136
4106002410
622987677
3565463565
3977072625
3321716132
16171662
109138928
2354595026
472240510
3614546637
2098218524
1805730948
1260101855
91941541
660165687
3691629672
1040945440
2734471313
1363472628
4162729900
707575782
3376774186
2325858931
1688579008
851493989
3010928592
4273102415
519012128
3744047320
70651996
2739285102
2510981501
1093090432
2317040154
4090924698
2479211471
2445667533
3054376833
992890132
3098215207
1064130477
439675199
4029305474
734839740
1818213638
1790338928
3595954718
543053502
2767000774
3275989076
2238821891
1671028187
2621829817
3300472342
327923359
3726784064
3281478928
4054590461
435365317
3127797256
2036158173
1647367603
650565635
2193494008
594425737
3984268433
3668752928
415737567
3598372096
1604871882
456519464
850542819
1431256499
2781864391
3624480847
3304272287
208055193
539130639
462888376
1149080542
1989402995
3446756101
2661167159
1386562571
2223182408
2304810736
1699856651
3257317300
1523871285
1029315283
635297602
1737903556
3446022770
2370824699
3520841118
3156316675
3332743623
980783162
2546820721