3965463798
4157285841
2014632701
838030121
2216295476
2103427443
530114724
4112637872
1272615
1720947683
2256421330
1876161657
4100026051
3979850294
1218933052
2732347695
2496067106
2612520493
2655806409
3045211757
736240310
2210916313
3735034414
3425253643
2802893204
1988371182
1799462703
1193726568
1543099508
65171712
3234920633
1682028469
2414080897
1198839175
952523356
348502990
671214496
810313928
1141502414
2716355440
4039395304
1831219437
1978734166
567141132
1358270949
1489215801
4228354891
3177510194
1315252939
2728687403
2757101451
3634494672
2672755245
2016306962
1271667178
1981971786
2149535141
2759003691
3573774919
3235569285
1232991316
227275488
3514367991
1974716612
1752035364
998786378
483418842
1814362570
46577880
1527919296
4033804168
4091865889
3111630866
364241945
1370344467
4183734422
2328391167
3940192876
3091881401
710224259
2161777677
3473235975
979400925
1854213747
2015498503
1226820948
2418834742
459350033
1532103687
880096553
2489555131
355990004
809423216
921200248
1317712381
845238324
53523740
2670918893
2489499195
26024544
3249608020
592407779
467449965
3886410171
3019987772
3922948434
3857385435
1021344891
2004391022
2634706071
2702821766
1634719207
1450090362
3928565612
2997578
1843548090
1431513461
783436976
1169230516
2334737469
1806644499
26309858
3103180650
1773824084
1197519513
705011692
3968703836
1858599733
916948119
1953634436
880149139
1550179016
276488858
2990269697
464566551
568784259
39683243
1826490341
3789625781
1251374731
4179959926
2038705895
3699789755
1188726813
4020764113
960574619
3452972214
1751599391
33282428
1046709178
1247987601
1647925297
2432986456
2152397574
2759883370
428914353
2117066231
3847992062
1189783413
928305440
2533046447
1632411334
2039651553
895121518
2477570064
902455969
114111467
2085103634
1445271347
2372425294
3693770147
2398485882
2897303966
4033263457
1575972761
2965190136
3185447027
2874708479
2448462255
3534744885
2201587975
1948297370
3666530990
2188723874
3089934941
2801527944
855597079
487207029
2732871390
2238171126
274689228
3000337909
1096716632
3490841957
967035572
4036614283
864556109
2962723355
3591064371