2750005501
3813519229
3148364615
1983494886
563102029
4264714345
2421164238
3073878539
3570394697
2119292417
1273908978
1724639068
950699805
321427032
1882773444
3781905553
2815068751
4269815790
2306864893
3330142304
4167767768
60299275
3831711325
840057189
588875957
828861572
3066015688
2109222952
1781699442
1387513794
4095647511
4083915632
4198863101
1119289529
2040090389
178091996
3090631415
3058460986
3120216573
628186200
1383017891
1434007246
100145700
435878292
1576752340
4023021979
241099463
3981627997
1101147540
375445925
3957056634
1341744195
4214181461
2317708891
3572057401
551832430
3371049655
2917109287
3345053508
2678419264
2933022941
1706660776
708843213
3094135276
2582948561
1555772527
1627666702
3724616882
2540636027
506763490
439008656
3080293580
361767714
2344488768
3588993234
170509634
627770269
1809749863
349648397
450272553
2187614217
533899819
2396460869
988041112
415718757
2201438416
1006347494
216894809
1230868134
631915302
3057249778
955894322
2694549564
513289195
1932398200
1228759138
2958258766
10046079
3201420654
2172549038
1699448852
1198669840
2098545218
1120124031
3215466451
2843855095
3359898759
2521708486
3232868959
3043466769
48958445
2124839203
3704696864
1513729186
2230631361
2074110142
234530653
2617004094
3779966803
1822220014
2760005409
83080941
515531322
4010935690
3328224237
577460018
982189432
2892818444
4236930414
1773614834
1617127421
200520868
3183625055
553438162
1276380670
1912774067
2063106193
2916193560
3075583529
3921685960
3404306395
997065671
3279349442
3999460785
1907639792
3613444111
2484030681
3175534282
1866716021
3378570667
2642118026
2074975463
4101728417
3718073241
183173633
3864174202
2210506103
1581030921
3171778511
1315110462
1202053235
2329534323
2211254463
2401166054
3410142544
2135717868
2808437075
4091628893
1016313994
4263528267
3638283252
3251177482
167468881
281856960
2447713096
4185616792
632055769
2457109413
1879102053
2746006873
3605295686
1170958095
2512893417
2306788740
181491114
1464080187
2590884173
1089668341
136055921
4202873648
3611438876
3828497826
2264875544
4149130662
910130782
114231139
492860114
1287378594
1862605289
51910073
3362023452
17008051
1172305355
3761465184
3792757608
2483718729
2298865579
1134094645
3399142434
1707303901
185184162
2126578858
1666388140
357473414
298979080
1416101306
69720142
3847408219
1335012011
3790992823
1147282612
1140955309
229265285
2304081903
1486952276
1675505549
1006385913
2075762180
2253441714
173360325
3128829364
3263027110
274499121
711948604
3111636000
1187906085
3242265888
1078714020
3668543945
1416561021
1732184691
1485552183
932348516
1677161790
2929479614
280651993
2836344231
239236768
1429294248
2137044816
793902679
4194530701
4071595867
3956559806
77422495
3529280442
2274273244
2216626130
1497330261
3967695187
386926830
314774930
2248664445
155024299
981171348
3220099401
650221254
4120160766
1444966761
520639971
2170792153
2826937213
680660370
1764332865
495648391
3978479980
1856994458
2849200266
397451997
28360134
3984848496
3735865759
705981979
3818840847
3490387781
2374655038
3364289526
2456264699
3666540427
3006344115
2102442584
2835465084
463300385
470885182
2340708445
1796895185
1861540739
1578813876
810748504
3114360494
2172393417
2098097243
556989577
2163735445
1687415329
3331845445
3761031297
4112075354
3870258285
291868517
3016765407
3593880434
3152595452
2668502502
1406572473
1547213863
3879684913
1456048645
3338406421
4234260754
3252547615
2350000631
2189644983
3622453600
3507987277
2821839900
1851701826
679723934
3352316425
215851095
604924413
3209107075
1401963576
3749532813
845456920
1562065517
3210104531
142436273
1755859410
1300746048
1777558031
1520066923
4028080805
1243199325
1268841572
4253318446
2401098623
1575868853
1358200773
1041054226
2731822051
3340704327
579968129
3071118564
388058683
582530589
3284478779
1172692207
3458925148
3182044033
2367931280
1155887146
3705042968
2471866834
1046043172
1567892291
3490194732
1547721759
3384211092
1581563676
478804168
2443700775
433376384
2554545620
4026533323
4252895052
2278505971
1078053227
3983841964
2655726157
3993948911
3590950548
2694949373
3985746038
144210677
2016787219
505481901
1664927787
4209522844
2104397521
1352961110
1727214751
3869754623
381306506
429892792
1734079348
256682504
1570280146
1138172709
3550813430
3347201014
2657994774
3731143931
1372421001
4036074533
2050194219
2108564200
3222018833
119512623
2984434480
2424037287
1039015746
1710042171
3018763158
428220263
1902653165
1236100878
413910958
3619533415
4032083857
3558235603
2123337748
1754239015
3463034523
3851805428
2388965253
1845123425
3514015811
1462582194
1470010756
1344698651
301516764
14021667
3926939891
344773259
4284949339
1614763497
1349246092