2372805189
1024004590
334129265
80229462
3367777811
3506746704
4202159834
175042388
4092540304
3034269523
4112857176
3387939485
70870503
156452312
4111759240
1588196710
2272603579
1362576018
585802411
2037180958
2020020531
518344943
4198987884
3096922270
2842631145
3493228078
2056086034
3633999645
3510132146
450425519
1173404124
3639280033
4017374075
1367840553
866824420
2313617180
3865802837
3379580688
3664271506
3052328712
2654673622
3445473405
501556026
2335475776
2675892152
4047134421
708553236
494430776
3812126936
265448
1496735230
2821412832
918095822
3338817728
2042269510
3528349911
3911890206
369630445
1082966342
2657556242
3265027492
779443528
176252832
2188683879
1170556036
1934482597
1646078116
3235646233
3417452393
2468465200
3349727874
2826194669
1553076527
11023452
643319293
1355190939
1956330296
1712281333
2624861910
255201312
1153768737
2046847050
2919303414
2008873703
491287799
1049948970
4148809391
768895704
2325654452
1028653119
3255782125
1814949864
908099425
1576717644
2436618785
3260369500
1161986865
3114361212
1855980770
1239530378
4020707982
1493004107
1596242418
2346491713
3247008669
3375218379
3823069350
2817786650
3289560166
3683529448
1120627237
1822848453
3936351621
406522357
932120220
3235848800
1629159366
992359397
79417621
29956260
1487938866
2691789416
1015743342
1629832002
1249059891
287084917
1691585381
3839217546
792223980
674561062
2239400509
1606092275
2275302117
3611385261
2638750722
1904056830
134735021
915096206
3780340174
1911503426
4203922139
3215159839
1400111791
4161117637