1019738361
3585565909
57965480
1134911858
2478794053
1052523129
2350754370
3683499419
839868136
1917464976
2203886310
3861150188
1795276565
34013274
1620929571
851751403
1150899789
3140468876
3152131508
10292207
4269029032
2037678794
2450910771
1942759460
2815851764
1645120747
886758463
2774960320
2348465979
1059713934
19819293
1461065645
273884083
1832589077
2728152574
1366128759
901432893
3843328494
436203575
691311146
3443864232
620908314
3078113664
1217733427
2313602563
450096095
3331758016
3892510048
543348444
1885301564
1487732140
203341625
422503113
881315697
3471451856
1443081689
639007294
3848565674
3585508497
662501681
2923539667
3377684172
2006835672
3419601424
3613637666
3725115688
522661335
4235118154
887265179
2223527138
1369178588
4270163073
1033066848
133601443
2601431983
2778582559
3779098501
1682574847
3296610951
324744042
2519830136
554938956
1651302048
804288393
3060769022
3540116090
193891018
99057764
196497270
1820572341
2044510972
141285087
251092611
2962457229
1237484449
2096226067
2563139591
3575696681
3438484955
1651972750
2700954761
1345576974
2053277302
1397254073
756673115
2930133040
688403387
230692437
2899091165
1340883857
4007889516
4247643303
2046876906
4252795520
2728343106
3128367811
1451358530
2090449601
1205338883
267428634
3718549433
859203538
3025114915
3000550591
143711189
1427106714
1978223477
3449397033
555470695
699668038
3990018534
1094670975
2124304638
3106684494
4209699919
3143405942
322544426
2679595458
3129244775
3120028439
3131284632
216425881
733855587
172926325
3597472760
3154861420
1840661452
1851261372
3889855993
193931212
3312485516
3472102898
2015478356
707488511
3201623213
3769238965
4190661015
3823260451
2173244331
3209469983
1075922067
4230725699
3554348139
88428780
4237156187
799982051
1015015081
3279415351
4004502697
2057456098
2740309358
1466463006
3192651743
2370128611
3395928646
976247577
2233448418
503360501
650718118
778234972
1190669193
647249600
3920773878
1140783069
1031864131
894738883
144684390
1003772988
3099322496
4135790564
3230163939
3664172554
2777463205
353171219
3772957340
460803361
506439711
2191736376
3568769877
3152872961
3034174591
1906212110
1151228509
656463631
3607565794
2072242218
1348968462
129411648
3622394214
44878089
2756315912
2392785180
2393894023
1547274761
2275434914
3174433605
1828965506
1698105454
4288746402
2939878146
3411165252
971222518
2897769230
2876231285
1003969475
1868919828
1361535572
2847815455
3046295732
3970510255
1340271439
1999772717
2633259015
3091893888
2816224318
1516875433
4109543378
1356822280
1034194094
1535193185
3382962072
4099790258
324590692
983052416
1282348229
1939219096
3052717713
3793428672
3588150008
111272770
2571237654
3185423479
3322685848
645334713
1628814531
2759688993
627296325
1126275430
2704058851
657081378
3620201939
126445080
4149050097
1748516144
543038032
1839558162
2045360923
2472083637
3351366940
4003808033
1418848482
4234371874
145388166
1636010110
2074861942
1627820462
1212120826
3186782496
1285824819
2173101345
3395809998
433590153
824819591
3073483803
1207757384
1622580347
283800153
476962050
4201761778
4164600464
3109280883
2283102783
166558431
1962054696
3613080818
1734790665
2117863404
3481871255
1542501845
923986991
3630976647
2954723728
3008020588
3209815604
2544151704
933449665
2400807844
1387390007
1574613564