1753490035
1919131268
2608556404
2368335954
3199109860
4259219481
3840613799
3544372004
820629396
266973852
1741211832
2018157739
1859747802
3305999933
377609706
1261348127
970816536
449450103
4255408887
3694503390
2304256026
1742052074
2644474006
1387729753
4147862443
2002940110
1260580282
1045405814
860199808
3200601741
1880954745
3971573292
470153170
93612634
3454170988
234526622
1797810491
3928009267
1169295193
1932906916
561621266
944311483
241960422
1117889279
277263675
2190298177
1604976735
1674460336
3641533361
1944057017
1245320534
1816589183
2919618755
1174054290
2252938195
1232316457
1349361005
1956943721
3660325823
3520147312
3821637715
3816649691
2952292046
4102059507
180406159
711583019
1067538991
3458248601
1117382550
1036610253
1894590671
3982569263
1318717026
1950769252
1830256643
2342838844
1313794854
3088536840
1283550398
2513593922
3740208977
3319935066
3754687235
4101812384
1293932988
531701404
2314575607
532504936
1268842512
168586322
2253417185
835432911
2920433027
2653714473
3257850393
2355204647
2951908880
1799453159
751694094
1368570340
2323066977
153502072
4043710344
3557778132
1687890929
3759440718
1085873010
2108955860
3105584511
2579841374
3751796134
546210782
1996356700
1097708009
2650595105
2981424219
2655120223
817473476
2625774875
2092072788
207273395
3032662730
940349611
2472395917
444570721
2784553462
3091426881
1689232665
912884276
1342083455
3443660034
394803290
2582903860
1417626814
3636828360
3046986156
3387145134
2019786156
1145415676
3334474771
3728229040
1602775440
3782382832
1543461725
1676727805
3765382014
2085168990
3411967950
52911279
3689535584
325384016
66390687
2479538706
2063584903
1858393570
2891318997
2003034453
1173964255
446668607
1524669567
903937866
3849088298
3257769290
4184146891
2262582451
877815490
3424186568
651008300
3622484206
3379920877
1304192129
4084267990
71883297
1515654592
546389450
1264582762
2778171258
3841146142
1293601744
1520684530
1534037464
2057105944
2075553261
4159906166
2375560919
2470006633
4083718988
2749522016
1511948599
1975644770
1492423275
652397529
3853964609
3939613567
3523208154
2459418179
1888097676
4071844362
2935980430
2639700785
2133487567
4097515976
91603579
1332679369
2326123520
2408290310
2924305095
887009365
1003094168
3801762958
2031438680
4265625659
4001223522
3268585793