2523534754
1340499736
1434489964
1305617263
2712785405
3711429501
2421283515
1281209782
2231623344
306192764
3854926650
2811472720
887988766
2149967904
1193810282
2058704268
2349119499
904359984
3400497161
357486418
2317862496
989159864
962766834
2470286895
379676498
3768255332
2533789850
942397924
3388849626
608519826
2407429585
1812605511
355791229
3546887828
982293585
346443830
3024716666
2947017201
507453079
2862967269
1172615151
3846865445
515173726
215109648
2799417165
788046755
3782372979
2501801489
1500802907
786738458
4178633132
1068257788
1712843731
3518515427
3083554356
3261704859
2487797581
3486113695
2746790151
1890207271
1061420145
1157211083
2858767795
873296060
2080758246
2875281189
1850399291
505609219
3439986389
694080778
3595082010
2677576554
2827023798
2472804092
3850683967
3629534631
2481602666
4260498932
1059435552
3268642056
1562244589
1407612704
3754393580
1438152023
2730405944
2568285403
1992193347
3538750570
238572897
2271708257
3411987406
1789147930
348769797
1108169258
4274959981
1349412982
2015658784
1661710706
2997458908
2211868068
2055221915
2432237300
208211690
1036977566
3717539039
1785422216
1881890559
2989912022
2138345900
1872707470
2053032994
3606637430
1143288517
865171174
2542226130
3298125952
4155081955
95234504
1673226639
3212547707
1892637184
724931418
4039707278
2749898555
3095255602
1478545600
4242431359
1209640053
1988629553
3734724678
3250116599
2240501382
2045900715
1133596073
317857383
330053448
2145299117
4117709539
1612638157
3883993592
3451289237
3752860128
1284490604
363597340
3568484508
3108425014
2044343242
2003010609
1953266826
1843649974
2516769402
1624476394
3030879789
604629030
2957602601
1244891453
999774103
2064451394
3976504994
3233038299
1579527533
1307932662
1553671621
819853700
849109707
3152529648
2074361956
2993341436
896947272
1722729149
3231939898
1121898945
1482274285
441368884
909099025
2560947464
1957524584
3449301335
3835724621
1297649053
3369868191
3192233420
958488515
3948482049
1696634812
389687840
3442367020
1177525039
797493273
8417194
1846336790
1357169627
656783739
355657299
232836202
2875703156
3667364687
367519419
2837981884
1000668812
2171087518
4045329839
3958977179
2889942967
81024459
1597560441
568340115
3229388840
1561286409
2687909372
823280607
698763703
185493877
2705359003
1303103173
814324414
4016466907
845204073
1098718069
2428299593
1941230609
2646195978
1913953991
3098442947
3570405451