2860918676
2232428588
1951694665
3604437462
1299285707
3430623789
1122403457
1465770514
2623259176
4175346710
2592976626
3342006819
3505656827
4185459738
1017740274
3580485196
3328532087
1356888004
1161783995
2532520745
2711398132
2319781369
774283268
3718279739
1475614753
3283846994
3237684150
369940337
2303570208
1721875735
35711073
2901925634
3074888224
1889042526
189426072
3217346082
1122887005
2580891993
2302188696
3677582680
1595071884
3051507567
146063811
1925779031
3792454200
2399191604
3343049507
305779313
1187384148
414741198
2066624286
3442147086
2399451927
3229797814
2729211581
3949516342
2807935067
2491239951
2254046109
57776309
2315699070
2892799523
1576603976
975726264
2550069994
745282420
1973234752
2600407351
1706693501
262869524
2386246547
3489780443
1200228022
793179508
3600078704
1874620279
2360069295
2854291871
672432508
4234006640
407049841
242525678
2656838396
4181244113
3203494557
3706035799
2591259206
1105592282
4278355117
1322963608
639285629
3262712727
1074247224
4111147519
4243234330
2423715813
922729070
3761095791
756285205
2021770120
3288666270
1172925873
1330526345
411405275
1412752736
1322305167
15144100
3289579479
2581620717
3621139816
2071822395
1066278371
3024148367
989629548
1399308965
233304781
2037929285
1854791162
1772432152
2454001
640213719
3150944899
