3225239854
2485990565
2055469700
616947087
1130261085
994814762
1876904074
2836703334
623525394
3054819913
4160401690
4154358666
3774913030
3955579268
3751906540
2487214209
608140652
1630699948
1732045285
1451577836
743176890
500088790
1310845606
3582771069
123224585
2513649645
3822515364
1272206230
1118827200
269468576
597028438
2710314025
1228279033
3325242989
3745238610
2154519445
3821628979
3590728246
456656305
3631813490
2396304222
1831842370
230965777
458149577
3910769734
2477287326
2630043967
96107804
82944260
3967972939
31033172
2929167093
2091972278
2614423477
2085928561
2087234995
425309784
3381821939
862730500
2079202854
4292635296
2696723238
3423752417
3374735810
1074181506
489161475
2227929804
2748558059
2695949381
4092247638
400327214
3483948812
27504252
1066026349
2007862336
2572175114
3695906475
2318288957
1103022809
1400462120
894117775
51968933
2258183459
2503705553
4245912268
4265000478
3676639560
2788015626
1607211928
195394289
1114606495
3580790437
2267914210
3663451116
2909825801
470658872
2249199001
4237774351
3892447916
3940256872
