4195007394
1872468143
2162858696
2751315834
4073216091
3996345146
1372952327
4627514
2648372533
1071114275
726014389
3811525312
1271503889
2297790363
2526389113
755074427
1508576688
2149846017
3405769300
1512835634
242035137
4132592502
1805082248
4105076438
2814734231
2206021021
3049519976
4081108264
1499626878
113017348
1664634566
4245133911
3092412562
3389315986
947502715
1853386404
2847922128
2736052577
1461698927
3772041864
2861677829
1507762918
578782756
1235248607
2738143638
1388518282
1652877936
3278681355
2766453093
4188370070
1261405782
3704820366
2185257987
1686154376
3316606039
1533916697
2286837543
1352896775
2136880949
1433873425
1681427877
2767407334
3058309214
4228027179
1611080632
3569105748
2297634586
2924608526
4094297932
3044319449
4078770037
2812373616
2087151686
2157395866
1461028035
1650809097
2252410559
355360341
2682428398
2330677998
2659422216
798710763
3166310632
596396540
2290597559
3317081390
3519676299
3001742924
634900310
3678057813
2023096756
749192432
4202965700
3951657216
470559356
229872712
4061350556
3936053862
1805588052
3157283794
969006913
1859449645
952063610
548801752
1583257566
2500648777
1907487633
977578487
4019938674
2773363650
3108233191
1757646914
3889832618
4243426412
2282288912
497947770
1386843329
4254786684
3503995196
3319364781
36332850
805817298
3148433384
733241029