1804592902
2759853104
2669875091
3171300400
2432028712
3336047782
168428907
765811464
3397420015
1583466824
2539968417
1497967145
2698759326
2314531592
245825368
1191642005
3886532453
223678810
4005807028
552336310
2335468963
3878764859
1771361619
2101034010
4095510389
4123433252
2348324562
1591799922
1750752405
1233697681
2178677208
308215580
1864218472
3868984637
3660268607
2345088473
3895411974
1510086430
2578816986
3375453780
3293979490
1811818331
3723535901
1142522696
3424246059
2156061696
928610402
110002417
4208495145
1515774008
1143158076
1849009424
4101173926
925564799
524689635
1282621166
4084890947
1236873480
229212982
3148022823
2752355752
2419366516
1373165831
307026151
919740003
1090040459
535181558
791395868
2180101605
3570545912
1404122297
1875515595
2187800693
2256472570
3735535752
1914920788
2916585693
3352125657
36227907
16169371
2604090212
2378602997
1939460101
2858115839
1139303243
3554175279
2756524858
2976754997
4065705262
1162121027
453807469
259314885
767120918
3414560731
2825684873
1523561274
4291268367
2304724368
3829418529
4239213669
