4211169801
1401310129
1930209409
1169802385
2717054424
493411959
1829112898
2477973519
1206073513
3931651932
1172883204
53785312
3878542892
555899823
3185931435
2572778949
2154843564
2906547366
1025461895
1233678098
2236751784
2743609351
1039243360
1341746023
2048817956
2755822843
786755812
2279374409
2622760001
3260687834
4150368001
949715405
481217873
1239505510
1769310996
1820934349
1014969589
2357720552
2351873194
1018743168
2202116584
2393703349
1099455297
3715257590
3489026774
206523765
40327842
