2276728960
96183842
4231306706
1715474074
4227059779
1925119039
2485388122
3291407723
1384033117
1926738724
3241274448
3981961546
2801811211
3737384751
1429195539
2463474305
2092278123
575410361
873996087
285861679
1803370219
1608706676
4151322151
24608406
3120139812
4018807472
1673393866
2757679679
3933793008
2650825157
3279853592
3353676141
497425384
2355712828
1007948708
1580785164
1569136122
1103256020
190551087
1810031426
2522473274
1450804027
571765932
1678522605
1339074263
1821964165
1903340612
3745408103
2360769689
4017924097
1440141937
1570330225
2813358218
1263881739
1949538476
1808393214
1822391356
4061097904
609472586
3029603126
4038449120
1948977055
2592189419
4001138307
3589424687
3887815676
1579311725
1011625498
3729603368
3353219737
2330984653
1557625239
2426906482
1932883164
1949266142
3697297310
417303523
3591638038
542609510
2663499669
2131063582
4241866934
1218558258
94901615
3075310664
3417870831
3433107943
780825494
400722613
2984257004
1326646508
1122697433
1756058603
2189650577
4207811615
2724412475
331422809
1866460261
1202973051
75873367
1157592346
1702205965
994012606
1666463004
2894043739
2548812920
3470491923
3131723538
2293630612
1874181854
1454338097
1135281437
2212260773
2960238181
1529308887
3403057892
645892368
2149486899
1128300878
1555775442
1327823854
2544436599
333673688
2376077482
467267929
3993645473
879434129
1089786102
3155309169
2566350754
504884730
1122184820
1122968050
2387460999
3713193824
3561827829
393337468
2185749846
332182431
962404013
3109293706
536052850
2793217366
2235054185
4227848211
2555546442
1312008060
3640624630
259829332
764092288
1722521067
2586221729
2683118511
2593456538