3229914438
3284244949
832738899
3164884060
2062994319
1647155812
760735695
2655013220
3883854640
1579218236
996693263
2357888597
1222453938
56927298
3494499955
1011701843
196527201
1022976947
2084551173
929999293
1449803635
3370209596
3919014805
430887612
33677579
2752954751
1052002658
2152679709
282314288
1802520076
4241021841
3688174073
2858689525
3955996767
1583127129
3714369727
2821932031
1359926482
4125021125
3392238796
3486639030
1742600489
1230022401
3632830876
3099337676
2332272583
2829734228
2026071574
3824882234
3753776451
2632812915
2151785562
3895136024
166947557
4257683838
643703358
4124704714
247278158
4115280417
2109898039
2880114644
2132590383
2125450421
4001145575
1986741967
1820480662
3006227002
1209582551
3829327325
3759985989
3578967328
2068797010
3581627212
412189945
2938820918
2241472465
700840604
4283717127
4018997838
3970058026
305061345
2496236037
2937418939
1187842735
1874526349
1855958506
4207644709
2879702208
3338124048
4025208422
2599821224
2513889621
3279597545
2148456504
680250649
3574322463
2967914853
450622181
3615883338
1414428335
2135234752
96548153
133252312
3073510675
76694232
1519309983
621073151
4169766501
2664215489
89600923
1880645910
707947630
2284227327
2083467412
1874653351
4080028693
3201444390
3117394854
1393863892
1708979449
1577333644
308088140
427582822
1113224687
3685625228
2924021148
3406055786
492604852
915789935
1003473761
1661228766
1915068965
3468804573
3197743735
2060190728
3381030450
2850848404
3775808748
3045134167
1632681595
1183066655
439066960
1895777532
1329835127
2544508
2431292377
3569092916
4275720491
2014735187
4257214378
2195997659
985279739
2109693459
672524995
3111687190
3293091794
747495168
1819248958
2467912923
754929637
4101007016
1932565032
1515164760
3098967573
2378392809
3512089986
472710654
1033810530
1937944290
3882354189
2687999920
1126405956
2927989431
739940641
811734923
3825765485
1649128622
3928748228
1666396402
558103014
427606115
3675862103
3403257753
4109966022
3761883410
1662364003
1125378557
1464008653
3815776746
3046410838
746515165
3968130666