2059961470
940340670
2397799951
51290885
1705426519
4260920138
2331302250
1645846392
2220108032
1895128982
2391164992
615166233
98764054
2077746825
3715263208
2498507390
304521813
3374767714
3180346186
1354468379
3074221362
1452072132
314280105
4243816371
1614729101
1128109291
495263606
3234973859
726603120
3997778140
1978612497
2981302173
807327605
1111104503
1695887225
72701203
2633010039
3846559946
1765608175
1234596818
298382226
2408657055
3532746980
2097180747
255076319
617259556
3342482575
1568439040
464899168
759556671
2935950178
502977830
887283769
2944555974
2998942869
4166938329
3637058626
3957742926
1451793171
115022543
3064527278
3852253915
1874038647
164192400
1382118249
4195821967
3004437593
1433462025
4179140356
4041193358
2979453929
2804755356
2644178910
3124315151
104426599
3697812762
4119248520
