2808638522
2865471861
3991354359
1328499927
3461511474
144950690
2054386092
3334508878
4061035326
2170834410
2634602105
477049721
933595804
4290960073
1358499377
7328721
2354580057
3957460923
276734237
3363267883
2598653410
3115805425
2331141150
3962075474
3940980224
733958891
1466416509
3832538892
3835267944
3959143975
400506221
3285684559
2976478155
1605369416
3446414563
1910870003
2010255507
4281416915
2278979761
3899350950
306360959
3264738771
3041863935
2645982680
3620822433
1984827714
3369870747
2243093592
3536080391
1837944148
3715340693
1943260601
623396838
