43452641
4186329366
1574236240
456323566
3751895017
4069222719
2062642021
3123328019
2143494586
1349308441
865567884
1844385812
2477141582
2760036761
3351379969
1309924981
3774348856
3445227179
2908135315
3219305616
3765527114
912930455
307174206
3401572166
3395630866
474193385
1433352110
136957678
2891404377
2905803144
1329886215
2773288860
1555892367
670983478
4231556576
1472175278
1712047317
1215686367
2393165560
3220019628
1687385002
2206068872
1361243970
1808040791
431185499
4132635772
3771064775
1917498335
3654917019
2528216192
1165767450
583247445
2837845584
576074285
414610274
2795562215
2113467929
3788383403
3882973731
3991823773
1942436121
4011989354
2443772186
372946594
3375166863
920779836
1362917850
3006836345
3916005251
4020804202
3992078984
1010139926
3378800659
1883796616
1834350643
1643966876
3394270097
1358295512
295533045
3358422937
1960025631
834876248
2753720907
1549718191
3412395883
3877601003
3679146114
176894070
3632253196
2462823801
3094697441
1216357837
3816316625
1223382259
1930702044
370276699
2745777794
779792664
4145296406
4170949958
3015884703
3116852984
2706151906
4267380807
2391654087
2027303399
1481591968
3150440965
946978420
3012644778
3149305717
73743705
1101444809
1987072733
2354034428
4137840749
3516539524
3751105359
3118760457