2759603809
1168087921
3766775501
3966723334
1693043033
954633043
2895364964
3896174539
1094607405
2681400304
219650477
3488162783
3445882092
2123848951
2153847492
3819497524
130492845
702387740
2825214233
406905366
3469996439
1087522831
3363132242
2545007902
2959199412
1356525584
2694815141
4079254570
2837666626
3486445597
3230849213
1854583044
4071586976
2214034681
2461679066
1428381540
660513500
548822306
1705135047
74664005
3639407848
1323866685
193613561
1047528776
467166918
1264733885
207147319
2033050558
2084096096
205573046
1184831981
4025774946
3970561054
1365128342
2140340037
4261831656
3467670336
1660295237
576935634
2682126293
3783258845
1381193228
2859447401
1904501269
1692613416
2316909725
2836783104
2628770053
595900991
3039100188
221565005
1631040160
2148749041
57539850
3738703300
382392482
1389920331
1016062442
3555285095
2173895028
1269170194
2842117134
506805480
2757665228
473253513
2296549427
4014075277
732582882
2982716608
1325587127
3715544752
2547584486
1758293444
1914343884
1777984118
1623377551
1918579694
270331225
1302199933
639562278
1196201248
3503349777
1749462640
1952012542
3632856838
47532053
1192503057
2458401663
2985312373
3994064664
3325856062
564178240
322510233
3556870124
842781540
3772520869
1616581082
1772504297
237377891
3804479463
4132876769
3001499505
3538553938
3735424774
3882144720
3770628979
3188355341
2355581696
3671641463
838560423
701369348
790148894
1526279667
502504622
1858000755
3194715446
3352582630
2144921591
3580622134
1369483711
424506864
834310957
4274346335
3588302513
638339455
2960344395
1273890136
2352593732
2853366341
3954053559
3118197028
4261286455
2794686526
1083636502
4244123912
2088411112
3029159430
479739121
3678901983
996230941
707755461
3643151735
1204889298
1969837355
687416891
1154720866
1757940770
2054673304
2117875623
1104877415
1390675364
1801330309
309247231
1739633600
4077856666
3162050451
98755393
123772443
3922423231
3760699937
4065833579
2575703836
620383003
3597003258
3201354772
1496528829
4066375396
3567240467
421944715
4182000085
2350705068
702572776
1251466876
1290226616
2312054896
287024904
174364734
806449176
3634573552
191774945
2797761125
3614261552
323422121
2177565015
1863003108
3601620231
832938710
967545418
1215277368
1114502115
2531066767
3075230164
3087329511
959334966
2321029615
3492968732
3040652637
3383720922
1711857850
2980648949
3271240570
1577361445
29344615
937827850
2971291568
2594827734
803731461