742061700
1620087680
2872491086
3776409791
48729839
1915904873
3322522324
3743192022
2323283928
851923500
3823004632
2032523747
1416275164
3833405744
3402614878
462886417
984177695
112397107
2219498011
2037472170
2785703039
3863265020
3344590553
3333598201
3286425097
4133733956
348333744
32376684
2976153963
2205456234
533302628
385277584
1160574145
96267455
3035803077
3148038351
914084178
3165829449
3300651442
572879347
2055646018
3593672475
2302466340
2919698986
2581451806
131353586
819287087
252910618
3166787014
3538844818
2222091405
1981438559
822231760
1366812642
270181618
1754804798
4151607805
392939131
491967586
1258513082
1767860937
3059298342
4198810580
3398164634
1702271534
2550825236
1207766550
1905759616
1497925668
2991630223
1740073905
849349198
3231457476
4269367648
3303270618
196574984
448856647
2805316621
2972162671
980488258
2206892465
2299320333
491827526
1577079581
874578548
3483024283
3047137073
839546126
937956437
4206823712
3774999539
1199127119
1935039234
182909783
2556007465
2836314603
3721912115
1631024546
2709349567
2459451017
4287498601
3706876560
656744691
2580590254
242522614
1620614033
861144103
1118866502
4195121353
4134594657
2724142736
2814807679
1672186429
2224827383
302552761
4127573938
2341718411
3270025974
2206392626
477851908
4241789932
473016725
574236802
4270048331
1221081025
3489242543
830831380
1639888226
4160128353
3212018045
3716102318
3806070935
2568212690
2523525152
3114452959
2165682807
3230520463
3513538195
236223541
647948425
2317898106
3344623356
1552924591
1722350920
1555028890
933504524
979353059
2365517869
2611183306
4179424291
911799413
2426166153
2735824700
2796481572
4285531095
4038671315
3902959290
854216349
3167469722
4109381458
3448996537
3247264103
3818577623
4245644131
3464002015
37374724
1008214476
3056696106
3099679232
3192380599
459168363
4228125086
2533219596
1214272410
4110857185
1780756016
3597715542
565992734
3028836637