2168783523
2401870183
4097178985
258680252
2121029290
1690777506
1452631891
917753156
4222303311
256696757
474656532
2435668107
1898641069
1694069260
200699040
3654312429
3217987238
504343579
965627532
4146994317
4026297154
3283995048
1923375161
175139358
345270521
3551956697
128395435
4025627134
4237059943
3460455064
3401647507
2453096577
1201262802
1300015384
4164873969
344275760
1978776903
3781805295
1583380328
1685579820
2268412728
525919180
1942318026
2807218577
2792491299
1999840715
1259581317
46111449
831226984
291941074
3220603514
1064591288
263052993
1306811431
1116837132
3379576343
2274630231
1563874616
3378855106
1201112908
3708411281
2814619630
4255091564
3749086517
71635086
2508232298
31337645
3222883045
3389386090
234918718
919317307
4241957747
1827444044
4231034961