1932461380
1503351074
3793597040
2106904374
1762318647
3105176110
2371696749
3933903144
4013199683
1447843176
1036006699
3348032316
2593363420
765191601
1878099922
607962004
3081483806
260771416
1882468546
3165310088
3059548112
2630956984
3602136241
4076414189
573464967
80821048
1709132321
2214724556
685400856
2675216902
1159204985
2482803371
2820573439
3153226901
1085503772
470873233
2171295586
3828429678
3145673454
3336957992
1827245350
2904963622
3021883651
3034525926
2071991309
200208155
3510237609
2187409976
1415880560
1647717581
2045367118
3642816713
1897699807
3771015118
269779087
2563948856
1248438425
1226378454
3298711511
2246046388
4166778309
850674335
2287988566
1175135755
2059756136
831855790
3688444063
1770516790
2584869905
567449802
1284945561
3679965788
3911372771
4215498161
1234046641
1309766231
2229605111
3832534070
3719934220
3164007918
632884710
2244127235
3981730784
2572917613
2443417334
104481000
2714143523
2780765625
349874261
3613210322
1807750189
796822819
2594918682
1181878314
2283435425
2792040140
21117914
1128464600
1733225321
3893190723
2111391195
1765783384
2419530879
2737692810
1406573365
3163190899
1715682460
1655773988
2366423790
3625934421
2023802210
955941191
2647089029
1795393461
2246631749
106928789
3489100440
1708372905
1085929144
124023116
534111467
2590689561
1766501631
49327224
526614152
2543216661
1127118364
3493659495
901962288
2601443557
1724597403
1347558772
1504215943
1594171473
1382465287
3263953748
4071707495
3236857230
1266742707
85943445
3138923342
2618926900
374710413
2909264880
2063220216
1549184706
108757025
1532674148
147412344
2462661702
857045630
2006849630
3334013819
3131989892
1176599303
892145437
2706894608
1527664403
3473745684
2998657763
2423294443
3214172904
302070293
3449869483
1147448646
1159972034
580586921
3093398047
53742425