1852005587
3165708360
724630577
260937244
638860785
824620129
1752336315
952583905
103151706
4060355786
3143543006
609378688
3197425361
3408736013
3144378220
3497600146
1850582089
1472524379
4187701087
377721380
1936098916
3495875527
253593188
3917985431
1973621177
2343600584
847465815
1424850441
135707202
2401438063
3325564360
1496354193
452997032
3089877415
1684767477
3755356914
2837495697
969210599
578796044
3404830550
4263185611
2516990261
4002477805
609812515
2573088508
2922579286
1400813457
3035649833
912702101
588988866
2480811474
454591538
3739612637
1662154577
3867769919
828724173
1992947466
1267177606
334144701
2630490140
3253262765
3636041922
4025512888
1690851704
1703794518
67335405
197419246
3200402877
1515136986
2592785743
1733609846
2454495843
1539198966
2259163207
997087989
784042829
3557569190
269148937
3459074011
1872115143
2438873019
2805332580
2096819057
3247776659
3119236816
1416906590
3976905282
1113861628
564476191
2897594948
2029966216
3945816700
760158076
264598242
3514966434
215809654
1045316678
337371881
1943047270
1164239141
3830155657
1757065053
653541937
2848076388
1559654984
2464525469
2293449677
3432631176
2349597504
562333755
2007666714
1777562843
369684110
234293627
811007758
718421541
2190959879
725860459
2652535444
2611025694
3400489002
373444447
2059357863
3630905173
221271625
3083356874
3553708040
411849987
3306704042
3040295729
2631743433
654937660
2105764420
3895445121
764006204
3784455036
1863881243
790324103
377006316
1755963001
1390280452
294837861
3601658323
1747710691
416881073
595638434
656425270
799569672
2981849869
1794344175
362616898
2307663440
49903523
3544674810
2677649587
1486546322
2016372539
2134971213
460926490
3825560911
2326375311
1703009902
2688107763
1233780301
1832020993
3628525661
1676623826
4022181291
3447909647
564334948
3348761468
1075499792
1754343521
147075234
287465506
1650844187
303079189
3003229153
1746182452
1152433829
640192494
2311917624
816513586
597869886
2032564160
2408847556
3303793787
4218218243
1176738874
653003156
2490646517
2406516085
3095145900
2540094039
1257212548
4096325203
1627933783
1108731633
3498131813
3123346449