562192250
2151095994
3998662076
4047731865
3719146247
2634332834
3536041525
264166458
981517673
2614217425
508777982
1217064003
941233017
3375558132
3462566662
1893402638
675721053
1633787975
3980119257
284404365
1118878693
956736978
578668057
3044523461
3281236156
2923810832
580193496
3077183577
159409448
325046333
319142119
966460100
3693869212
1379931576
1461047764
2138376368
3630539710
2928381363
3421484387
3659745134
3956030187
2838636173
1853574552
3888230751
3789399616
3058240108
895572872
1548758176
2020675026
2927914966
4149909396
3357941786
1299289298
2597225272
1502723833
545145706
3531016945
1151591338
493166463
3524866986
1439851226
310144530
1078184541
2049653071
1328731157
3594652722
3470491588
2549800076
813704586
2643766575
2467320471
329398077
1868480789
1943329105
553737004
1192641806
828517360
4056009712
806670083
3286770976
3448423266
3269982582
219182909
969036110
1185633639
3795109028
916081746
410434447
2306521243
98577420
2895888485
3994189632
867289172
2010360852
4069202287
140577417
3231798992
1070099911
3437574170
1930404483
2365304020
3409089257
4038161381
1208714020
4117494293
3271676295
3645578845
2626107441
1884445993
1886537338
2029762538
1565779253
1985897652
820500782
130286522
1680308917
1357686513
2816976419
1907888239
3539783948
1333328959
4105268590
4065164848
3282487779
1321577251
4009065012
2335823547
4200027172
4085914939
3609888672
3512018802
2769728411
557160412