3145385109
773694528
3460160921
86950911
277920844
4213421298
3047690917
1728856823
2771884339
502263427
1261758465
1331130561
3142330866
237541006
3933894711
4203687520
3490754454
3180235661
4166539726
2892944745
3456808661
443593102
1802120673
2919747785
2301766161
3206749452
2303649009
922769444
2998473718
20742588
4250694422
2447947803
3232481724
819285676
1230398662
3427895963
105584737
2117775827
2008832652
3743872209
2647065986
1149953551
2679120114
3869326666
3047644009
566175869
3811183898
1430130248
813310486
1279822911
1034909535
2989508953
2144989745
165183280
2891698636
554281134
4082997726
982192879
3809754870
1275148850
228479102
4241924030
148735323
1269600302
2364999165
860454801
251219324
676193671
3873899515
3945732704
641216451
749927644
79562097
2866032160
379579992
1551970118
339466167
792136266
2795536622
2666332098
3513065579
102565124
3190865329
3686388035
3302978769
842812806
997943114
3641867559
1629670802
839950640
867901512
2000095667
561791531
3183103603
1402460767
3872460036
1493391045
2226028785
276133464
352765138
868513543
3022504594
1749382423
3199711394
1246663720
1295649176
2907050292
989329407
736241222
3941626779
1115353601
738390546
890879031
1491098324
2532957858
1375546365
2282841734
1376630868
1961313662
3680450370
1604586264
2407382642
155506246
1741923002
74278664
1883011589
