3649020120
3558421092
3310065992
852739578
335968449
3709365815
3663649216
1908590701
372483099
3649784240
3784205769
1209016162
607872456
3613935595
2613458141
599344371
2902977328
1606136448
3395982920
3118465544
793945523
122217401
94002029
3963181285
2108135375
176259272
519036524
1365345727
3744819674
1816128600
312159985
2812386401
2750420543
1168176951
887291338
326906002
8826126
1369564156
376381360
3390486063
3577885270
128837986
1090135690
3038759764
1962585579
1277413828
2811569296
2464775286
892526602
602310683
3239993720
2497258931
1935188262
1326068057
1610541072
3977816193
96951253
808681328
2087488151
543640173
3543590965
1010864337
2218849476
1814223039
633070690
3274600936
2182935879
966402711
3617826973
1396603673
4274215894
3340146247
2924608144
1618353440
3778340485
3322942344
2734423265
4132774261
3659814999
1046554029
4196579097
3274066100
3339298326
1638664249
2303993030
377892312
3456566973
3784353554
891760312
807940167
1493635678
1771747303
3480958932
1404667665
108757743
666532943
475507194
3508662090
760100585
3188518953
3843456837
1538875356
