3871408620
3540668121
3533846541
743150051
2448700502
2301204350
2865670243
3250091153
3155652956
1621001045
2881011658
231718618
2605661304
3995847099
1090864360
413607089
4192716809
3019991595
952611364
1219827729
3489640590
1902986431
3931440514
1376645694
1446865506
3668446913
634227487
1779402994
3629232751
3075312320
3673275629
1581677212
3157466414
3659926290
3950954948
1198763507
1051182790
3134525890
652044180
275846091
2217370431
2636865473
1151618314
3081513868
2142159086
4096977691
63919680
1307801703
840108722
3506353502
1834244509
3679820258
1044327194
1127886022
1527848064
12364669
3804104081
2374637972
1833555057
46489977
2093525905
3633002754
1786306246
4083962941
1514917845
775360180
2567073462
1544416036
901286549
4198678293
3896096367
1760809678
3161855022
2106049714
511956679
74422664
62434172
3568797998
1975017437
2765482611
3309486511
1882099506
736924429
3697697515
2912497703
3505456192
2362576807
3465429397
1803673111
4214321493
341556237
1963876784
2365650856
3642223937
294541168
4020257780
2588357529
997105564
3999004144
1745142457
3805943837
