1855188791
1444026075
2447366493
3922406100
1927903291
3392359453
102612483
733725361
1547739465
2841985826
2053534553
1185293673
232151168
896169745
31980536
3181486101
3143123505
3358279958
4164433233
103108913
1717057439
3158299700
1737807511
2885744646
174734592
3502238362
1847075309
1833572339
2960731787
1223247375
743566698
1816059980
1524623329
1445116654
2247154052
1633078076
4079386973
603646039
1935931464
1756256956
3473445400
717468448
328447044
3080898222
293674507
3021739193
1838444740
1905120757
2141380935
3469876500
1466510222
3327624498
3779680043
2310404357
1989296904
3485013667
3809633652
258877014
1763018515
4254578273
3468196033
772541792
2258688789
455291439
3823128322
3851081026
1835438010
187697685
468805673
316920526
210321819
2515823678
1422832317
2051226622
1222255725
4065122914
2867611109
1306703760
1251002039
2443785851
4150311393
1761010521
1008839755
3104893366
63606579
867208825
2528807492
4199159190
2583913970
2672525517
1797792614
1587933301
3986423864
802275482
138599040
1733834127
1333397423
2099266395
1660095805
3109388064
1906347857
92407874
3085862122
4055855260
3778178511
4278883629
1162088537
2368497217
3031644578
1748165745
430885353
1574817397
2149084287
956017778
1261511794
2729800579
