1800701945
2197405854
2029639366
2040665938
894552950
552300142
1449253898
3430246675
3803535210
3389076736
4087977469
2266096704
3009023189
3536515076
936298837
3775978594
1029722384
1304485297
2149011827
1935183118
3173138204
2561890329
2519606374
348958036
3748957822
1772870685
4092504400
1671480110
1383515603
2858885710
3786832525
3229928547
1267005834
96060083
2335818189
2044883731
3218478104
223052193
3737401442
3679575131
1799988629
3249249292
419047496
3822610163
191052082
2331856546
443857264
3188100848
1278107441
1481860218
1238085396
2724181475
343268374
2652213234
2578193865
4142341245
372511210
2712829664
875696504
3555870853
2655877196
1797723045
2541193056
1849094125
4155601636
769863680
204240954
3599600628
1905714564
3027410775
4119870706
281444213
3060853945
1553480148
3940350327
3247492017
1972857346
2936531686
1553739801
542545359
2196884007
2292802021
3074017639
486385293
2629702958
1249861708
3878563061
307756072
3591984826
3839743188
1461601397
3575344562
2599192772
1151296733
2902137002
2350336378
1854667826
587714386
3666345620
2730503152
3604864337
380743374
3952562874
3680531440
1615378360
203781916
3998436302
3915350266
1053634763
650013505
493508344
2712999789
2758195653
2383264761
3797976973
396542454
61222928
1113834990
249513396
3204606819
4074186336
1891868148
2048662790
3679858564
3736545779
461738167
2436104003
386671953
4111511495
162659958
3774805490
800617887
1795490923
3215856841
162221835
3008053664
769035381
1767588742
3574506556
1958733226
1452361235
2734414384
3702230510
1058452853
1870512570
3515108184