611822463
1085773445
1288638228
2370751797
484925497
839538877
1241742222
4146439668
2178471186
4153699929
2733675496
2729235387
2073746822
3662276957
2870655149
413976513
1603187901
2840100929
3249081123
1778258376
870485487
2023600061
10137886
812248590
3482413689
1498244228
917942561
2419811980
3745467566
1958306770
1526286988
2833750812
4022987228
1387791241
3047321839
560675822
1594298363
1205490970
4022049426
1185662289
1992259728
3425689119
1508747823
104079722
893323126
1862502610
2334997957
96224869
3721879958
3177621413
1380024905
2856062555
2767860354
1648479869
3185078393
3749211892
939895257
1900558238
2001382122
3588676257
1890729028
1880550867
3958609885
211260477
2608915764
333840200
4126381292
1380798025
3885813346
3826824666
3023403738
97662824
1677754362
1230609508
1524661944
3974713985
1994802557
2849576567
88568164
2478403605
386922946
4136186825
3526113798
966933350
303944721
3697326197
2345785171
3999595561
3113717107
1391264700
981617339
3953850547
795963833
4035362299
1970514647
1799781973
2111972781
2312012649
745988117
1294157117
3957266455
1905221860
767639430
3891686604
3352930764
2551978767
3920505344
2108609840
2147687522
3824517794
3307260081
2830000087
2921350157
3125765629
1330347693
2892283928
3575918683
507415499
2795314908
3578941459
2550931073
3423212835
2245342718
3054306417
