2753459175
3179090327
38659434
4034850742
60852537
1462168277
4029189552
3238225204
2649571261
2350809059
216140451
3673061173
1430967086
2900023464
2690339098
2143919887
1917573630
374532996
2595327337
721398236
2456114470
822909323
1452119735
2117529641
1433011445
2332347009
1474616493
1416240430
3069268613
751730295
710472941
1772208656
1786947104
3368493434
2717432963
3290307953
1196143375
2759565230
129344682
1052066813
2441474481
1307774898
2529476403
2887592411
4247926203
1512563622
3479374871
316375974
1212072162
2000879239
2318944014
3745191534
3774224031
220766798
3957333883
3296093882
2875902308
262216682
1916975640
140105188
2556978242
3456134207
560519539
287967613
92532964
2624167782
939351964
1891906025
2708045098
3391551397
2873154057
903809407
1360443008
1909467693
2968480756
3127607046
3331142945
1955424498
3014011194
1854912228
3126407744
1980255895
2873476042
192770126
1984375459
1489804634
1066574476
153450541
139945345
