2608674524
3029785865
1849543955
1951704823
3454590132
3577929156
3468878632
1830340600
990878861
770891926
523040076
3700891450
1023211796
324844694
3801513040
1668586761
1808818055
2266884756
3346974498
4273897642
2335614309
534668746
2465053081
746781485
2667306541
2402367943
901773399
368959936
1414230898
2163268043
3442148733
4108557170
4034513286
69610591
321800943
3786777958
1390658512
3085303645
2058204236
407249733
3946071231
3525314894
722218184
4206973642
430404782
1717383586
1306373465
3993380922
1281529962
767825784
3254763774
2863338502
2552551368
1780626293
1359153231
125984329
3505380540
1034837513
4063000977
3792803599
781681719
3146856951
2006926799
62506
583443445
3505487159
456062748
2627337210
2304451194
2854001917
1615498311
202827910
229829750
455208198
3702293170
3744072393
2683273629
1150420002
1949749641
3532810468
3138788858
2088507112
3277985334
1436877159
2779789173
1351073365
2133405764
4256585914
2378365325
1629569345
2628415579
2150676590
1348786295
856946166
3144226951
1409752179
1746366531
1554241815
548274474
1959982650
2219237061
2569701933
3441984465
249661273
3909524336
990355607
2758797798
182185075
85889293
1276498286
4067901514
189114072
2468728130
2507308318
1654091960
