3652296609
1335446401
2397513367
2560211223
2224182560
1060184975
1013588493
3607364988
3012957588
1270573477
4095243387
3186622411
4046609461
970575139
3188307780
1437517811
3958981469
1729023677
3506787470
2025607575
3145898112
1586397896
1397703413
3219297249
2698813732
1106233419
1675479681
1029247416
2314152877
59481127
4214308983
4248559898
516821060
2163335502
1817395809
3420987061
1267456715
2060475692
697417617
1919124590
4026815252
1970230207
2939383987
1202252059
2200224958
4126735791
1212685246
1208500465
3027311386
357427250
2739351401
2496442463
2145455500
2762383616
1696482764
958982903
276028562
2869377792
3777360777
1048637664
1039860062
693631379
3124422050
808653259
1511033385
3590320746
660898816
474121388
1600922692
896415081
3586234166
1223531457
1430865282
748326541
3886470703
468549853
3948252311
3910473949
3403532621
343535521
3002877263
3711084941
1415932922
733160876
1901941311
1679380157
2419519836
1705835582
739807559
3046187007
2137713129
3238015630
1310650133
2630788778
614771546
691171754
2220858911
4276334406
3793971860
2518273294
4204415239
2095321688
316957932
3176950493
407837435
319226792
2377828439
82965991
3807119994
3866954988
4072991994
3959047840
4075614715
3114366418
3303118974
2246437570
1492737354
1856808665
2529437407
2587749504
667106952
