3814685564
4149190009
1000576763
2169203738
1249873142
3230672011
1450072193
412807741
1343252892
1168004165
2482980821
1484637654
2702406216
2442990653
1652314477
3593513091
2395475107
3684680616
2517351001
583713328
2578288392
3593662953
3993466913
2633727048
1966389892
439483739
1945598579
1154819607
457427736
1041247184
2814221920
2553023410
2188293459
3273478347
4223413429
3792976688
2623578506
1499449924
2031811671
1753128237
4078187047
3670776781
456315685
3876635413
218004599
4007435763
2522952349
301197975
3779903295
3252340742
2112305358
2621691482
2017284365
64335271
889495696
1398477177
3618276683
3993966647
4215140470
3566571430
2645624204
4066377031
743302096
3947221121
740835145
1743494809
92064124
492995450
4008226202
390094146
