2557507401
1121796103
2935072761
1348135483
1860689047
228497818
3703169476
517944234
2982131011
2647853578
972531298
3189318711
2515378474
1028153990
4027229180
73470518
1511565055
728439544
3742090239
3061389662
181405858
4003003652
3656088237
4055322244
3034690362
3024894455
1932509932
3795525260
3406993590
3111644601
1902858945
4067740834
2304080413
503828395
2290245927
2258083228
1250544517
2576582446
163381712
1107777612
1582263067
4220504493
3924137171
993083508
2529531714
1410613508
3709087790
2347943569
541611084
239604389
1036549459
3051933953
2593666032
3005821388
2850298256
4037889283
605371910
3691925441
1143762230
1559320925
3909271881
120068419
4151214349
4214159928
2274659716
1780439235
3948132039
3886728858
3970095191
3983310351
1363460195
4192586337
1087907749
1340305529
4138280101
3883119863
4057505374
2050144164
3220122695
3739881839
1871614907
3944498248
2343084359
2676597812
3848163582
2448534329
1499982983
268184589
3475000880
4215447007
3798796616
2418190891
16260005
789773038
3489520321
641220708
2810405008
545984940
3559833779
3240056343
233414240
3912206574
3320561170
2532923370
