1498046413
452057095
4222936769
3619481279
2379676030
268093200
3280869062
348855287
4227679589
4063505931
1420188468
1736322309
2144380492
236741908
2365557436
4032600622
223381036
1675594345
1457565643
694178442
275018080
2822327251
3953968967
3326061917
1156582816
14563957
2432719400
111516278
4268707453
2232069252
1722206629
1485424055
515468909
963851970
990947907
2183154029
675575237
2624768631
1428335164
1613635630
2162202193
876981339
2595752596
3044530223
587100940
315424167
3280997965
2889204313
1859467377
2722054304
939596858
2877574836
3994655323
4032256751
4242475509
3210719989
2235173819
2057667206
2372825910
3672010816
102158473
3833355158
1412138767
4249102296
1835836161
996424020
3613804397
3981858510
474831564
4078489281
608721030
1741888307
1392822989
3416630993
1529565180
55414162
2719847771
2744179859
99835480
821660850
858837649
3398382866
1303484959
2951606618
210010489
2225284097
1341261039
598435634
1349383701
1079250200
4271284170
3283892917
358267443
1815308795
2979752721
2778627404
1690211559
2362656431
1039348700
3185525154
665780490
3294994476
1723736674
2719248306
726421465
2927856798
3922001360
4139784063
1626605363
4126015875
4182589173
3042800254
2308049301
3777893956
2678942458
1935730967
3083799362
1148825808
266341203
1440642148
3242243282
2133930312
990803843
3500811616
2366204405
672411765
4271261722
3215762084
2564584088
890719021
1615142665
503277295
1891788889
726999741
4095207772
1124195183
3274630240
2458478577
3298417416
3087545313
1830739224
2054008295
518928763
843052029
3991764669
209542771
2998788342
2811176757
1937019187
1833268615
3754551661
2675851163
4002888480
33411154
3172408578
3407242380
4258403815
1039190287
4287560081
1125438633
795721478
2542740449
2345497318
4244859423
2913141557
1041859464
2529256920
1980395212
1327179760
3959341753
1108234419
874167711
996710062
521748863
1965030605
2132916802
3924686303
1539842363
3628198419
4238149108
1135798373
3772209889
7453427
273038940
3014542462
2976800050
2377473113
3471752399
2223135945
4141728783
477356776
1544798933
7206917
1689118289
4234709057
2765977674
3665465990
3406690595
3901375099
3539435603
1640100372
56690225
3250114882
3889224229
2405305318
1614722589
1284744517
1705417250
877890734
59118621
1973738476
31074161
3129544004
2489061725
1940904837
3710712562
3109180102
2382475055
1962188441
4052342342
2757104603
2929037088
3030251691
3717290876
3822487360
4011160092