3708323749
2738981481
2945135736
2813952623
70827103
4154569497
3219488036
2900306005
3934555609
3949243106
2407606488
180338433
4242433987
2678693157
1504914665
2357035961
1753387818
2527200121
3949242071
1366540352
3085901139
3444684444
1268512183
2367150046
3297727849
1197889857
2246449608
1179039614
2754605353
1540928284
18279065
461614466
1967361552
385199019
902576515
1279604906
4234082674
1717705567
2194966174
1075918377
89682487
1189044550
1065388451
3715914863
1798497287
1609732870
4162281269
1806450930
162059316
4077988053
2694186101
3930266049
3068694543
2283612779
2968528551
3943985722
1077338475
42054277
3799702252
2141920815
1514264003
1120759155
1058423972
343670109
644853862
1977637918
3605861633
1284026673
779769119
316670128
200414901
2484596166
92430520
3053418488
2050515068
3249962186
1838135559
3516856277
2480774002
450083102
3092931827
3391382518
1399757479
1801782690
4089015590
597783446
3853289093
2501664507
3948176908
658111241
1155630689
28501230
1242397894
521837828
960759797
3125088868
794670276
150763049
2559901882
3797380773
3746550980
4207624549
3152954352
3027258418
3977564877
2305612264
