1046861448
71889323
2891345436
3254663817
2415343690
3474456967
2432178636
409279209
1851633864
2292369976
1003033882
3532225189
3472875671
3956831244
4112061877
1132995191
721554125
847234575
2369432568
1828208008
517554111
2205003229
871284239
3098858363
3541466749
4182292489
1577005488
2446561238
2390161292
206129939
1416104119
3396958426
990972440
2005585448
3328760613
807382334
3170187601
1537712003
308644947
1396832679
1988465982
425995830
282833115
3265762742
2374104739
889792671
3101217399
407677424
4025807621
1339019686
1147360679
889457991
2565793775
3939473165
3714110860
766484519
2953269999
4260046133
575323674
1812881576
1226448980
263956758
716898623
1407300890
3222582281
860795572
1137009490
4095936448
1821796987
1105494816
1219303095
791973637
1221186130
916959901
2558429914
206439695
3208573814
1636309418
1735465190
3840731961
1754798165
2213201285
3951312840
2133979827
1311574219
2693696347
3102227073
4017538964
322734780
2418003020
502152622
2328025292
2526868865
1179690673
3268724320
4053969827
1449623075
3741631427
4188464283
135075223
1068612079
2903852341
1434522335
1992235483
1848492167
4067190913
2414926998
1877563588
4089322547
772132178
2882873889
123423248
3854644377
1569919932
3236039619
1169368511
2248495730
2196011974
1669203639
4025110692
598710532
1939835328
154623863
267550529
2280949871
3361534270
400740985
1210797589
395451914
2500193859
458253288
1022267813
3116066508
1331547012
2361251352
2793415130
2803767218
4078213051
2367818237
1353123561
940159914
4125047967
1699878524
3128599711
3430233848
122128122
3915216813
598620923