802406085
4209724551
1191363045
1761779168
3113638691
3091499430
723602386
1902087327
1220055092
1751510786
4056856853
1190865590
2693413034
1825666027
285027436
582041477
2338815075
195658643
12119015
3159290451
3311838766
3110415452
3589182453
4137612782
4041860906
2951063753
1066506774
3083607074
2875369635
3230932425
2077138777
572089920
1409378393
3657565310
2228793211
2873355049
1715387106
3422567497
2166044315
3540806544
2361809319
3632865058
1821745817
1497112642
69171525
1072145365
2511191783
3649017629
2564371085
1489732056
2874781116
3567414411
489841245
2406415282
4070074330
2952822793
1080425942
2907109615
3339374686
3592530891
1323627735
2351890153
4092854949
3232711402
2910450118
2440822982
3594727666
1887660246
224835643
1864642080
919932841
2231626800
2172127199
3281707051
3428908859
2928476196
2610144875
1132173060
4144581717
2008632055
2309569785
2288139522
839251906
248567659
1791175244
3074950183
1688606220
3815378440
3181923942
2765045398