1550529168
3234337436
210750451
2897504048
293859873
3760478111
4149105705
1587250594
2848233865
2834357539
3948534284
2074264813
3472703994
606189899
3949333675
38475680
2972828422
1303798411
576097679
2073395669
2176905688
3016930301
2787211939
3379990666
3204029297
2692869560
1131943311
217168494
2533363092
250096965
870539591
3187550012
2736620070
56452260
1519559824
346309783
1234612580
3060592371
2159905876
1179364913
4185168452
3712842606
2694723670
2831882164
129540741
3608763332
2410956515
3756491267
3073581079
2812015514
2854905090
1416406892
1466326652
2779377501
1910702203
3418564065
2095531762
3571547030
2586925257
3383409149
1641522976
670848290
2369632703
2872937239
739820150
322332964
1449815553
2785958410
310886624
2504697676
2310364380
2537258543
4044534684
854208901
1635522134
721823105
99433137
843878100
1129705970
819406551
2242965660
98029533
4288741035
4158787590
143119142
3487759012
