2252862709
1625578559
294502437
2404473887
2525732426
1548266471
681029196
2952999356
3046009672
2424450773
296997649
632745968
3578862655
3618836849
2910465055
306240720
3863732599
3994238334
3378845809
1881002396
1684915755
2103967726
146359020
943051769
764597078
4054522955
737119981
1986998629
1575053710
301929101
3484483024
1361589953
1013036875
2904539392
846501298
1356929480
3499020658
1952813015
1817262923
3209087150
2026198112
3090958395
1884849166
3886606327
3200032764
3653281444
2397262588
1281647498
2711881737
1958095604
3062857345
2629422006
4182952088
816209200
1388797907
261788663
285226207
2523263361
3255321577
4171888938
4135149106
587256650
1192001954
2459104903
1620607271
243032795
3375971220
1562346180
2946592775
1972228296
2814384955
847113427
1619313354
4176835427
4208619947
3505541974
3422440854
318235670
219742890
3984499340
973339018
2721930172
492509547
2565439968
3502778784
2236403401
4120675043
3221673340
3397272499
217036546
3778041020
2639929695
2641646900
989158393
3434415728
2327043484
2449960639
1219963864
3924648283
70962117
2286438737
914419319
640661933
608536824
54011447
3948596260
1285617962
2792492063
503340171
2160456942
2962491263
1205326986
1725105504
1357767101
660262396
3753584171
2418239038
2672742812
2639602368
3760615349
198347053
3801770537
1557517897
3508449141
1822075287
1938748086
1725502847
828479524
2603652917
1362834573
2321990456
3688956547
62226339
470294004
3486793427
1311187682
2065627986
2670455887
1418865227
430397074
3536726509
2288343285
877753089
91197466
2572127547
161931104
3390963327
219652407
2679859990
2748716529
2311714317
3228067072
2589322856
1631637879
533524002
3372967197
1276094067