3712931507
4198207927
2945413580
1000811058
647469804
3759666647
1505755085
2746447535
801490390
2482874184
727472737
3797019108
2788661935
1309096975
2231192598
2125185432
2571607732
432500151
3374719817
558804465
3563600851
2005695316
4141953988
555404879
3268888049
975357975
3155963296
3313890339
3407825792
90097132
1502047427
1936923034
2072472765
3681361414
1908160942
38947396
2451404946
548233107
3715695870
1591337043
2850949207
832742477
1752498890
3482047098
3964369447
3424377003
3849889653
1942821843
1124126387
1526535614
2563491621
830403576
3282103225
2856944851
1757774282
850117031
841413490
1382404387
1313221672
2996349158
2118506116
930219527
167512073
1313826444
3096081993
1011506110
3406396481
49865959
2701667662
4224906918
3879206362
3684359372
642084644
1749276004
75597663
4122259870
2251235211
2309719757
2961582534
562633434
3897920188
1945307315
267497688
1641561659
322369301
186314659
1149339085
585137355
414452255
2424801009