3241502790
221901324
2066851772
3980571804
1093460603
3770919339
1601203008
1524954628
296612000
434796984
4274103039
3009362158
2634864449
3324742979
3063329837
3326690462
4104376825
3744391485
1656013431
3671048547
1004468235
175506308
3293302610
2199363561
1197390807
176317646
3935251144
3921842417
1742176538
1101687025
2134030312
132122714
4010913700
525484592
1762950659
3620537487
3671951031
1697158439
1115355126
1833437756
3369966793
2573607463
3713432913
2977289343
3932060277
2859772825
3445793291
3484118461
482147085
3710482544
1556951233
3762557574
2457636032
4121053661
2272120142
1806253714
2792945395
611661176
3125471064
3557328639
2542077659
2454776330
433953326
229259719
2664477665
2960612643
340658507
894936016
1137284761
2214176429
2565312530
2515900529
238828421
1794430721
2610720898
4199373868
4180431397
2534535778
3208530820
2371864532
4173375968
1267445813
2649095163
1118988041
2423297645
416618510
2676959230
2483478983
625214780
2635790322
4152211254
2901629939
3697331669
1492029156
2345450112
2357298318
2235572964
4073492644
330331966
1179354109
1512055386
3057769742
2901512293
2003196322
2639141508
3274280788
4096132007
4146499139
1002658178
3167648166
773225193
1377874533
663326351
2692719514
1223248429
2885734040
454927995
295384677
497199510
3553066004
1162427134
3936971181
276462885
3385561005
