1246494322
2454309529
3449881134
929367335
3284399093
4157106062
1659334328
2330854997
2719612645
989015562
131618133
3994196547
3965501303
3705719816
856643235
3047371619
2097291080
1919408637
169781445
3391411448
2444559285
262981201
3913121871
1103228358
2092486924
15018127
1464027483
1540667858
2201141048
587624045
2080649199
2822226475
749813604
2447993775
1760612852
134771338
1558122090
745448538
1239887806
1043410381
1880836478
3764483889
63044279
915444096
1058494348
1210677909
3153804368
2441338823
1686130706
2680833236
3393104228
2425706837
2264131856
3755915404
2750459047
2801608102
1555745672
4019040134
3026625188
758162639
114007869
3597238498
3171730912
1138344148
3978105096
1748136234
3144900057
594807818
2684750662
1099258147
1222532464
4149204789
2588944061
3429633659
682097244
1826531942
2470733161
2257037877
3408982718
295367605
1489411624
4132651075
2938850764
3814931186
4099926646
2778275081
3947170089
975580317
2093493473
3003980887
82353605
3535126888
717584676
1618900080
3798050645
2152749358
1046597515
2847277956
487492388
2898042620
3264313935
2190343327
2784335943
3350407019
1289010448
827182175
307216343
2542337975
4054181460
3982871818
1370928258
1666123017
905151137
526765529
4267112134
422080150
1477309281
2251542132
816492375
2674842065
2280432681
1336039137
3708248105
2624222281
1845038497
1607964325
2485850098
3142603623
3290866265
1397633593
1616461375
2065479154
1955509107
1764258042
668246770
442027787
3511399381
2465909657
520943522
1431490813
1330068422
3980949644
1361786629
460075507
1742120962
2703987306
1294750071
997681786
1118673856
2997215067
3537471110
289402855
1253716943
1336050363
887550392
135882136
409665468
2360945368
1439189872
1401315413
1289176449
1928891080
2348812453
3676795217
2517907990
1224893906
1973476665
684418065
2915512018
856487345
3724260679
2530873216
2819253324
3743177902
3049457710
561113047
87252060
3834002016
3474468202
2882161830
881895312
138822484
2850594573
577960006
2870264757
1957156944
722759072
1690147585
665270247
4094877077
2256988428
3140454279
2440324207
62333828
3607183099
3938380697
2263760738
3284034188
1978516825
59379827
3210474047
128516575
2493644787
3766762781
3886202460
3908709657
2961713515
439734149
1558711380
1492634913
328829194
2787051244
3350002856
2066703135
2929830452
2092243822
1575585179
1041967649
1374897796
4057061558
2052280247
3458752983
1524148052
850132797
3873237827
2288949292
3236862004
2173479380
1572103069
1907831274
1204217631
1290009662
1189286772
3177766661
554191507
2051924401
540512695
3414729191
3549884597
3600536272
1172966460
3842451679
252907621
4126874333
3161566839
3599342712
2394005354
3663790936
2627774436
162319811
1112688206
2839434691
725875568
1405040172
4139522574
3199010841
3798064814
3296748393
2858927965
3434090252
3727651847
3544326107
4190621420
2156862695
4125138440
3402731161
2243575292
2559498133
4137645199
544946771
1217000481
2958638563
1338681729
102408660
1967086579
2193799131
3553451514
2509956987
1663681996
1194664031
2720554664
2436777487
3442668121
1923333991
3937604513
1011839582
273033987
3185735449
1784242619
2238627189
567272162
3612398002
271173554
1360251007
3945955087
3972121356
2704479313
2513444497
4216378283
3741886390
1199047970
2567189850
1026549795
1141915418
651597539
2384929636
4105709616
1661967986
2757842407
841906110
1256974
284330247
4287524755
3542159852
3992518451
3044913566
524406753
280826914
2440922630
998992650
4107235684
3315442829
1161609037
1255962213
3615697765
3789822075
3461312602
3579429679
4036455928
1077965138
2334904932
162388776
676646436
1233359098
2710802191
1328732731
2729268100
3520936104
372080887
1341075166
2373471519
2136163150
483679331
2043497249
3353469620
1272400984
51595076
1768023510
2676308692
2680910942
550061271
3387741646
3926504408
3068209609
3211380516
3118978047
606202206
852549976
1109975560
3703523668
496818815
3321479909
3916047380
2733255780
3263369076
1290915282
2658360087
3584918777
94786716
671252323
76901670
3109479390
2279662702
454218645
3105398689
3908711022
3637749258
3991852241
1935725052
742937970
1703439919
573861849
4252457820
1710379082
2153187672
2953958242
328571095
63460048
810935015
4199758670
3526625362
1557325705
2590901752
1202490941
536157424
1357332588
1645415701