2591379412
2121090539
3342888334
3229821991
4099296208
72483296
3064869370
4102165004
793843575
2156460274
453226594
2717316318
2692892493
2250555530
3800267794
2018435546
2863014947
650396117
830646941
1038169108
2168139514
3166976971
1599375049
2298988157
1999966335
215568367
1661289004
414226607
71816542
917075332
1889434100
3930852689
1054264295
1703050558
674297946
1507792472
3333849882
946447529
3441238986
4126798777
511841566
3112208832
1848736024
752655902
1485855070
533854906
4112854869
3976759609
3774705675
2321483342
1473115522
2329105021
906548462
2317860096
181366363
2464464734
264850897
2571719344
4270764491
939262405
2374586082
2280674224
13090334
688068790
822066423
1263344759
34027590
786830959
1546466858
2681616931
430064325
3209703219
2114153164
3000268688
758355272
1223635435
2949942327
2008222517
1779931081
362711397
2061118303
1612186681
761861826
3076508300
756824246
3400199705
2806831287
1732792703
616118675
2177315486
969696496
1380441787
3768366619
496660991
2447728541
2922789329
