1823155424
4231723975
95998914
1603035336
1509486860
1398134958
2374294063
3942875566
2713927746
1718832431
1297548180
3435392834
3694942458
2013905572
2909039796
1702907724
2879369768
3507984301
1290427883
2295221232
2790517699
2194046313
170091758
3251323157
3932747602
1608157024
3500384882
3973601020
2011295123
612010287
4165706181
879517295
1445519564
3274223218
3806541796
3139666055
3298506003
18377356
2924837398
2119746835
2388217724
1376660033
2512037495
2758663022
3320732541
832841813
2365656821
3022832181
4094897039
2230640209
3220516055
2647747773
2466594051
1085447366
1635561000
290877883
343178320
3234245713
1197055680
1532797675
1125109706
1540903253
2507331852
4281924172
3173885166
2426106026
3312900685
3193818636
3527149936
2630185284
1657352791
792888387
1190650646
2125288765
3139082153
1255479826
2624218473
922088357
1226305067
994240813
1511793400
32141055
2236020438
