3415649816
3645160034
3756147674
2756679782
4066246956
116157967
2239844426
2165857745
2808375718
3209678985
933407694
2461820203
3832910366
18018310
546366456
651084885
490789289
447939371
3763879100
4012714575
3351966172
750480888
1120205845
1471661503
3659298492
445745919
1864798633
3361920703
1972108213
2413685765
506184903
954898595
2836198446
457003771
560675643
2595510333
1478021739
2055523233
2820346912
3983519026
3178673108
1991281145
1013086773
2044757762
2053695553
3626610484
3526430873
572556379
2287630737
2427407167
186738628
2199959184
2444850754
453687461
548281223
2527683758
1294371127
1407204920
4172953863
1641812672
1895690299
1165915864
3649997004
789278010
3355865189
3175301704
879997472
3804590066
2609998296
410267014
694612012
1986219420
1822944020
3361532430
1992064091
770346684
3409247785
575901883
381190590
3649989643
3563525171
1363931165
3572073867
1134566109
3496169468
748672031
3839104648
508292569
550664875
162001975
3109927519
186685132
524399592
1506435842
1983292889
2562135090
2896298639
1285767884
2282195130
3454513330
2280516275
1150637291
81363723
895049975
3795229150
3589728220
2228307682
3088557225
430849663
431170980
547472674
2206049179
3424653517
3990282472
2575708355
3349783137
270079256
3140081489
3288333398
4083067841
1706741563
2134382422
2108366039
1734537477
485009246
3423722215
2314756512
3422183542
2502619457
271582740
591520902
1896192359
351444762
1050151943
1880953907
1061846292
1050744220
3077481503
1371244392
4241031259
1879814520
2087895067
2022302680
827570088
1878270913
3085806775
3672993830
3529394759
1398162974
3507809699
3042127108
308347781
1131179136
1115442998
998132299
679005864
3423723035
1480265390
455079091
2917615150
1883771670
3323379350
783910876
754346592
1755510954
2206350144
1176494412
39539195
681783031
1543571505
691821423
2050305108
2974008049
2489181657
3747710627
500743964
359130619
41297756
938721479
4205061113
1620266553
640691442
1643344639
3726305862
2552861485
2736744418
892631934
800054324
428112414
2845112311
647249043
1006110269
1827516958
3605363617
321999344
1061917783
1805483650
454214220
2106305156
4035290304
2122640566
3819329832
4125580282
3354783871
665753084
3126293839
4132086492
1336527242
921871792
4099898037
1163601939
1981203916
1502961573
1415504957
1158673499
692412978
398695122
1740089405
1993080640
2463419420
4101712678
3470055486
597351636
3550119389
1873534549
1409395823
2356631363
278022460
439489434
3544603799
2611317929
2639288242
1685242977
19151726
426554266
4162797629
3747767277
2671800356
2505886391
286657755
326421850
1498968331
1211089877
2673107319
4019016904
1719986790
3853341666
3922005528
2086084948
3699615774
3213231799
928610809
2557884777
525212664
3726189904
2316766934
4131672716
3056935404
3937047803
2794741930
2772803770
1231180044
2011563200
1756487283
1704590888
4118370151
1144703280
2881744302
1003731007
2294745957
3595371771
375972795
527348459
3110828318
2094030051
803840821
4061880701
3442061428
4134121615
305386573
896706394
396366266
1116171642
2810199603
1913715353
2661987467
4086296803
4018256794
2241297065
4073633890
2587484582
1565848220
88646926
3090050616
1692339487
3942568984
1341671212
1544892035
1352524536
3828841472
3590551216
2768785878
1451352418
553126409
4149382197
3025238
2632148889
1308475106
269309055
4173200131
3842348227
1622398771
3526588010
1554055305
3569770282
1988060009
3180868262
2540261170
3996312022
71000918
554357342
3704805749
2163580676
4122683036
2125732774
2661172260
3666357144
1723259399
52007010
2202663679
2462682375
949815303
3895010705
3058865054
2952712959
3396742960
2445722663
1584858495
2513687683
2820976753
584644628
3193546701
1874398982
1378266768
3758746138
521791413
1512667894
645226731
31786611
3160912293
1651101303
3235947920
1867380510
3310203284
3676611663
3260619069
1253203354
3701715614
856066029
1185911921
63869440
2877917392
1567381763
4158345663
3344280830
2637243799
2250540907
1887927536
117132873
2013916081
918621467
2138447422
480804117
1488113402
3644735566
4077941499
2898383373
2125209517
351288671
2580015378
2821960740
1038735760
2934758709
1042410331
2632529539
1722855636
1125808974
2004260484
644629584
2194376666
1267332648
3741016177
4074923358
1022329156
1285203934
2109043555
1968198729
2794593013
3985950185
3683769588
3215120188
3180340178
1741782253
1708952797
939052636
3501911722
2879867623
375173615
3871069924
4155307504
1728495828
521146052
3997795625
403192804
257601405
281926097
3426819665
2544171470
2223308174
2384026684
1538178429
889869443
2208552386
377551316
2781539999
3986483002
1219546505
1296224318
145967535
2526162196
763595889
1526161311
287028879
4119369340
3606711958
2907007123
805676107
2736362625
1690909452
3746900535
4196600695
697283478
605507856
547943329
3474406315
1970633120
2492283799
3871327959
3545754689
1439514001
4129385323
1138513717
3199159693
4192176632
2040827365
4026483443
1474787843
217645584
2457390456
910458820
3975954604
3454697938
3501419692
231965284
4151934553
1421848558
54026346
856255606
18654913
721243955
1220819529
181461124
3982934875
1837655614
786933353
531361166
1987138195
3355863110
2358920771
712807147
1825745066
4278201841
1571684233
533722269
4118017166
3226976228
3493480619
124961979
1779371997
2314013177
3845282914
1492653894
801689339
1204995243
1619469582
4071148913
3475271072
784629540
1256453064
1788797405
2395062234
424697768
2532994789
3862402826
3470378162
3366706320
1735631404
2306846041
2603087868
3490354810
3160500107
2457911180
3964407686
1472085438
669192619
3282848948
254200805
2715647824
4120032517
2258364203
2741945536
2932168116
1876822350
1543080426
1562107387
2695675557
3559747343
1067924338
4192278919
1189826612
2427217808
492202525
2070883948
3188466850
3264267544
2476962361
3370314355
1841590267
2995559378
1412142160
1029457955
3314652636
330461058
3577119136
525534328
2741805987
3447184396
1130971041
765090446
2844841523
1747668888
2124531497
2579619782
4282375204
281111203
1032841865
1619537241
3964797207
4113632259
1773847657
3830207671
132196053
1788090724
1084893594
3627246614
46514703
3920951480
2536332362
3709405018
1078522670
632243435
1746542916
17268455
3121417561
1889310742
2912524014
2816698838
2170706930
2945962045
1513491103
3168250601
2738028465
2751081283
371090446
2405070306
3764705726
4130190734
3668103547
2082846262
3823738685
4177566070
2686279017
2421708720
2987810782
3530662396
597174601
2474926166
3679806619
2043309481