1826406706
945020120
233821893
1721538983
4081606198
1756918233
3977545701
2689616936
1311594209
2722731512
4081884185
2952332754
228528523
4191109377
1975731801
1881340452
4160618038
863304788
1044107885
1560741963
3722871706
1854326035
46237125
2630961090
2530059098
2491637479
497427409
237180416
2240997694
2611087030
3686670404
611159174
3706321932
1923036838
2502957368
4102873391
4051076490
2652993322
2711486141
1913586689
89462108
3657393603
2345910267
191968106
607848313
1279582692
3810476495
4226622062
974866420
1292123309
3030648120
4271230783
3859887606
2588591546
3660385138
1840679090
2192028190
1691926205
1002196131
1168522332
791556808
239544652
1869294532
917540291
4094645338
690245386
2841507098
2674735259
935678658
3311847181
2419859870
789713988
526107433
2043231642
2000033149
2202528718
1366215079
4221182633
2101922039
2847252290
3055226414
1131952849
1287015753
842543342
309377378
3514579507
3463828474
962324628
689998440
324652124
3513548260
2211339011
3579976126
1931368266
2511550642
3654684503
664279544
1065280304
3530780090
4266276716
4151640119
1009740514
541203164
1062930231
13044208
3052639745
605680988
447152325
1841564781
4098268181
1223692065
3544031412
55098768
3406829563
544470882
1050878935
2313311880
3677484255
975607184
274954784
897324477
3461027509
993907613
1609380809
3934491061
926450998
768552154
1813071047
3250687925
2877668734
54542121
1129836221
1004199841
2799504112
458257839
3216946920
142914584
94398310
2370995078
2739153726
2604592150
3800348306
3684467819
3592756466
1430904518
2662715490
996259252
776344794
2943823923
1126741759
1294457929
158456997
4123223113
2461069850
281055803
2744692647
3578428488
981624948
1238718942
4073338602
614457258
3432236474
4152288012
1591769863
2219140529
1291060424
2945114739
1947713958
450550656
2795929652
4198506101
3514922343