1509311178
2423497334
1455199332
989925363
3847568337
1111558312
2409077958
3984382629
1597208848
2319890804
2426684207
611375725
1830479884
4282817162
3740887686
3333755485
4014185302
559189904
3217383912
576416563
109977416
3297720895
2361142065
949048400
2137969378
3446992964
1457589833
347629926
1746070715
4246012028
1160593160
4035886899
1649110399
4213056185
965829453
3996361975
4074143088
608099667
864700987
3066430478
29701699
4063565597
1747656308
3623654016
2058190034
3334104401
13103689
1157205067
1483250097
343295957
2869571262
539667172
54487279
2374780845
1874087700
4141261641
2837149769
2547689043
1398531682
434467845
72103709
4002242538
3970141664
4273690706
2688781164
1833505255
126152498
193303539
103249578
4055935285
2860275083
2923081432
3375468825
3916677121
2277233843
2966451430
2827559597
2097808434
2082317171
4253414666
3242247098
1988055502
1014451043
2827761974
2430155460
1001801490
752546566
2362327087
2468704114
701467708
3006149283
3633834056
4080404245
1655950463
1061903713
3299465810
3877602975
1386688534
2326121611
2656034094
1174742844
1836009154
2503223421
2026707281
978352563
1582618975
975892993
792693159
1197141797
3200855865
4067852651
2318245413
135790889
592695121
1225315463
1608627507
1273072958
1572753583
3662188314
3480918823
1372262538
334833225
2722610581
2073407562
788485704
773148544
738986948
1171392280
3995374792
2321718730
2798943100
2534703590
3652080493
679465812
1480334789
459303807
764748483
1167133987
2639766040
2869758095
1379311509
2476164971
3216572519
4001165031
2565618733
3691368081
39838291
3676356280
2327679317
41063369
3312479058
1540341751
937418499
1819314394
179701714
1795141324
2044445465
727148023
1440693492
1846322848
1458269248
2273816315
1097085556
2891890666
1965173633
3934143157
183006991
326237575
3317633877
2591608157
467981519
2654157885
2281558838
1010152899
3454769295
1451688644
774074382
589070879
2408254190
1605696178
704577292
2279312164
4054428474
1344664623
3685253564
928990926
2272454144
1067105608