3274658694
3865427453
1902600815
3561218113
3675186441
3394946759
3117660916
3142710987
1629077367
1364692432
1536030178
3932962652
2325768071
906115133
896812760
3006177978
3320907562
1565028456
4165255897
1739697216
3913141774
187330872
342840899
1657893769
2131372767
2950256242
3581155653
3034518323
3108306004
603296399
2730097661
1820244795
3867421010
1307968124
1458179520
3132187412
125703533
195738117
1350068404
1206128348
3742254527
166204961
1004181882
1690450650
134011482
2110629149
1416843843
1468113496
1855094226
66929671
2399472817
2988341193
2700729511
1104453204
595475655
3057803908
3344113286
1283265602
3789387124
