1543556195
1987167842
3131564542
3215899430
629462754
2843094223
1313918196
605000680
4117861291
2856148656
4165110763
3040770615
4114124625
775891970
2827226957
1615816095
1610267453
1504620642
3816466636
1658159717
2781866716
2782152214
2090775141
750068941
1241829041
781212672
2570758842
3730455085
1583313054
1367085836
3234300065
2944938753
2683483186
429965123
1078923613
3419433984
206946742
2794620312
2720439036
1130984297
2511301348
3469230261
4205265492
1877007482
191686285
3382084786
2769531220
263939696
3905254728
1100238216
1016301461
3555005046
570788391
1029064783
4168006274
3069288979
2651924613
315442963
1432433399
3024051348
1701941058
3130063747
4066837948
1335012295
1416138275
1138327428
2272732849
3134192943
1098048301
2963986957
3670990881
754015329
721549920
3726503343
1559354089
1549672930
2443785214
2321643466
803846386
1309653458
1800283757
3299898864
1772212023
3884484972
