1218607411
902422607
930710594
1889692418
267822701
2792280672
3981884755
3456014071
1527938196
3999394426
1538613815
1958654367
2413220093
2052020604
2997345910
2615596414
4115222836
926758865
3680760075
2250173544
874248721
2314235016
4069082768
3564698311
1724695423
1014203429
1495907246
2736880297
3132980078
2656662713
2488134697
181461416
1772868546
2350406535
944802715
3636322266
4047378554
139722359
3776271629
494561707
3640952783
3059493053
3390208005
1321366966
3841717403
2243040639
3835497537
1528056671
2529632877
719322407
4123277611
2814967902
2733176053
100935159
3556431853
1296138694
2637925889
642420404
1342866467
3467671433
461701436
3486323291
146436620
1037555881
3390122878
643408026
2634755791
3642092944
3959135382
3506031055
333970575
1739453853
4056191451
4078410366
301461835
3316426261
823471200
75632783
1188813834
4274102194
3634788146
3106456497
3659622542
3325222885
3921902524
1671068821
1973547200
2587448316
3324308698
182463097
4048630683
2229941430
2097401438
3506896728
1989165882
3085653849
4115383750
2544149801
2695461893
3481270479
1362047853
188905313
4150208719
921181701
3977617614
2189152183
2747227784
77750841
688279184
349570917
2085583654
2179097373
3512063649
1329629976
3193584730
1046905519
1587607122
3669595614
3993620038
4083810554
2651271902
239683332
1157816472
2585641929
586505110
50921159
653243651
3728073271
23166532
1701745686
272955114
3525866029
3635702663
2261233953
1995496135