2174591893
1657841732
88205903
2757636076
507083775
3045098155
1151201943
727110551
2863304144
4115773783
1714045127
1405952419
2164043096
2085799267
4145011728
2099628531
3209865465
3933007464
150432941
3645606566
4056296539
1302973191
652989930
3682969282
2304189976
2006131093
4229394483
408555993
263547584
750389287
964843011
1672035817
477304365
3113996509
3230920754
1822173903
3580267969
160284347
3468710926
3568086959
3361971695
1296683948
1008528382
1707512654
272110494
3046191839
2565096323
1256416081
2943423749
2519066440
4045866527
586012891
2699411175
1365797945
794589287
2497809727
2726090073
2964758766
700644522
3569041216
3580611413
929304037
3698859760
2965047083
1311051142
3383856605
4076916843
3848586252
3744215177
2628539419
1421172463
3548118605
3489603903
3885438298
2906795283
1824643705
864690804
301965429
3911191254
581963238
3365425826
2689943992
453964234
60071379
2317831068
3343708781
3420415264
3581660163
1514798385
178504023
148605627
3749660930
