2793259696
158515578
3726776668
3532336045
2616688605
753663651
3140397751
1948257031
3831753891
1898348161
2787393029
1435992104
3428979813
350998139
4137365443
4186124942
1354230702
3124840376
4049975944
3070189028
1016701120
140794444
1360900559
4095308327
1674400441
4252465595
2222094206
1033769052
1798062892
970359087
1756679982
2172172107
809832249
2283697897
2195084235
1010340773
3183921481
3457398147
91885147
340163117
3074119368
1165380997
1299940007
2438645526
3666983974
4257039301
1243993090
1634836219
210730887
3072783194
3465368387
4006892635
1155310767
3046070305
1771295060
1327161849
2810146643
3785698971
2722490666
1090602310
2484350277
1107810292
2510364736
3824382751
2119670570
2018148264
2239377888
1916829394
391007106
807867045
3718993361
2798370335
311732147
2379601705
2934677808
529689356
1617084684
3773223829
1769270904
1832841010
1162703599
2595658402
2332048738
