3052383730
1320515980
3225810740
2695383294
306378554
3516137252
4234526054
3232427274
1049882670
2801089804
183693655
3152080019
2058797313
343405892
2273988841
1452101741
1727288945
458368178
68314657
3424626589
1961544723
2459686484
2804553252
2764907647
120065553
3170431113
1186819487
4148202853
3166553950
1597413904
1805869556
3500299853
2098664438
3186184643
1814094394
280037938
3905595480
891678611
388982447
1255814624
181004549
4031814742
3088482999
1785410785
3808848852
359410279
471337728
4045350428
4108800377
2213512877
1092020308
3802409614
86903614
1001436413
1318310728
3443272877
384919730
349917772
742103384
1089124626
1059761890
3389952981
2856763821
706717568
3472792599
3778149198
708161932
761293302
3489306391
2896481712
2410120283
3288444981
531104582
1685050495
2613131653
850099776
381405480
543708835
3247055096
2506149103
1361451186
3350480893
443716952
362190976
1116689156
3537498495
1624066774
2575965762
2192312639
198577754
3638254059
3965435815
3056277148
3569466931
3809672976
1457230202
26343826
671449691
4282925677
1688420974
3664593786
1045467751
367650895
29654080
103292145
1954162269
1088829197
838251204
3083426844
775994450
718638675