1356593261
500202931
4077097656
3055636334
2252568938
2518953631
3635182747
1584424496
396748297
3734760922
527304406
4121100636
1769240131
1461579729
4269979700
2927195738
1062298543
2980954277
3850234430
3085429242
3157486092
1846477226
883429006
1137445400
3498532031
2585990007
3173590793
1886834868
1205832322
3170763096
3582042893
3847711553
1605143666
1983458062
3787380572
3989183951
2279733518
1846827864
2557088975
1781394221
1281992007
3962972935
626592462
2065122162
1842975904
3689084470
2328386447
2408484877
1295795772
1666422456
1325943617
3273207784
3208286442
3953644733
1752816443
2063401159
1210285568
2462525694
3187848513
775739403
1426772932
3687307446
3639657416
1880930534
3235403790
4143744304
4008978467
2237021455
4216207498
3393809432
1942917495
1833661989
205163930
3829183158
3299040494
2196258267
100319622
1770228639
3471685938
3981936118
4151766599
2863962166
2403438836
2911711124
2585857842
230032515
3503091462
2735940754
3437669624
1484847212
3740136168
842486807
3302490892
783009314
2650790419
3367723291
3962385392
509939346
1559164933
3193819557
1299662098
1520777938
1355058388
3110323611
1364961467
3730057778
4159938144
375222318
4059149450
400650774
204729728
2115892078
1008203531
1097503820
494615581
4088113517
978986983
4925108
3533082073
1182326380
3056124707
1098020774
1092149295
86459300
3622007594
1120317492
3490582409
1180307527
1045695738
1711793894
1781742294
3618225182
3040278773
3520970802
3491550764
2879286643
1714698843
3585264700
1112247013
3485721058
2050932267
1402963368
3957855237
2463489831
4194438078
3971722584
285763568
1058657231
3264563695
78934098
3893528110
2336109676
2755572972
3677549738
108907305
3532063939
4002583175
1016369297
2416405283
1098584694
173686811
542153173
1173434398
106715984
1807663145
3250626576
1287960754
1974032470
3581641623
2669523224
2322966657
4237295597
2582022544
143291162
1858987873
3621025237
4023686723
2757056912
2254788834
3929241775
2742687167
1112312123
1716646805
1655058791
905000824
499239510
2955153020
2174685788
3778493401
1645089388
2701641435
1447820246
1893680458
3754080754
2166818337
714905276
1367086870
3418274495
4180258576
3330408043
106920364
2441314972
295403741
3728419914
636500998
4189412964
610001553
3138592854
2375728672
1829717233
3630213267
1448643526
3485976306
2667607705
3526047246
2833167463
3098143439
2687383595
3272107340
2607064996
944233756
3975840308
3308149097
910944935
1503660918
4110574887
3590563363