3051431500
908698647
94620914
2585277148
3274658694
2076559433
3865427453
2215314003
1240705144
1902600815
934924974
140801511
2758804673
3561218113
3675186441
303324874
4160056410
3020363060
3320276407
1562840975
4082150369
3394946759
1422647179
3117660916
3296759184
17887047
3029592085
3142710987
1629077367
1364692432
193596658
1213595868
3471694937
4264107736
635585756
1137975357
1536030178
3840857516
2515331442
845340144
491233778
3174582256
3652686585
3932962652
3611617990
1774913363
208305089
3812371466
2325768071
732393078
2720703035
906115133
92833571
3229506812
2932374125
896812760
3006177978
2133576472
3654053252
3914512890
4118182836
1006027817
3320907562
1565028456
4165255897
512099263
1739697216
1560860639
2176343017
3665073172
3099592342
520220262
1992917748
3913141774
2312795667
187330872
597243406
1517481834
342840899
850311121
1657893769
2593729732
4006838822
2131372767
635751476
989965276
1633244789
3779848554
4090826614
3160080837
1788157122
2950256242
3998129563
3581155653
573934262
3482608709
2807770587
1999681763
3034518323
1544491908
1314068167
3468241869
4116359189
3108306004
3905645375
603296399
2730097661
2222380348
3271400376
1820244795
1208201820
1924121449
3867421010
1102644826
1307968124
1625137800
2860327165
1458179520
1830361669
1973937948
3132187412
125703533
195738117
1350068404
3524375125
2781599206
689957613
4171383235
3290360586
2606402712
1206128348
3839235139
3742254527
370968605
2676543150
1882701692
2203297783
166204961
3654403142
3290316234
1813783010
4248123662
1004181882
1690450650
3494756489
2794710331
2352433494
3055643276
3083171940
1575706387
3512158878
134011482
3589343692
837039837
2110629149
3476263862
1416843843
3565019000
1468113496
3382979883
1002886398
2905332504
1855094226
925951614
66929671
2399472817
3164458589
2575085849
4073207209
778685177
4281798547
3063800555
2988341193
135227890
2700729511
286278744
2846442492
1104453204
3862892815
595475655
3483629817
3615774463
882986368
3057803908
2057488748
3344113286
3626389908
3028964979
3803053195
2251648597
1283265602
2595849794
3530415476
1670612223
735984497
3400465568
3789387124