1737494952
2930428864
3123844090
2374614617
3979820954
3151889681
370171979
1026869907
157071396
3916028842
3731608833
1574742322
2466296417
2217090803
867271418
663628083
3860915223
3285787275
2082696694
3417760949
2215689751
3752964863
3062464808
1943358921
1685922511
1759266458
2494923347
3273416521
4261573308
3062078271
4131785891
1120447588
2178102727
542106648
3173476247
3295114979
3438276006
2870759580
3514695252
3019662934
3200829634
2531261086
2578829288
377573515
2576814964
75560897
3361635060
3058967258
3397681004
2373162495
413720045
3698030263
554692746
155482657
3614307479
2384004675
439295166
4180472250
1191775523
1601721773
3599055641
3250394451
984448528
33309803
2586898265
3854837940
400831774
4179912127
3080146779
2849049563
2435091348
3581487437
2645882919
1456695555
2401543136
1579894178
1393182305
2905226456
4061621597
2710938665
2130157276
4131607149
780719750
2561834575
2419392080
1390587817
2193188530
105354816
2227123189
1929235273
2098882485
1215318555
1426018967
376808149
3113248104
220749161
98115111
4246952079
3061697529
1171554913
1556453042
4193484459
3168585738
619179104
1333607491
3847486427
2589681822
2671205552
1599971381
3861731133
3806535938
82394099
2371412375
2797208592
2191037053
2533410780
3509526658
1857015003
3009866926
1586251432
888589981
2706067089
1805898596
