2100355704
1591964520
1051757641
1515418036
1955853823
4143981551
343606030
4031597113
2830811041
690976586
4178912358
1599106400
2417658546
2937348848
2052124756
3042624624
907794992
3504136734
3891986506
2262905884
3561861722
2778257468
3461811969
4254009512
751416860
2067211
2538694016
3848015967
3429774231
315457792
2646202663
1785822354
2689661625
2105099872
2433938821
733148265
3314098786
18761748
2509271687
2711541505
2898542955
2263581634
960427614
925329154
3937207081
3572391189
2824432082
3615929438
1416938956
1721166579
3007262171
2336288410
859253599
3049956690
4260414563
2836907560
4264602657
274449806
1438033553
10212130
782850503
3899479922
50396530
2204831318
2385919015
3214043186
179381269
3296651414
217526799
1447752567
1277627880
1537986977
319466241
1260849765
2621724060
3977147594
1005731947
2882626388
3172224976
3697070983
456304213
263794263
2924509872
3183201563
3774369447
775678861
2663166880
3605424786
3171011498
2239982226
2771242258
412327020
4037462844
2889747591
2514589060
496238371
2463244210
962189664
2330129208
2587210434
3687676501
18643758
2631992742
2784591757
1866409195
3838792369
2733814607
3818877107
1563104365
2217107839
2460836866
163712200
624529368
756007716
3429343492
187658262
1699418689
1599711626
1716224655
759968641
477137715
1311492946
3463110634
879915350
447695440
2001866547
239973646
3085560641
27334628
2933235157
2145958138
3712848926
3102024861
603318137
1449226953