1843612005
3181629447
291008743
2343962726
3670331170
1905566449
2261257055
2495235565
3047648662
2822850153
2209693403
1706259270
3161419591
1989217489
2445157796
3492731754
1255224912
500089234
2121010532
3336572102
3543849455
955554144
1552835857
3298246919
634660266
3766000769
1863822640
2778620692
1479781971
1737209127
4222251818
1306939365
371390023
963920147
3676247592
3751096400
2020979309
777109418
325189684
1552656589
2524360957
3181081319
13743885
1325778498
4092107
786674979
3261447790
3549124478
4009855711
85532205
133445038
3256060326
3395474651
337258672
2041108427
1120811890
346198739
542390226
4081655240
4056733063
801898301
3233528005
2458618523
2623125787
4050288510
2526048935
750246238
3531933072
1330493329
721968428
1397897519
93235357
524814000
815814999
278184937
1081868942
4200677611
199165860
1791099026
202189762
1735697634
3247874
996186784
47591722
2075513111
3835382968
3126636373
539676563
577022064
2686381616
3636584519
1706358428
2505758328
2228321465
812187993
2745115325
868139906
1466418239
3889237521
3004227811
1429179979
1576275908
1994599776
39778055
3731336040
1227023768
2873147858
1250901095
2718849379
1562566714
816258845
3210390187
2138689577
2354596460
3959638991
2608678284
