2421284984
798533186
250302681
4172118459
1848584836
671340237
1141750740
1873336642
1077139798
3987187242
321831447
2607365909
2802572397
2449816203
1904462896
2608010490
40261297
2560445742
1680481589
689037676
967508287
683375674
3806513720
546944632
694888804
2479409847
3482507878
2658232305
1897037244
2516173146
3675679197
708819016
1717423480
1988831427
2628025728
2700552992
612060244
1113935882
1896248124
2115908901
4097760477
3661436930
48300921
3385956211
1274388091
3248952595
3940880986
1524438939
2557678120
2648649811
2893928402
227395033
1776900923
4146284924
3252738930
3970687897
3238567530
2448456672
3123579449
3015553267
2943585533
4203697633
3916940569
1296066045
75632691
889371385
3930476710
2863829483
2911605930
688025878
1620953082
1390952438
2780352787
1735778032
1081766724
157086054
1564985118
1178790815
652208688
3376932884
712302632
2110695390
33649433
1274773038
2756577926
2222325225
2548392251
1194068759
348980270
2003459832
3667428422
58922284
1595333867
2895771464
3958898802
1362013029
3525322116
291790167
3778647073
3177338229
2409185253
1216134649
2010754564
3495941790
1303386728
3783136003
3703859916
4226062946
1747957806
3865358115
1941557226
2060802711
2306444110
1370079614
1822964198
3107452279
4025297106
4056783314
3185178889
2308108317
1684595696
3588599184
1757276470
1027510288
4196679896
3214091098
2767439592
2649292717
288996456
3907220485
315292533
2214250521
2294466947
2373447842
2122271218
2917226342
1347279585
3679395734
936275548
1640306354
1371816717
2122599601
3531506624
539076843
1477492309
4024437836
2549591688
3027589085
3742619738
1658123703
3936439702
1486990219
2207292629
4143118626
1998219860
4212807578
4232703316
897384448
2385779280
4165396266
576486684
1907016915
3208971489
2213446110
3797957601
3875522138
906851766
1485353698
1023189716
1082979632
1840968214
1764682788
2088563302
3236894698
2812749468
1946833437
2102906773
2615439384
3657510507
1686468681
895432119
3708523022
1215891595
2823283368
1757676863
2515706342
440422821
1923067612
144016690