3227811118
990409757
2417647426
122527740
3426687241
1190769884
4218021745
1806420058
1653544299
4052408343
451182500
3427488636
1080132757
4144452958
3899762389
4023663303
1066669675
1950019919
1638916562
2999418494
1995823421
3838946016
4218829018
3076924626
3859230467
2735587957
718267696
3720659286
3862009486
3211955974
712575727
1886813382
2308424836
3889302901
3352395250
2521836999
3276367186
1267706281
1899728238
1022680039
3189157249
2911032625
241107777
230695179
1472528313
294074554
3972709203
3737865074
996206607
328621009
31156861
1103590249
2198207992
1842373945
993820175
1974090934
1249243008
2880329997
548514581
1175083866
2046284732
4208228844
3540559596
1104265789
1464175980
430311171
1316406639
806252938
1879792816
160446058
41217790
4266279263
3721699314
879483596
680861726
3888067392
3269326145
1590144824
387067188
1021633285
451516808
405030009
736352873
3833916990
1789026259
3578219972
2971682662
2746771280
347849131
2305077284
2773076077
3374333426
4224868676
1004393856
2989052471
3538704800
1284119928
665284029
3210722561
3529265616
1116943684
961594393
3825682024
1598132827
609139735
3063846781
3585425772
3104206737
674642775
256742082
4222135828
277861190
1274283138
4201872131
2884277899
1241396059
2655324594
1107969970
1807928875
3311373689
848427678
1171619231
4211209281
466175840
3550383788
435855936
3193811383
3428855681
143253119
1447393751
3638502747
224621011
3359420718
3508045874
2064265502
977707873
2225718391
554806933
1172417367
2606526291
4092598387
2925510415
500313693
4212748698
182098377
3726217591
2078747081
80028822
2814414512
3092326215
2094152935
938739783
1709844696
3536807943
2197810263
1636129914
3969306457
4233357217
3898879848
2523681738
1295698552
2204728601
2816597130
4214115631
1842318984
2238543365
2872384853
3457633816
335101640
3112806194
2072054031
58934233
3577030172
2704165126
778292117
1363398209
4100584768
2463623947
1363102401
2018274305
2948429117
3336371942
2337946332
895547719
613712113
2579264833