3458730473
66318220
771037144
1053976109
4020761317
1670857642
928715157
2583807179
2929950143
4051865997
1474325532
1340891519
4197179679
453182625
75169657
196610831
3288436889
2761901024
2993790059
403916223
2520760049
3214799387
1468643157
3530481337
1515396624
834062462
671552221
2484852613
1731098152
4132110292
1466280973
2458635811
803499126
3425948055
1215839759
3845370766
2893742039
804657028
581273963
3517339454
48735552
924600809
908507100
3840338813
3571877195
1081762348
814390770
2392855378
3754781445
2168311298
499246945
2869762176
2906234223
2895269843
4042537466
3897560017
1179602497
565057370
3738284079
1340362648
183315591
2510725742
754605652
132479468
2278601970
1044326490
2820641391
1352792504
915380929
357947918
2151993587
2066759205
2064951721
2756015816
1349972872
2477778818
3867822549
3983167084
3679757813
3736834832
2737048120
1449144940
1695116958
2856720050
4126990937
3528885596
3980080351
1824060668
748408065
3060174004
1617419641
3813847989
870159945
521943899
921923527
4095186589
3326670763
2249223091
1869093803
4230524038
1177459367
3497125430
527921283
1367359007
950586217
4280972043
1725754718
4023999143
2904643424
1624289220
1709751993
1486129641
2716451932
1384112060
3859184615
1438490109
4134727786
1663995711
4184120694
3515115712
2285124613
2486289172
1391995292
3471041867
3464482187
592961447
3182426309
3403869908
430586975
1809296489
772289731
2191955269
4209168172
2393317538
765244159
794043707
3313966574
4203248987
2912558702
472232377
2549278974
2274186329
2962797738
879325588