4166539816
2493410519
1288017994
3755642814
574364579
3772084722
1502161562
2852076201
624459442
3894012454
3064282977
139847297
2460628143
2272281351
3911456176
354099258
3921218977
3720585126
4233149875
1230952768
1645530620
2406971481
1006292605
1163869351
4135457738
278476616
1712977160
4289139872
2063229359
113904413
3674647693
4038128721
3815796531
2497081469
1857663735
2755627618
1701933126
748173284
1355119760
185229721
1127868915
347535818
733899320
1122785884
2502889759
196460119
2948043195
2143642549
3650832308
1089651846
4622286
564545709
3999270843
1062212676
1559845252
3081514468
3894587391
4201997488
1829012913
3957310019
1444010786
50005825
2099721448
2810599663
3833786722
1617754680
1505358671
2715961571
1673912797
1031083886
3512592701
3606195483
2455009384
1670781935
1759736294
2371961362
2759306872
1279684659
630172520
1296151586
966396264
537193131
1226469747
3084023418
3692751562
3669043796
4163950448
858747180
866737545
4199290652
1976421791
4085526416
3373477347
3772188993
2856531441
2985369000
27025306
2747358291
2949500179
1381850608
790488255
4263808145
4019030289
2242682186
3497429927
2120243839
3314745234
1431878939
4027764122
272017012
1931867493
2977779723
534263016
2151960295
825839605
224709899
4181450353
2231133118
2316893659
2777763570
