2247503028
2527649586
2262824426
2398134698
2981595518
3674676631
52016838
2434173234
540307874
2628458408
1280660784
1824458304
3078451129
631727008
3793030625
619624667
3640634967
689617639
1716401814
1083786892
26162332
317680342
3995473712
696288381
1880633890
1590596490
1509101403
2413430772
1310985748
909581130
1948755801
2208910747
3272117984
1161602943
1128271956
3953126400
10724098
1688428837
947352813
3858369500
3498920803
1895771374
2106906831
3278683610
866822949
943577784
3640561964
847055391
631448765
3975847019
2553460461
2453091320
1828290947
4272716671
3714601781
3042935861
1784382541
1608716024
2549112653
1677255870
1373507430
1602134621
86037424
23791442
3888223963
3021090783
1277476454
4290332752
2511954823
933036832
3488847938
664106013
2932832542
3653730168
3434656373
3809180305
1526095072
1645076134
1363034492
973302889
699794495
4281867208
2072114608
3484281210
3033464096
1115277795
500984003
539140342
1471729853
2907150903
1851326174
214825732
4148982573
3524025736
4099613588
396695033
4162871649
2534856695
4131922524
3565184827
2560590095
4208189053
1106709968
1492285658
2074284931
3461326162
3424191321
1002014950
2949049903
2859197683
2327970873
1392667745
2066011985
1502511230
711692966
454636192
4240999471
3743777575
1478389350
1036345417
3307494018
2381933139
4187424954
583949103
2369704193
484311084
606960789
10435884
2321198710
404055490
984120182
4202405569
2112435532
106281959
2194507603
3763931824
3478809429
3366504619
2139042394
3563399283
793318770
2240907914
910378072
4294212731
3985468339
1291127627
2136495405
2170561221
1848862130
3687665701
3310398889
911045970
1980474359
362823990
3170861375
1227692315
19796318
1147946940
556625197
2849588307
3458676552
610005293
134538963
259099235
134713400
185359304
3992917021
2813209203
1489460592
1581118134
2591602482
614285182
242064195
2060136383