1355069616
2107560312
3365107812
46373138
1848568833
4155426456
409218972
2224687782
1116419795
754801685
3431344697
950209688
3492967824
4128329378
3755690509
4208824851
1072646233
2247880350
558245687
2234615540
1613520167
3879892507
430238056
1062750026
2006259442
1029740807
931562537
1019455858
674341179
681643016
266805165
1251860809
3746959390
3516145700
1494641976
679586197
3332350223
2924879486
971338789
2493262222
1055422031
108662276
299668628
1123180456
2229135476
1473822579
3079459411
594053851
2395656493
2774017779
321759769
3379287619
2732497968
817005624
3396163737
949917130
2929438478
3531029013
401150528
3662954317
3680568224
1621652471
1880580944
3631219544
4169583719
2913419072
431119987
1319139957
3090656099
1422888871
3897288296
3129657542
3513148853
3793587475
876152160
3208218152
2109154721
74329691
3718321285
2206390874
1671364011
436834391
4064722944
1577176208
1432680745
1344989959
1507738963
2846525890
2178537504
3916216754
2584099693
1598172215
3712243322
1004721676
2785314706
2715505302
3398573819
3123850842
2395013825
3584181335
3940129686
1522377862
432351784
1451666055
