342876295
1381091706
3993919171
3314458933
1822217951
2505592572
1371094602
744573088
2561486085
874946989
1974479617
3969894403
1007225165
2988199192
3953850061
2171242141
1707633328
3508062042
1870737372
125226717
2117728298
3621484232
239466961
2432443934
1316769314
2590293236
1871638420
3263769294
1488987756
961656833
382525524
1997769697
2058865576
853341721
525456826
3281079365
1188175129
2731148061
4154445014
1812924634
1070966061
2962881127
1098859912
721347546
35435824
3418048262
1548414398
2843542912
961776031
850251031
3916974186
1464306024
2948455223
2219838138
4202781927
1776244590
2251628608
4201030690
2713713435
4026826074
3648230085
2277704085
101227877
1575252665
2559771381
740325681
159089394
504033247
2121921157
727155149
574726601
3226802013
3512959896
3455575276
1442863677
530177086
2455755445
2580780342
1506135630
2053443497
4232395277
1832080421
4195546290
1391551364
498812621
