3328896135
3466551486
3298434251
1698080991
3146610069
516376632
1169879382
718098874
2443722310
4125036562
3507667971
1861640600
2215695990
3687993541
68304878
1645650317
2456090466
3799348995
424112158
2556649341
4014282975
1915502488
1769951130
3413947839
1539759518
16400112
4004866742
2156242975
3376422723
78231072
2420526364
1702360555
2745739550
4157262754
2148175806
3277148027
858545828
2067138649
2089852387
1108972136
3671158963
4055816328
2080982942
3954277787
2990465763
1334333286
1658823566
517774957
952971145
562320476
2231702115
249515947
4144545304
1757771357
3985482530
1683386100
1979813443
1932460361
386857568
752477188
2979082426
1750502732
200000027
4059012397
3907844076
3186277611
526062170
1265007462
3293573407
3943069099
707864368
3807010753
2874257364
3986713438
99518423
1516175619
3411875854
1895930619
1481319253
2862546387
2381230373
1102354864
3975160184
3683099501
3687629247
2836651000
3898536970
4128741390
66183587
3956377530
3310427291
577708674
2168751625
141259260
800052978
2921659680
2063462997
3403833036
2609840756
2759011708
1587908027
1578137923
2471000608
3386676269
3432424279
2086441284
180568505
4065968624
1691039746
1895034481
2010260946
3638809753
4258201424
207238553
2700578111
2256516085
1089513710
119144991
689379421
3450847138
2742167438
1680294491
2179527274
2552558682
