4194976644
14668897
2083763246
324019433
4082473135
2402177417
2968241196
1917562940
1712668161
4257247457
1606398743
2049073089
2801517655
3252935487
1017067119
3630499009
4198075662
3982000720
27316608
1600048873
2408283275
3334512400
296607398
1128298432
360129067
1962153075
12845853
2237536472
4145089505
1643276997
4001737711
2751030053
2245906422
3910723639
3079109346
2263155790
3230088702
1462396248
2996414311
624200656
978819695
561275234
60862045
1040674069
2902485758
4292272965
3121149624
2361894095
1997019633
3113144404
4217707842
2488392807
4126303903
3593829001
3271040297
1381870511
77672130
1798166526
1293197472
4065947793
2977133660
3339206614
3681411394
497748653
1599451031
1673897203
2850873431
1579367926
2276027435
2864756275
2016138916
3956489045
3886731335
3885268634
299872090
776877636
4054252819
2056403140
159309441
1111793027
860109336
2300352145
344194052
3862017919
1238902881
2585985951
4167415135
3545345852
3494964389
2391182013
2526292193
3543772458
795694282
310603235
1909572007
17099065
1528025615
3489522241
795680717
207310288
1836907070
2425094288
2768567290
3413044487
3193843426
3794862626
4155905837
4188931448
2446030964
3427165448
2564860231
3467259350
4153681237
4098740080
1896933170
3014347719
3603515249
3421795504
589278723
1251761621
506826380
193589080
3587960733
4169752487
1142700929
2844419589
414657456
3874987874
1961001510
230324228
1211844249
2763633817
3341990328
2634885489
2750993612
28274296
1380763549
3742620498
3970403032
3981926154
3310121022
4202050900
3404148906
886203819
4264591420
539661407
1248649631
2834355456
3677745159
2835051751
1855151725
3882302083
4044271895
4163089173
1741459129
3169399779
2817848044
1311086240
1641462921
2040093941
788180121
868924130
2293511885
2153514662
3388818181
2886679942
2375222890
1171329261
2353330132
4111050178
2850922399
377810429
2013129550
361898162
1961576154
2924443725
2005376405
3174815032
3739092718
2076312796
1028040604
3593885301
1085280820
2071891922
3721128511
1218300687
801203779
3908114610
2890349112
1823812260
436590053
3504261744
3696719382
2264541069
918554266
1565884102
489551353
1653816903
4175619600
2121170634
4082238939
517524054
1355324320
1651300453
2157654796
683723857
822901205
3000377775
3189989969
3717681652
2482015105
3882812810
3065206073
2547004167
3084856704
1961790335
3164423776
3906189432
3991629622
2393421766
1512313610
512273770
968273088
2073136664
3353240277
1673597998
2299940896
3762969048
3227340611
1435655023
2142313261
1789319593
355750656
2323620956
3167923687
567757602
3887639649
1963131220
2198901398
182140601
2190215919
1073139920
3119454972
4166948261
1175016923
445106305
260388945
3167132717
2024112980
1447580515
599863077
2716144297
1169894364
1712040231
1661670819
3496432659
970644244
666665808
2280643878
449415741
2743966470
814016191
432846320
972160502
1332147656
4007438285
3828587713
1500356688
1754166935
2949808193
420779463
1828529282
3580048101
2314464287
1816971212
2436376763
577036567
381657301
3576905560
933553833
819467718
1618143032
3183756084
2488110697
717217510
924472145
2680285202
1224052144
2745047082
1126861456
2124017763
3930780947
125559962
2617662032
2047534080
2989792900
549670550
1399628473
3290066223
4228680791
3369187569
302732672
826979099
3549802161
1442528269
1836907514
1591328915
733156310
4174407568
3145647920
3856736457
14494596
1435359306
39479356
2857066428
4274927570
2419757665
1854594966
2016409524
1982132274
97164042
3465713592
1798009561
3277365082
1993044905
3228214997
233630
3873997642
3605053636
1322073780
1692046021
1374289256
490936202
3596169031
4079678810
3375781283
3402638821
3122936654
1247642833
1417056931
2227310876
1854352031
3070812238
2262193703
3784439156
2162027156
3831761667
1237504865
3440525159
1011729962
3625220880
1240590562
4016609466
1939512877
487961065
3325687755
265087084
1822344359
3142550397
3384131564
2998979734
3946383132
2013438839
2430876275
932601679
3575193888
79900968
4172917625
3532362736
3199557102
2318914718
903769188
4085924364
2235566173
3643694492
1216575177
1300961735
1929852609
1461793481
3718037660
917785880
1616022084
2650353735
2052150990
3815981836
597570135
3182826753
1343027542
1509599552
1061492132
4272692446
695045349
3118282091
499565293
2993099057