1890132443
162390471
2653914953
544867619
3660320556
3770949128
934929908
1885234462
2147316397
4239815329
1016449311
3197551166
308605436
2697099712
2758005870
1236383440
3510324944
305080311
3993536930
360576608
4219587935
1093037355
36590341
3327153666
3322166033
2570520152
2506843617
3483201251
4231527677
406428003
1644875514
256119587
839459213
2171312387
3293537184
471108709
1033082038
3203558369
418783047
4278021267
1081867009
1541297611
1489209049
3327617816
2787836827
3578789894
1769307714
212309332
2699448244
1630385105
38351783
2129123533
2046282375
1035537003
3303050235
859944545
875162826
1134016523
2178517471
1092394022
2045592756
1092696075
1163959930
630606566
1194688634
1882425273
2875188963
1629912139
2870307837
3364713317
1822550834
3668131034
1800693736
826487075
3801374828
2130693310
2688064984
3261776253
2901557562
3773919728
1067675786
3024153712
1107796038
3728921452
3401343831
3478662449
292412364
3377911846
621603279