1490909325
1348896990
4171737247
1530681173
3480102115
1168544591
2238058916
2206780757
402689151
2630187880
311872932
2170808564
2195469868
3746421056
557762637
2162386120
3337824547
2480436528
203800246
3565378364
707611322
4073099548
3503467904
2740362176
3738776322
2744154309
2763430097
4052717166
937242569
1388097685
4101283330
3459289147
3577947749
119994458
3096624303
1204944838
2808253588
2596773687
3881514661
3886186675
560915428
1780212639
2310204488
2881899407
3124470373
211731439
671161590
184411229
108838651
2785345155
827210616
2049753254
2155529903
388499494
4251221297
1681861972
192119775
1949315647
3720625012
3115960385
1897441720
3757997687
1437516167
3010497383
1383762480
4261570771
3757355520
3371438735
2524422633
3343280538
2124153460
2798601902
2954509365
1722020741
881658426
2434975950
2972010556
2494298871
2608709223
3014490680
3068419464
3178820975
3914643582
