1598477756
1969366379
3249816731
1388616285
59226643
3300876945
255629245
627878962
2134252733
1158999930
1588327229
1983389819
3985846766
3902560653
2642045448
226032658
3406471390
440579701
2743907622
1724196038
3446024924
3994499670
4279266913
2384880377
3527752964
1395168216
3586368889
1252348159
586577086
1533509892
2627659932
3780088976
3096040921
712245966
547103743
29670949
3292590456
2839789407
3691164731
2870857752
1067297123
3292676257
2968531272
545751012
498219223
3831688355
4010935416
1486704047
3593682552
1022005970
120784509
35686888
599750029
1682785394
2197516578
3725161180
1985799291
788209885
28576472
3907573196
3184534656
2089061117
2475229095
2987262064
749875535
3038217479
3962499731
788325676
1122752757
2623448576
507924338
1392091955
3394095636
1558057897
2022889767
278310730
1787155534
654780684
2614465811
3439188018
2483783650
1014342953
3986563759
2994434593
3763478489
2867919255
2273735395
697870172
3881445074
4070221101
4233074275
2826310491