1329400857
597930756
2178301033
3116514017
3938081198
1041469406
3515753788
4150039739
1822101157
959986011
156507899
1486321094
2149567312
241275690
46894212
3260957270
377324769
2296385590
673027207
837062093
458130734
569144843
213270353
242553122
636101887
1724717006
152073617
758143029
863096304
3129176521
3475208591
77787083
3263980080
94118113
3849126795
4175049040
139941518
154067886
395965899
1058200007
1696556570
3291050830
2417004948
2567857550
3546804584
1822954850
1554078689
3282901731
2477004570
1723375559
3296931522
851481308
565605221
2861979501
4235713280
2299553597
2407734711
3396268459
1610134238
3053706523
3462506049
2647044341
645727298
1850175898
149680511
3134372689
162376960
4291145122
3374072417
257610972
545748176
3635982725
457573399
1817083225
2604114279
4197892270
161380204
376440686
729332444
47054895
504684789
632205246
3956977968
390198004
4184859108
3853593967
737331744
3164161805
2250341977
1172823957
4006849939
1214917479
3715010115
3231659880
3846696177
2812023863
57931471
2335230063
2019427664
3748625998
3351694771
690855740
4261228721
713435382
1835954161
1602860978
437294352
1278258003
4285254470
4275246151
4234994272
1344521444
1112878858
2697714663
1944410096
1204834861
749386931
2925277412
2557193588
2231803113
3233123546
3426044469
3553553575
3879251211
3404115025
3244847568
123148513
2902423998
2659265881
652480130
631462620
3099943513
1979597603
675812118
2506356726
2145566595
518163628
1859586641
389472131
2625372314
1270816008
3722517124
2341336195
2109562103
89901974
1691101304
3562367481
1933069583
1086458488
1907915127
3411851591
3318412071
2106128785
1407138580
1069932740
3210281109
2044892038
188098722
518254786
503346034
570774676
320669427
183523318
404432238
199474891
2744155149
1616561847
1671428848
1782753663
1691602686
3667796569
1324422120
2114442149
3787470234
1733457526
374333866
1534670258
3054995665
1052707938
4155154425
4197920755
2790149667
1716183909
968153354
2225335889
3652844159
1848216044
2868209724
864854850
1645543521
771324255
1094697486
1684327502
1205348823
1382269010
2549911024
752502802
2762650976
1421682961
2792141774
2379898232
1239378915
2061169907
4204607116
1787833233
4187716467
3671788441
3628080188
2357672000
766336831
3964705358
3767660875
1644532852
2015313296
196842728
3924942752
60878403
1519966332
2214628379
781556601
3350802689
1038783359
1245849480
1978133148
1903100812
530485073
1024765347
545428482
1535250680
2333795406
2584278479
3654026
2139821471
1625018363
2864650776
332732098
3024945512
1838317655
1834220377
1406830566
2227254561
3482513444
3706237008
4182992324
1766078835
1588457278
720778304
1950535333
2288776198
3105420918
595006635
2605775935
3575853739
4287444139
3638735955
4153286761
936235410
457275190
759663826
3753139229
2506457912
3587813261
407029492
2675801302
3997064342
2414591758
2568253649
1470554368
649125254
3307161223
3984920207
3697023930
2355497525
3628001036
4093787909
3489233929
566912300
1030253209
1725124387
4020351692
594763567
2169070836
2844404599
431705363
1680959211
2357642079
1306711178
2261699991
1503703966
1189563661
1686155332
778939080
3574434895
2696830082
1276133620
1194449813
2372277716
2071698698
1974527775
3125799609
1828969897
3159780452
1634373091
2914976183
3029069101
2402219061
4266323345
71652066
4127342939
3956764037
1773450104
221093019
2502286680
2220407465
2455296916
1881301212
3104833014
2327566302
3859597215
1627020576
1533473902
1152186706
1299055659
2614845531
3790798497
2304763551
252147372
2967760629
3113137229
3820309430
3497156686
3353751020
2373481477
634821954
2495679815
2514396321
3645783495
4134955508
1599235730
3210737330
4117620389
2452596220
3711830860
3055940137
3551537714
3200340270
1128584847
4272617505
1011932747
3491102197
378569774
3491833445
631225664
2427395653
4294644431
498478266
3652373107
2697496990
975861442
1939073878
3147513922
782310927
3864863167
1734572691
1924372583
2321367519
3260770792
1691734742
869197644
3177297084
2477687299
1676213101
386022759
683009747
50159575
120966050
2063221875
3045787961
3477559045
1684220432
115087936
1470585668
3131451391
3755777261
3210039975
1012387087
3187049424
592181471
3536418420
1139120286
3848629697
3278739676
3787370821
1460688584
3078882898
1599907884
4057194789
3437143541
4287513617
200802216
4189629882
1981861066
2718309643
44717610
3217667769
1690110495
2603055328
1103029572
3744658147
2063128815
4127913531
2675648749
544608180
2085406985
1094463429
734572349
3412163050
1168239955
1493206410
2561064584
3063299841
3549761174
477323614
715031998
193458273
3047357103
3106309489
4212404047
4216083854
3719157130
3543254611
1946657955