3990058982
4200089122
2834891132
2329053616
923038553
2791963434
1884530771
3345398075
2837719135
259392400
1284261494
2213557401
2202354920
2624527211
767042289
2481726621
3907333228
52403684
671479981
2357780416
3958229621
1983782730
2237763566
2005376249
1445314293
905428720
1488634646
2918129440
1164109711
548964679
1474674351
2202997575
1131626684
3997405855
564683490
1928227950
1359105432
637095357
1001467006
3238775779
323483485
4169336960
4132451033
2337863632
2043618485
2688434182
2252747402
2297608583
2935481986
1426184996
2551938947
2700678790
2003387028
1167220957
2860730476
363880058
1097098054
4281501932
631035224
949394346
987589541
1718170991
55810063
1311610463
2846335088
1671871825
449041156
2591988462
4066876583
1370561376
3450900735
602728534
3098072194
3550970984
1189665177
1200593552
3451462496
1615507517
4277611875
731022786
1742146904
963685864
2365638534
328495112
2667454062
1801573309
4061657110
2807882060
2742265735
1116752130
