3913693292
1786394392
3229220938
133378296
302381949
2905582843
506691810
1967971623
3534801844
2043275168
1066679008
543142181
1473956950
2651918501
2137760905
126297050
1022084559
3708577360
2766171676
2737763380
2427727288
1726781052
714568509
1593489901
3770755119
3122200311
1269433682
917755335
2570983196
3722644566
1844839737
1916368120
3098546772
1267165411
1224714033
3110141530
310994536
304822618
2784583210
2063615202
1589129508
1990153813
644009012
3648669313
4206289523
2950201913
3643439143
3047674592
4037854225
2767698679
3178205210
186352442
4206751408
2754723800
386324313
3740270335
2121717299
3172731848
864366852
3442058716
1557442102
3653181060
992155543
2678194712
2818447447
1186860458
3051581365
147990018
431635994
3106131877
2064964132
1588238961
21393047
1943125286
3460329621
3079371130
1423268240
3277266924
2677653162
1657347653
3250208935
326745114
4174846782
2523461315
3559044685
2149826836
1641241490
2936952756
1994611636
852409361
3946104326
1733827104
2599461429
1578386987
3842052714
2006956024
1960555639
1680079108
7919323
2164785354
1307465077
457937887
2460896817
646934072
2094792692
3362689296
1391972595
3124567569
4070922733
1775288989
4090314666
3194966431
846196627
2915107239
