2786365967
712044303
831342262
555813765
3288473086
2952716026
3916149123
381264825
822057541
321642626
399872525
1289032425
2723956526
1605718339
4101864062
1192351537
1554336894
3249684008
107948005
2269258685
3872634530
2731632583
1009000032
302856860
95308871
225788949
2279337381
2352847165
962819122
1573628473
1380142233
1048495727
3835508548
2105208368
4053752741
1847015234
887771580
3469302145
1162258987
1212995055
578327331
3341581357
3966477486
3129891165
3586935689
2359895852
2093113204
2643871733
738769965
3433277669
1753794082
3578922756
151549186
1266506151
3601658310
329521150
935848002
2694543609
34723457
2034403797
976352971
4155575664
3938168837
2512353298
340721229
476062153
719569065
1992632139
3927088706
431744955
1217754767
3325511070
719780311
297664907
2154645608
3889710053
3400972216
3711372823
1917104437
3456411405
3241610300
1306329500
72065404
2048840006
2202797316
1658839224
3733878323
2043335716
2065539809
3608876991
1560673469
813072075
3878467836
3336872471
886109423
1885086741
2535634018
3280981565
2449844342
2405114100
2260052421
3457057381
3542009696
3136303766
445492500
1580067221
45322025
2848178727
695232271
2755427480
3968492294
2734226143
1818033334
1211363306
2004652158
3677827963
3262106307
735385808
1815134128
2479717766
4290596651
584883088
476354819
1958577443
2194699871
1475098949
2229165175
3977199693
252397432
2186203296
4199885484
1667788378
1313336921
1599399175
549341591
2084958997
869743359
2608657409
3031193406
4020943671
1419510433
1077837661
2932340211
3427310710
2076145807
3923587896
3303912563
3394138200
2498364043
927434016
4072919068
1911206601
3762655027
2899475558
1847987425
2066421942
3249118477
1827757509
570792599
3934483858
1374223472
1798043648
1399250723
855351056
3298734035
3884198966
227196704
2523980842
761034559
3283123941
3372941531
964980216
2717365992
4230613703
838004833
2783262010
2350706619
1911659254
2193197604
3264740666
643356018
841394610
2498456085
2379331461
265060920
3612162924
3491724033
3774565551
535381758
2681309889
3629054476
2720407817
4953357
307516996
3836771884
3917652906
1010251046
3232446215
3910537109
3155057524
2876971307
2319304207
3140336589
1075173676
3279420229
2594652828
786711126
1591402951
3149514401
2987770611
1637229920
2801499722
1706606398
3608936886
2636253705
2432429660
2456314801
405326509
213632983
1594304047
3598218926
3925126755
2891094132
4200885711
1616458558
3315611723
515635485
1125757382
2694003655
960791424
2492805641
2420158173
3334359735
3672826806
2182626157
150352375