4132892364
1280787302
537530213
3394850049
3598379806
3175352411
1715494228
1008095248
1077108512
260533511
4178826382
2091084735
2056544742
2002049023
3294083156
1865603239
2168789638
704467725
4239359546
2845952019
1817927742
3298716025
2294267278
1294546279
557585158
3828641331
3158271410
1387806211
2627131263
3636873252
2732791282
3278849297
2630713727
2113241679
4011323872
1624857083
336008814
2614331844
3405867153
2386061226
4184301405
2721997828
3499485627
1720597505
2212730741
4250940741
1886297772
3256771832
4058641098
711820760
384039262
2743654006
389033117
317256936
746821349
3199094515
1725502945
2852011029
1011158462
3945572979
1743170402
1012235653
2259414651
3298743332
130404804
2315426484
116894386
2608189823
715667666
1454130559
2033728780
3357111113
2679978532
2350952845
1482568522
4267929913
1199041199
825997899
2236980997
2220026330
789042048
1361816687
1694716368
2039081656
3793338152
420849512
2936270901
2162246898
409029422
2204426743
1828155485
605968917
1162252252
1953552030
3866199389
4274472061
2826750297
4182847921
138288938
1542030203
1241968923
1804470095
3565786166
443302748
3365271533
194471934
146291497
3283030423
2045062577
3425873423
3878348089
985813950
2423105665
2358942490
4017685661
1483633627
2372408199
1347029796
3397388751
1905735624
125188482
1091679948
2818153393
2114993736
2145459579
2595884172
173777234
1798333698
2063742515
2881223227
2506016744
2202702439
952721431
2631518121
465967924
2760807387
2833114818
1029072774
1448048211
969062932
4108889918
3774617943
1588892549
918744849
923801886
1615992147
1493839129
2762510739
1814026441
3748528345
3673849424
2054438209