2151733558
366993991
3854011309
931686120
26616512
3336640525
1139818752
3656516883
3194022936
551033514
320860998
2087427290
4035058835
685815014
1195914456
1774863608
1503843102
525039072
3121885378
4149067423
254520428
2520141274
4054132937
1112186245
1528108073
4019085355
4040733937
2283825934
1928180297
1804717573
1467311174
1322499547
175508052
3122673904
2470000835
1616002111
1604135024
571963646
4118231234
3794589444
1423713589
3673411562
1093180358
2402747891
3137945524
4128801049
1257184669
3566459648
1880307617
995375353
454455558
2215889792
1896963959
2271901051
451373364
4282931006
2550594315
1443197468
252078281
3317071735
2322773900
4127337634
1444349511
2196743511
115104335
3910242460
3154693175
3925707734
3974148048
366733128
2445196873
76414659
3104135881
1069857410
454170060
1983903148
2908895443
3925046474
687830442
3032935625
3638686719
3415660432
3917300030
2513489565
2364045623
2069463535
488449026
4071175776
3159830745
