678104584
2624253018
3427415805
311459968
2544587558
3159042364
2109631440
869681909
1868898630
1243800500
1748181536
4044925070
202817149
2411881421
383496117
2809967324
2789052280
2812074697
1516775080
1004200097
2918769860
3692130063
1798399507
868736832
2008999953
4189744589
3286621388
1528184257
179421400
1024057936
1859425066
2759806630
3469130676
3420062795
3854189828
3859014320
4217162741
3235928427
92151761
3031094197
296680318
1433164166
3313066881
794260109
2991228142
2101432202
543613839
3494556532
3912925331
1503721126
1205355115
1769931529
1689596896
2425592897
724106159
2317374491
3071290863
875922546
2212333070
2328472544
1470097763
2975569080
440005119
1552758013
2930740933
2766473504
547110723
3477669375
3243658412
1504048808
2781828739
1521272584
2606553818
2571292822
3041482859
3963988055
318581700
457213575
1522333437
3415771443
2555935121
1957728211
3671188061
1976069550
958317781
3726048850
1783066428
964271873
89253418
3326854955
3363812690
2566472199
3246824783
3578804217
2805618705
2711215051
2614258037
343650756
1156446944
785738111
4074792610
3076028790
2330152789
3824105792
2795640190
892450567
3678908866
3235640724
747351208
796939623
3078998209
2058553318
3024246766
1654798375
761903065