2298277705
1202962398
3544140901
461998630
3758207701
1314556856
2468072149
472588078
2609400364
1483154474
2601872367
2043000240
2072750019
4144498427
22542306
3086618384
2459881720
2402306329
398825374
722331524
385200927
2552264905
2957166635
2921783475
328544076
3288571009
3966833029
863349537
2039433619
2430949047
419927578
2752536760
144859501
1458570035
2083467396
1000526583
3376211069
3287061476
2914281033
2663928846
837089207
1108346688
3231428046
4042654956
4185052634
2261597660
2339312749
3732130019
3639647506
3587672908
2410734258
3949830819
84343640
1790907030
1762380634
832997546
169165422
11571608
3724933053
856189692
2406375596
2146962418
1489178473
1537983322
2597275763
2979714451
3179954874
1709794315
4125237701
3538670379
1487800834
1728111861
977300943
3917571883
54744661
4038792860
2545262716
3646611223
2722607266
1145082020
3373545756
68105288
2753770760
462750024
1119308008
1620840797
3832249385
1348781620
3861051471
2146105145
3249998169
3968074364
2662545982
1914241716
1614764682
4181326538
4268933261
2077125547
1585910173
3150841880
4095421996
1685727670
1751685843
3584761900
1707578845
1087727109
1484852446
980709554
670146636
2698786330
1832313736
4223784586
3099572408
2854196268