1646087020
3188354102
1500463928
2696906587
1533499616
3649896235
1439163650
2891926950
2744228991
2673700002
3183513020
501444327
4119216779
1637371493
782721957
3305996187
4107277886
3119348546
2583655653
450737733
1884951440
1109933216
3716251498
1583010426
2747661935
3986034959
3161419579
837790173
1935215573
3900310701
3951500359
3911832995
4184849299
2442485626
1703926614
4232545440
1756659608
1095491387
921694384
955180072
759934430
3058263875
354327002
973399000
4038909724
754689267
3900688950
2104322543
3702803211
1329400467
861337076
2825024128
831294194
4099915779
756879769
1528178555
2602166379
845503400
2388544651
391420366
77540795
520847688
674516840
2088820477
3958368313
802839588
116050176
1850563947
2233624566
80348962
334637784
3201827439
3432333321
2218520884
983346660
2843091991
3532673470
1956689015
1929851694
2793680058
437264604
1731592594
1076197809
3028503359
1954145278
238869072
2993527989
3399112816
3895741877
1134992380
2181136460
1605833181
439846985
4086432862
838328955
3511432269
3196993723
1445743920
664088532
33077880
3703173098
3529225904
1909880087
1451575971
1988780514
3941752071
1886505626
3351351461
1448069506
455838819
2394457387
2224411740
3711994924
3700658409
3001296151
2008382990
2419828606
2974381501
3190493023
3958312478
3815930850
1814610584
46115141
2268589261
1479756555
2203786305
760225823
1839885601
145398440
643321738
3361413223
4150590962
3515933291
4272381597
2436668101
1276382910
1464979696
4181234567
3083892439