2254743968
3144038602
2297213132
3487949038
1798012848
3492779591
1129105460
3524760356
2526785153
2937773425
2562212473
851276245
256951214
2525499050
1529403066
1215854496
1815919918
126421533
1742633376
3500899217
1992753675
3951239010
2557637426
4224878911
4034371231
139504259
3079796368
3025209392
2290650726
2071873480
3847269020
3987656549
3933160705
2079121442
296291950
293359635
3139817953
4056823105
586218110
131151828
1328430673
1738712639
3659816049
1936707770
1645855262
3309402466
1160687009
3567526101
3650336384
2921176352
3512791696
938015208
1797806912
2865274899
3266311763
1592171771
1582364770
2209391597
80848833
1175562099
4181101921
4130368985
808039669
1050422912
2359509737
288098502
437239226
1969600692
1452007687
1144584958
3965520653
3803331608
1078403016
714088382
4198916339
729234223
4184561784
1570745400
1458825434
2715690821
3522421095
582919028
980269095
4238795672
1261289891
2626411160
3325326633
3248596089
2448465251
3115328821
2225416859
2391067846
686211958
126024049
2299584206
3512442401
4241843379
3699362777
1414956590
1641044722
1579096107
1209178228
1919185874
4180977103
2646841115
4252301139
485142662
3193588206
1411644012
1376888060
2641395250
2938193817
4190563943
3332653804
4003908554
1886046162
3432042496
