3540394467
2606049273
3683361748
4120518549
1373766421
1000857391
4117110064
224543714
1991245014
1248350704
586811988
1553150538
2324656930
1899636836
2478901867
2548451865
3809948327
896356972
4032759049
4258976656
142673506
1628104180
4133269161
965789267
1036497661
2499329289
2620817707
2910736544
2360488891
1458134880
787412764
2399524406
2915611396
2530665926
2001333061
2507967931
3844549250
283285105
1438278721
1926698195
2326582349
1993221629
1011431637
519398294
2611719452
3607826888
2824462911
2233635847
1389620760
1476931047
1893603486
4047118837
2511401013
3863364408
1461085567
2849447339
1745764073
2173749339
82778546
3311045397
2190964155
2105240686
516751464
683003266
1936721571
4279957186
3347829798
2941463582
2681817851
3618701651
1298517087
552682056
4262434816
2903880351
2620616163
312094151
1282871136
3024995568
971153571
1512164455
4130089726
3158503741
3927386132
138418718
2382498513
2244021027
267910360
4108464399
4002729425
573175605
1880449228
2445047787
1368778945
217535579
4135545587
3818835861
2694513312
1548492644
3129975804
