3315825352
2992658382
3969909396
521934226
949021908
2170457251
882965348
2250309480
906748236
2338750637
741524552
283287801
1919731442
1511798919
1743297580
2123294682
3757452421
2756273939
3513372487
1093161128
1921261472
629097892
253893636
4238961198
1559217964
2974709422
3789788952
4209955577
3672224102
3531525864
1348893095
675093145
2775284999
3048806298
1093970262
3594117383
1652047500
242020503
1783780548
1630662238
3349365512
691575938
2372182559
363846632
3637987120
1296174056
4091745187
3892685257
1235907075
1711759889
2151786424
1169382410
3694499899
2868386132
4011663851
673703982
2297192713
3745544236
710355533
3050168160
979147435
2421056527
1059426518
456452349
89842964
1081301798
4073271621
2103608112
1859280920
4294139180
3876916416
879510951
2306798711
250549862
1907859580
2955923238
3075834586
720185116
3492908066
3136975797
3839229006
2575916894
2958882299
916774587
4072808042
61890157
3306950163
3273822715
3777401920
2710357595
1309041784
2357319509
3987388306
2446356829
1774245711
3199696135
3524327973
3109284386
3700145800
521122791
3503928260
1960710482
3454394038
1536228418
3082162568
1972011170
2447422055
597961790
3119454178
2540430109
1300746798
4258210665
3027023180
2015966619
2359314957
2670063375
299966407
607291805
1165070856
987930792
1122283541
2531939289
190944653
3687105558
1516943989
361915445
3423147631
1445058587
2445332149
2083202487
2021299143
3122666154
3262047476
3736472824
3283255423
828577366
3266157011
928930641
1251966908
4127934480
2592349315
935884680
1280847090
1026006136
4226103282
3119223094
2464968284
1927550470
2883052955
2240032753
1903571254
1386875812
1758505400
3442451794
2430046998
3207564336
393506628
991061376
2203008657
258372052
1129530312
2469733613
2760267079
3706890472
2469336973
3172727649
1167243263
1893193811
1006790546
4187879884
2235227513
950027640
1090922006
3349213872
2885306381
3428343941
2738115676
673028107
1864238689
472390585
3154950915
3158689358
3472763910
2048053038
450953040
3340973469
3870092460
2480460867
2565055683
764830720
3283256214
96849281
1566877135
2999911115
385080604
4058990814
2973209442
1626111492
1581426358
2030006129
3767350568
1996372229
4278480424
2950333614
3543583630
762452880
1932328376
1021992051
616875313
2199369557
149437498
3302019134
3849396744
3060203367
651795284
3334575767
2293922315
2661343658
2953971387
3029132109
3906134219
2703829553
3888661814
3613362450
2451265342
4215177696
1148255166
2741625289
3939731928
4011491435
2534015120
1551494316
1227159494
499766367
3692229600
1571730397
3853956972
2184139164
2542980522
2829424131
2639302925
75034051
3354941916
1833480671
3980637565
671869294
3905879874
2426771077
270168106
37658716
3703279623
2420328367
3525047980
3057343812
713607023
256613795
173873642
3102548211
2756175475
3843156962
3169416035
3548153144
3034114799
23226851
1299298449
2730422145
3155583347
4263628796
2182816403
1168397649
1366228919
2064034688
3531447419
3018961740
1198822220
2553363936
1265819155
3694927906
3103132333
2951497587
648078131
129593428
1952961743
1533131005
3932143408
2611272765
3392515625
2678383586
2762950253
1218754410
1922573472
1824391067
2229492206
2042374081
137956955
3433869082
3933140707
3292653665
2513710118
1622148824
3009412442
976868204
1067733521
407082470
4105280321
2716607900
4256384069
2232471530
2595598985
2815832150
3853580305
2784220913
1032235054
3169005145
3764195303
1195473421
1085825953
204698386
371316553
2778272611
1534581325
1223315577
776899475
2778188361
627959590
1058271568
2389229578
2563113237
3769795388
2293021110
385898484
3868303798
2102197349
766425335
2938689312
3280045808
3450155081
677634144
692085216
1917294362
1645742747
3230818460
3773940911
1064697460
2276967094
1464977375
359698953
1185286563
2015471257
3906924412
2516970412
4069435344
3353463775
3750980839
2326879644
3858111014
1651015338
2819682295
1973995589
3534684684
952487458
2666614841