3258074898
2171896728
2884559287
2223128483
2452177894
2916313929
590264920
647394625
2295528253
2656831268
2106186092
889375656
64931512
313248520
3269413560
4089671595
4044614582
37125632
3757457383
2784413019
332269441
1725732450
1362381624
757404411
965934600
1135218378
2255055829
2288174139
2306516278
986344314
2204953242
1881510493
3322679219
2891791013
1535010559
2825074591
3709248598
2036834341
1937100009
2612368109
2027967448
654006160
2029246257
974340423
2501570905
3261039761
3527285197
631647141
1151389171
941352958
2747757940
336639557
2021027741
2341882385
1254607454
1357247829
543235029
1684760716
4065915686
3342495261
1783787979
808089076
2764440848
671154273
3673089456
3558714689
