658644610
2923846393
3229403309
3467921067
2226790831
3971712044
4133929926
3153471408
2047630609
133106362
2572790923
3475875092
382112204
2575011881
2349663496
1397166778
3190018398
3213309492
283506754
78190701
1866509399
1417293515
103195527
589321682
2257381469
2217196893
169360469
3906146982
1907474402
2384241498
930706850
2362551322
966958017
3806346920
3035390939
2422981245
3123115182
2334679718
3367021677
2320306657
3626666810
960533673
4231426936
1879486663
4236356289
2811411215
1456101379
2761657723
3909680254
2140447121
71795773
2657858056
3217931595
263980407
1559066272
540291454
862332232
3881244508
2386043195
2522179386
1248721675
3794422869
896245656
1212315616
2602869832
3880950552
2244510523
2798683921
524910056
807198571
2336428936
2253108661
1357106621
1549479739
1853361261
1297513404
2723277916
2287718308
2493204850
2301870525
2077766946
2422224864
3513204052
809672736
3366235166
2774284118
942570420
2946073392
854469412
3937065152
2793178247
173628899
3383607596
3847155178
3171438659
4255575923
3915279136
3833179355
3971501671
1324135233
1491166692
2858063011
3460549590
978721307
2162703009
2681657482
627130483
568314965
3487880548
126249798
626915101
2455919373
1885239560
132183069
752415706
