2891250418
1459079193
2525732426
3578862655
832503662
4148912880
1313295370
2409271864
2364660328
3647572522
433365549
2848568425
4131270516
1536289202
3180589997
2455748400
45000596
3994238334
116512706
2472855259
3499020658
1527702420
3038702102
2840789188
2037974806
158033056
4077995476
1790782047
3057731859
3224035069
970711741
3366935601
1952813015
4014288300
1817262923
1695698920
3090958395
487783527
1744762385
1958095604
3299666005
3899352224
816209200
3422507502
1568970085
2549601087
4017989374
2797222100
3846639868
1388797907
3797202602
466064111
4171888938
1684022555
1735401210
2809223281
2262649204
2459104903
1485967875
4077387625
243032795
379188530
754737880
1619313354
2962870359
3684719043
4063776037
2209549734
4208619947
2463771292
1851183719
2769661100
3856768279
1287948064
1606157802
868986628
3505541974
1926593652
318235670
3987746281
2516389547
3632646878
138508262
2212539020
1935266821
2317895550
1693707938
3916914364
1441627777
219742890
338929811
2405727458
854934495
2772614341
3837110492
2298868086
2684653608
99498288
22511109
2166977797
3175820112
3735707734
2721930172
1946017205
4125549068
4078937869
3860951317
1938265624
1436007598
610180824
2692431472
492509547
3721851090
3624025692
2236403401
2403232931
2286438737
3360158163
2631673207
279360208
696995613
2962491263
1840126071
2509068062
2672742812
1667885416
563948802
3463908420
2639602368
561123762
1647510641
2103432282
2321990456
512053949
189586253
2865075119
3846358262
2804218460
3486793427
704286499
2353506085
954247542
2570287654
2042644116
1200627285
1311187682
2873910982
1498301476
1647913274
2065627986
993219460
959775747
2583162846
3094951421
2348093782
1088751547
3081736405
724417185
1739090132
430397074
1046238723
2380690246
1591834459
1321161041
3749046168
1638851355
3411973110
877753089
956561982
430674040
2747285146
2572127547
2175771509
3639138048
3913726365
3745767169
869673507
529524120
2463878097
2255895436
2713123109
387691650
784839059
3304195646
1631637879
3813836966
1276094067