2338272177
3745563902
277957569
77954704
2629356172
1479620937
22966764
3720706938
398256344
2776060851
4187933939
386550452
2705739608
2920115112
1802840065
2807314883
720054429
2246162441
1299955339
1344906591
4168112644
664626533
3199387479
3502556410
1474639618
4236931563
1349894654
2158450325
428831004
2136170556
3974986178
2691953459
3182195939
77138200
3253911845
2038704359
3586410895
3084252796
1337205048
2269050323
3297430174
2288331210
3112245036
3256580308
1743641080
2254443525
1684871439
116885702
1873183392
1329244051
2828524977
1227046838
2459574126
3520894823
4019977312
2959889090
3154578469
4124978489
1493682014
4020294204
3642331812
1907279737
3462014031
1753451357
4093429163
3200885155
3278384796
2278653909
1491726922
359450373
2425618784
1148975770
844986331
3988424972
2764778674
17260426
2566185100
475015395
765936373
3625801885
1525951482
3247776653
3402186354
2162079916
3474648510
1626566823
2497827513