4132892364
376119559
3394850049
2316312492
3014874572
1715494228
3458407971
1591022243
524217218
4178826382
3626095475
2658613954
704467725
4239359546
2845952019
1565612256
75540792
470318862
2294267278
2627131263
1504224944
4020204928
4025255944
2732791282
1952629777
326082528
3278849297
4139089165
4011323872
1050789691
1643141151
114930141
2386061226
1604361260
4184301405
3642618363
2721997828
4250940741
389033117
746821349
1011158462
2033728780
2350952845
2385828235
3304115800
229147977
1482568522
4049165538
825997899
437815288
2236980997
3113394854
372190655
1694716368
3793338152
420849512
2936270901
2541636715
2789933518
2162246898
2204426743
2659763449
1828155485
3232578758
1162252252
376829109
1875922464
3565786166
3283030423
4017685661
1483633627
1555290851
173777234
2760807387
3748528345
2984072213
2054438209