4006832832
2432171357
2671409996
2359404129
202358509
724281994
3340876987
303607541
1004000144
1661545771
1065341192
4050559676
1411640355
2349581939
3793834997
555570145
4145124636
309948763
3928743673
1039097402
1791931753
3915143864
3869320773
3787778057
1724008940
4103398469
2308560199
2864207458
2247566379
1107813065
3762804046
924100204
3044883831
2492869834
1644950017
558513993
1027221239
2888126472
3097939759
1331776918
2195271780
2661547016
909279444
186661508
1865278355
3116573760
3342426032
2229269515
2038770938
1280892111
4145043453
1789235738
3488068855
804693880
3711972994
4033400278
4257452115
4172825166
1451242051
941155250
4000964418
2581787313
4125850200
3725203282
3165464451
2549535600
2660211581
595288344
323351828
1220682528
3285186210
2415082348
1092482852
310979230
2591017120
1856218515
2939906604
3979770659
3015528273
3031299359
4174436655
2882075943
1222318150
2489053936
1175917222
704087328
3427387015
804530786
2330809932
1588439864
23550518
1319629784
1497739694
1981004016
1474054435
3981840150
4136252584
1251823366
