1778539041
1039947269
4279844079
2142597744
3016510756
1006022420
2655819428
2424471135
1827940676
652366537
2612424104
1036111672
3578654907
1419610073
2302979235
2458200524
1167352631
2962564875
2619368468
32518989
678783959
3668243355
613198309
220150830
2111889997
3028453917
3876504984
3232101959
138983161
3284987975
1649358043
964690237
3181299114
209776554
2683027504
2110889583
2736862766
3009292716
2780441601
1016611902
481133466
2656742120
3938110378
3151658518
2837101581
265390602
989575634
2214183988
2778884525
2617802167
3572744711
995095145
719610669
1660708414
1058074034
4251134822
1370128540
252484444
1852923136
962258915
3704749796
382114682
1338301389
3420485134
856656669
3934162725
3236220204
474845878
1620248121
26100998
125514240
175204384
3600922934
3066198522
240856289
1597431776
1619626945
860215621
2266171883
2499370604
3960988397
621540577
1999294512
4291309569
1577157653
2472137379
4052258762
2600530852
2552951380
2081160297
1116819828
178002690
307143285
2176343180
862921880
1934471815
295067713
1175489707
837971311
2578104716
2824975566
579249752
1364000489
1579088986
1125048829
3627874526
2931120886
3855714146
2251231152
3029001670
1188500314
