587685767
1822799684
3571276437
562228888
2655665063
2936097064
2649155052
1341238305
1827837136
287865109
687088056
547684229
3737046864
3768586842
938167898
1723699876
4063354895
539333298
3267699035
1757249185
3741462578
3661929308
903462864
299419762
3881014351
1597391128
306234796
2237759418
389386791
4244453042
2780262251
1886830151
172774973
416690655
1106929261
4025227090
542963897
3283240146
810984077
1733390293
2425307839
2504964879
1562381495
2022719666
2023655298
1962083119
960951787
1276327325
