422652750
4186651884
2256700756
1493610390
2745811919
3868231133
2420252310
517577854
2013610097
3336196363
1450925521
119235523
1410136869
1618291684
4183640460
3032483252
4281444705
4151347556
1899783212
222629523
2599920656
2112106684
333524076
715311657
1848236589
637980749
265580804
4165527623
1861924659
3487460706
3758050861
3744498267
726905710
3920699934
21109481
2035731117
350518589
3177061287
79200168
3682739865
2629316797
575870261
174025483
2610918951
2746018427
353591635
1399977994
1664576122
2397789285
3585901007
4038562561
2261113248
3354863869
743930152
1227065345
2733897730
2471275108
1862219275
1950638982
1748994021
219288984
268908115
3905534811
2896968248
1778821460
3784070659
1136028425
426648809
2222288753
990294953
516884883
3913844636
2783705056
4136111980
2719219660
3838474519
3690497793
4035566635
1831940673
1638383293
1992063002
1706727620
457521811
3078365579
2510879404
914323185
74218201
2928373097
52609704
3681306782
1019664368
2582322880
328591412
1109496149
31511176
2428446932
4063082336
2600433267
3186157680
787135090
418518846
782893409
1596165157
2084859220
1652444067
131480953
3344249959
1968779873
1507192151
7035221
1872910151
3829493956
558427940
2044480922
778481961
278647086
3933145076
1778183303
419109955
3920470749
1738460996
4117001006
3255658500
2403328574
1174394437
674872012
2006765927
2122609712
2719056335
687803636
1420260466
3042962358
1921139540
716923149
1802512298
2408240997
353342217
3826414538
2817688739
3654060471
1062856033
2954659163
2536761960
1101847099
1865201711
738558346
3534137332
3278088052
3427390687
2609255926
2013150510
3111987697
2471072113
3159905338
1472492494
243162507
1071529397
2166318169
3906715167
1930255311
2594901228
932849939
1510363024
1572072502
1522339915
4281324575
2869236114
2214271607
1757257949
688207749
3664358864
3255008010
3403364798
539049433
3958240551
264632270
4288877358
1425233836
3440447267
2497222956
2736480992
1332369427
460677694
569019216
2982550521
3251482226
1225665337
2814844472
1773949023
439792262
612239257
1181996296
84757153
857794766
1959038595
2020320301
4281313708
3576532300
889404632
2126293128
1468872285
2570133470
862723801
927565188
3891093015
2556689535
2512108144
3924928727
3192229363
773777880
4067093600
507995572
4126808672
1731902040
648302119
2951121509
3245244522
4280748050
4227145963
2492677714
3034525225
3524444015
1760611671
2137445090
860231645
864560982
2301476129
2269178818
1040437855
2935344970
3941367389
3628440155
1224975712
3396486147
3420221219
2962749175
387291665
504437997
1889694174
390790836
1009851480
4014328554
4172155661
3514267364
1753538428
11443517
2321208146
4244459811
2064013095
427778793
1352015443
801584776
3486316621
2257379607
2885901213
1701163689
2231657646
3014976750
517689636
1619134353
1220629320
1266210544
1111724395
840242997
3592355816
2621897763
1251492150
103942277
2234656181
2163825043
2551659778
3065736769
3909352183
4181159118
3672937182
4290656906
1558226555
4055033210
1000538066
4199863483
3874457311
184986568
3111915829
3209766750
3305557643
1741439021
1097688196
3579617157
1080268622
3135807993
1872341081
3554916126
2859059843
2708651433
1614233648
3977491683
3700881082
3812560514
1158966541
3143054762
4212230204
3377794791
3667493168
2430699897
1019306200
2180807046
3912869275
208502968
391203045
826598298
1808431482
1239544293
3312711964
249621468
2142936742
4254822503
915085655
616063725
1350209656
1885445449
3093325274
4070467394
2598240518
59626596
1193143306
1894256681
1334535457
2067704264
1987482909
738012360
3059857793
2144251242
3159761283
3827140306