1269350219
1296715888
213288499
3007524328
68329948
3074716389
261151790
4118904005
2715663363
1654594618
1712809517
233453054
1965248716
3528572428
3895785098
1307743338
3678284812
1804943083
2811830795
3053438545
2940129870
4023700143
1750456152
830074918
3753541008
276998531
4057635561
3895324780
3917296430
3501602314
819046737
3454519659
2565275192
3111809462
4114317036
303794108
3360305056
1583996105
4169540678
3464988683
2423042195
4123791145
1874026924
484017852
1482554957
1552613453
4170505641
2480030938
1033364778
2952683444
58476538
1346469276
2410371776
4154733824
4159194125
670173179
449880851
1713119409
2366532947
1112409380
3282872115
4208493980
1483009129
1563935890
1229122988
2120262958
3267627996
2636105149
3217171043
4137784335
1727744223
3696819014
3393051278
1750431114
1665167501
2293684117
2956257017
1513148638
1338733120
1290229575
2300426026
1054841701
1315671103
2584081771
2852758266
2197979847
1467797800
4072737073
3176617766
141901892
2357150795
1256725790
2089294690
3791156515
1213510448
742697638
155242064
382910391
956165228
2105226410
653141017
1796441648
3939690620
863060866
3950465358
1804208374
3212937001
275756032
3522500422
2594228448
3979665850
342560593
3820255336
982629425