2631490218
4101564144
44323591
4119633164
3598533670
2739616569
1313718153
2599313405
79385307
2422911989
1708314802
1122273607
1292359300
40964208
62783262
1940364769
3708397643
2956807537
3822966799
186759575
1141625012
117386881
1506559482
2579227101
3303462809
2253383808
1822866217
1531249889
1820507562
796161297
4140433498
4181674120
3291577609
1403503371
1152082971
203717632
3629293257
2930035257
2233518465
3427655503
3053787769
1057066913
1895946148
1568409765
1291670008
2176621047
1237842029
2536432533
3410108466
2103086843
2840161674
3473970076
4258446495
3590056084