656775212
2624396534
3947114150
1623272204
2577941053
3006305058
2304701739
1011663824
1690810406
941910587
1098749256
4064853414
4289758841
2060880713
4283332662
1591631270
1595322460
2283119349
1892805410
4123881880
964246532
730041303
3001098897
318731042
3987341180
2258268166
943170445
1199641869
3164046639
2280712888
2295644652
3902106088
1414330066
673627465
3429479130
362193595
1413420377
1837120630
1038660382
578541844
2794851909
46592523
2660671806
2009234664
2238511576
1537386630
3335529408
2960626576
76857180
1479101943
1994487839
2383059910
1738683995
1794983925
1189426958
176713951
2287104248
3388693064
2181617585
3099974234
1705071221
1398014561
232673805
98551363
2482491581
1883625359
549163063
2307356769
2627270741
3865580947
22482199
2236270995
2148753901
1963667353
3549884349
3340722960
2182766098
168318067
794837107
2561021970
4135097965
1416484938
1979281073
1052746847
1135598754
1814678408
2425730395
1331829940
