1562464289
768021240
3928072598
2588519396
3233047014
70534506
3451814525
168949267
3224669533
440571447
1642144353
3807037101
1636342685
2534613710
3771216098
14343147
1294422051
3824914207
1386743362
3860364413
3057038753
4237087504
1961398224
2127563608
928616987
129333009
4223863424
4050486083
523722500
1246475334
3598884683
621470597
1103556707
677924021
4153903812
1530547518
2828372799
79555664
1269579669
2190684422
3470928487
2880082846
1450441800
1374573588
2611005588
3305371760
2446453613
427369574
28133264
2574720836
2371298415
114444478
3766655734
1636418556
562148165
2826817374
590456800
2337099310
1429118544
3116529034
3350301438
2052053889
3626437611
2489737128
905938877
2074041763
237393952
3239375080
2272742808
3415635915
1048574914
1667882552
416839349
950343677
282531346
28809604
1332025034
4134606650
2548569487
2475409537
3075664306
1754859947
933647539
1746105134
1897808564
3013422522
2225884091
445717061
3647003399
3083424206
1569190459
1274074450
30675944
3755469604
83196236
1448752682
751375730
2215257574
462456193
3407207311
4129072565
1427384964
1055128500
2445951523
922820014
1679611301
3558098060
2725729732
3911853066
1730946515
3321978348
325685434
356997403
5359846
4048155860
170603496
27787501
509546291
3564150060
2054124976
3879375383
4247272159
508908688
3660112192
130349813
1649208863
2206043339
1751001001
1879929159
1885697212
3857874835
3590672835
1311627162
1587325201
393374327
569885183
550246164
3540738481
3129469414
3817532701
1627090718
3030187780
3744686572
3303775025
926631053
2944917484
3446041911
321242127
945628041
1190335622
2994940300
3276903343
1621895147
2037936755
680581496
1929564760
2041388832
4236839306
542907086
3600428390
1340370838
2500562168
1033040681
1123380568
1713927802
1067620813
1357436373
1281284763
2659100848
1876818303
766076155
449761734
565051021
1761572338
1426465501
731443206
818339374
2961823677
2055231763
3954993607
3164564683
3899293621
699972238
993566088
995177515
2301975273
1649814695
954066316
2454576294
2289733924
1280552183
387447615
3498847192
2344975586
2495314857
4020988156
1906120152
752691306
3692623743
2551653630
4151038194
1768640975
1655660271
2543952543
890442040
4256366270
1273052175
3866508378
3299720827
3287341567
4174827363
3533203991
2819623781
1380649409
580962299
554655333
1822686803
2702889699
3835095603
1777389320
2181640084
3240077764
3879280789
2862487962
3109213486
3946435235
1738950032
1413420635
2941110470
2232372165
1408157195
2563028426
1795333278
735431645
4067543941
1882502118
3028202634
3126164454
2638689253
1979878110
3916249623
4187823389
3835519630
2215129022
1803810181
2401007352
3356396170
3495022722
1776644587
4263255668
1470312909
191403121
1802580633
2211267225
2165997488
2039844187
2975352223
694868963
2463260215
775846715
120356321
2453109535
3927789989
234358613
2417109687
1675393597
1575392404
3219860358
2493622979
2578857787
3697332517
3854445045
922863259
2199516974
399892981
2794706662
3280053836
2336246493
2310947618
3695455685
1798204026
3872591120
2900177937
2729240295
2983883686
931812702
3168627533
3908185495
2136998158
1590376000
4046540360
900216254
2481564083
1794351765
2113694424
2755550727
679231700
3616975033
955103957
1260979173
1996382697
3205873762
1042232626
2600169577
1629760988
1429510445
908450673
2900395255
4288039199
981836273
66008189
3882473423
2314728480
3731801768
2897504549
953076297
4287193114
1929787925
1656278396
2065504385
4228069441
3765681497
4016820757
1699377246
3239697362
3002132824
448437271
53452949
404741767
2981681164
201237280
278690715