4002233397
1241288944
3130509233
1715308055
789072032
725148220
1024945828
2829650977
4003958741
3619707181
3537991590
3534666631
3519025472
3840660988
2390476103
2528810800
1475694145
2832270771
4063931046
2249117589
1939116759
1936589147
2794741906
1975137886
1753223239
2645088630
3767379471
947369450
3496768095
1617980617
568278481
3333079878
1672914341
153871501
459865273
3954759766
1768361138
323126362
4119130752
521350411
1546255292
3106220606
3560575949
3435453166
1321651479
910477232
1885587852
1290974152
3116459404
1634056324
3948296293
2802595844
746193737
1774366960
767806278
1483121402
241324589
212925388
749611316
2261728099
1440826290
1981107056
354686340
2848353611
693165380
1609102632
1901924331
