822966663
2097917598
946511161
636466153
2114229718
3724237244
1858685860
2572955295
2006570661
3457389149
2434279165
2323803356
1783533689
161005755
113811109
2675755722
46257268
3986879986
2469376776
2696045855
720216834
907669606
2131829535
3628719206
995333848
1779399766
702714247
4130055214
413530783
1215919262
1711390403
2685934190
1444828942
4018836906
1404462235
710477436
1811457159
3108063099
3236258617
3521447587
3262236111
1150863425
9404061
1295775039
933518572
3490151802
576421510
1059672425
175777139
2651100086
1336150671
1930845653
2310495755
2790697085
2026520993
881575648
3508758356
2038111967
2241125031
327994773
1642343840
503266594
1747844527
2905631117
