3850517307
3752740005
1884137135
3410799731
300461157
4078402031
3789425967
938100455
2465772596
505795277
944091766
3483012943
2801649794
2339808336
80053470
1129973768
1340356602
3036649215
598800241
731901935
2145912971
3258576151
625429398
2404844473
3710285077
3461547956
2143937561
2707519987
2147822006
3488672664
3820168995
2244604487
2318954748
3843278277
4090299169
87731614
115077937
1256181897
2117576052
2855136727
3745902156
3025978918
1695788549
1332856561
3150232718
2839798221
788169437
1016385304
3992602927
2631132466
141579916
4171192289
3092466775
4122874499
3608968887
4193744272
3483789685
4248480233
535420443
443304062
870815100
1014824073
530138085
3988446469
2229454448
2308975034
2613852845
2075115395
143860066
402240048
2318810753
3729421286
3135008163
3982517745
3273075299
159218399
4145055516
1805933536
716033471
630417502
3620979580
4182517330
2839798206
676440284
952278088
44020283
1245328906
262570492
3639271740
4235871551
3194752973
3510672498
407356434
534453242
1371765603
914142989
2072030118
2344589656
2836786313
2941175899
3486552135
1101068388