3695122364
549704859
3602250001
3063025181
807302495
1990193298
3576934641
75924035
1505618817
1464102103
203733604
4098550331
363299875
4099116876
277509577
2084241237
3597566785
3194076058
2891008562
2884521421
2903430351
422041843
3965044397
1681171953
1981087921
1584847685
1634247026
1868971958
3906880931
2547810268
1374767886
1649741665
1344476070
3363957410
172607735
177307229
64946089
193622087
2376751457
2122944700
3770359304
3888944181
772133198
1333057062
2481364864
638982667
3660754117
2415889384
163456744
3434297807
3075216763
2127132486
2773629914
2083227880
1948354054
1444639006
4011191361
3020680451
3274963963
919490783
848848689
3003154553
512040432
2673622005
3669569312
520558009
1261401778
622430568
3918368560
647162328
2492009882
3235020082
4210979352
1827375626
2101035983
1911457546
1577503185
530073624
4074305513
3615155540
2398645412
1280837727
1384759670
2711060629
3051520816
2177484985
3459452252
1669042251
507008774
3961902509
182284535
1442970240
1610477066
2041025368
444357720
3647251145
2448199083
3033125413
2835369234
3677468618
3743486969
3863025528
1633844135
329750131
1063996362
3469350847
554629893
991472330
3734561854
2466811724
883902710
819276314
2317199361
446986050
1074849260
2008813685
1063768976
1148357682
1836960458
2829864852
1231252637
4029229398
3159177842
1056127096
2703778546
697498403
2974127764
2292078919
3493686219
3175052171
2920401654
417506672
993623704
3316136889
3026411608
1948608769
880042276
656176323
3371742947
1476286551
2913497508
2115841193
2487250011
2033778300
3840665507
1343637870
1764426044
2355428499
2288754035
3452241937
558361143
3146108823
986780878
1342943786
2907246664