3388212466
1344419646
909994182
2627744604
1652341871
3746486528
2100611599
1952500836
3523940391
951168711
1446053887
2028347375
3441802432
476248532
128275817
1410368846
2528492304
1234929665
1560010022
3823450358
2289709227
3748017829
3838292068
2970585710
2799608637
1613965905
454733916
798087798
1010405724
654319542
40551687
3005285066
2263258461
2297253483
2963519677
1636089536
2019577019
1059458054
155252032
630732641
113068460
1384090140
3712634888
587508801
2841320845
1825249965
4087818707
1273289505
2162368514
2601250455
4264379756
177756836
558633610
1496234450
219355989
1205576719
2681640014
3345378682
3815826240
2395570712
4012577595
1984717804
3846454256
3750642322
2078519035
3272555226
3533760991
703477142
1900115607
767940192
399165123
2179045372
2928222426
1121765097
2874097678
2007535871
4141537906
419493587
3708191958
3461224043
2510510726
3667824797
378288118
3968044390
954826059
3820860361
903260012
1387802639
129058055
2675451135
484910283
3399179196
438207258
2566206388
2643973752
1373413995
2802532178
3164259073
3597152248
2169371789
3880940876
2020508460
1528653627
2765020354
547437761
428912872
3043095046
3305590047
476592844
2199136124
653072846
686084723
865869712
3895346182
1801047088
1309648091
548501385
3404945086
380691566
3941826897
2878810
3414415624
4015324417
682030349
4236237199
1077814986
2136863955
2799852211
551447609
3157579105
2268924141
3561561908
523578114
2662946539
259077293
3883656169
2928668180
261321180
1131643702
747055585
4288079629
2340981282
218730822
4291421646
967373097
3463775905
51492805
1129238547
1219186709
466071176
4003450740
1196042658
3859648284
2990575166
3321876571
128438494
4041998230
3719825319
1171804393
1919933708
3555894261
274762680
3390132002
2471914955
4066677408
2581850815
1764703416
3935219119
1813099564
2749923228
625094667
3463110650
2197690377
1875745235
449840236
3343732366
158956294
2401073975
3027376149
4160817722
587469618
1071751033
204045250
2974890999
681136107
1645929013
475285197
1898944140
2332612609
1498034304
1490403739
402525892
50345142
1410187221
2573768581
875694532
3347182802
1040744442
3143389527
1143684498
1877655710
1757430975
3387971646
2413588763
869131909
4148855608
461105202
2572913566
3903565405
4074383327
141585660
4133775206
1781667552
473289309
1781808152
921860657
1297377428