3093362140
1915850595
3254083855
3350140648
171639654
119921123
4238078434
2613151824
46091620
3356811021
4232177353
2922058898
3629678583
3274791269
857850258
1962266593
3672728234
1364845439
927275165
3282846715
3094824862
3833565280
454968677
3527195163
360360899
3282605896
1978248801
3901940397
3139577853
2861397722
2066093435
1227750937
1812188552
1235622951
3505699207
3925299439
1931794982
2603209023
3907250288
3786003856
2582633864
2639541389
346626388
494288422
1666654908
162431691
2903623199
4066912494
432022506
2086381588
3060898885
1421620910
2068884933
291808185
756303138
121067074
927869283
3570177794
3064838059
4260581802
1753134990
2753731603
3651811761
2315702193
3120537372
3832697551
127273184
4290060448
1767349707
3335034748
152946707
1856737910
3200549053
1435788218
2465572911
180085874
859339603
2135603608
3250798444
2882824886
3977638235
2095050928
3824453584
494299375
2999789059
2915100033
2434302429
2492943527
1345323314
2449299611
2730578244
4270996936
1710335764
85001229
2807727474
653369493
209018152
2140528939
1245207602
3404968319
1576985436
1779706798
1521808145
337925527
3074896571
552107606
783433788
4218411574
561729871
1068394597
4162345216
576957320
749102090
4276197443
2715485154
1742839262
1423293036
2835659691
374533374
4029389476
2285498905
3184101
1039953824
200050459
1927990550
3751863279
1507559060
4074563492
1786742606
3878854391
3270271910
1522723680
3482677960
617788909
3953438152
4123810295
4034187179
187350796
4000966728
2155074257
1366607227
4094324722
3990430369
1655763990
2953536284
3955684953
724833035
856204271
1905843950
374686041
2183882313
1499416418
749525866
683300422
140388635
1261688851
2216696118
3180950501
4256929409
1222081506
2579572546
1212586629
3572471576
593414619
2377622364
3225000244
3754029480
273590835
2853231570
2207113639
36322034
718806561
1948488241
2315325931
2826556462
639760418
29377058
2794122343
1333433662
3450289598
1957350019
3348620147
1710675806
1929398505
4083989416
2801345372
3830532472
4094643869
2178078343
1888218467
1244256063
3077048820
4231360982
3326014698
2601140182
1639217867
381229550
2277515546
1604447739
2885010305
1195989507
3521096004
3273288108
1034502077
349910883
1813014176
2368790235
2195821328
1144808679
3307443742
2844738262
1232563487
1445362183
16979996
2980993711
2633689484
55852607
1650152685
2813961895
4039198417
133569938
3382021596
4156226960
2778503240
5143929
948564733
2421984866
3732140619
1598633828
3551268530
3901936787
2335841093
3166908144
1564425603
3711497045
2822706780
1507609580
1993547212
845711632
2343393647
547839103
411735969
4255768492
3749768771
2409112552
1449487383
1247734171
3013016952
3560136383
3898905793
1428789447
2483624969
2165888903
1059736780
261597141
2408271753
3639795791
2323951221
3555151312
492136117
2584532435
77851664
1797579866
3544266817