302454661
751379326
43019307
2830129185
1147907188
2739017424
2953126772
1943375833
1669882151
2622379563
2146940121
748479283
1729615474
3675368161
1293344914
1116631624
2192782106
709636485
1348859258
2410397547
829120085
1446542224
4252058215
1469943714
3142542331
433095631
2598761297
452406778
2907776516
2071986620
2974043082
3777051233
712641172
236156917
985067470
2967124216
3927445290
3792075956
1597704047
318519268
1691251732
4094733372
1255207615
1955130196
1494506142
2537969606
3197128423
409762036
3671528180
3710302691
4212477093
2920088593
357627864
1399915570
2596840509
3961409454
2577730743
2231768262
3956877399
1637149976
4064462644
3013867827
1397806976
352213298
2939904491
3962750553
117782935
2169738396
84230460
1500347518
927918693
1886287014
1537019455
1690706408
755308884
1707844289
3871156504
862186443
2197011433
4159107969
3140895917
3989105105
2249404607
2190058305
1770625704
1817762474
4182543243
1528094936
3195392798
625484264
3949073803
3945054031
3212582330
36774428
2420888153
129894606
1376976723
993599460
3771142560
2226928306
3125063628
3848834429
2898530807
982456527
4079509064
2165103433
592277215
2000170397
1343421638
2758160886
2622259773
2076929869
1126942074
3450011455
3460744718
2581352288
4239309896
3926684540
2710344105
3576176389
3713430343
504242896
2140291635
2115644350
2676423468
1451976043
412289230
2713640736
4140725780
1874329977
2625067124
426311529
2570763453
953985709
3659139070
1965771941
693373416
3757938795
701866195
1765388328
2446255753
2716667226
3585008827
1634445765
3324176330
1503839105
3307156677
1083779489
406256280
750765377
1411414963
1220464127
3758299638
3229808660
669224350
3543354662
3273962351
1263215589
4248435726
237408647
1109277359
1644974528
2046564687
538757124
1532314243
3715832922
177854050
3568912091
155006200
1772980023
1434651404
724818358
3830130474
4232187060
768344967
2820539100
1986328632
349521372
2032213918
552190407
3546010853
1396841371
1816440964
538869191
1057030211
1022846383
3893140121
110442654
3485847262
506674678
3190087757
1297534123
2099946703
1265395441
2260964831
1695255696
1735667829
1155945643
2794543424
3360189477
2635467499
1070301394
1167996854
2175045774
3361013245
171134255
4154575759
76507905
3867634138
660517851
2533161541
973794565
1931724812
2728871763
3115144103
442757462
484943981
3971022345
1077576582
1075752760
2500586858
3416801958
2442311293
3368296797
440803621
3291059490
1798366573
1755836200
1526617822
851542866
2939080801
2859035266
1288561346
896038055
1617468021
3467275093
487612741
713492199
3010433701
2428685013
3993532905
583999036
2965402870
2399989903
1524217754
3294509637
3051775308
457999275
238316061
255247640
769246751
2599157449
3851098213
1490669836
3058585990
2364919971
25683617
2654502144
2742377283
3263938119
4143720394
1182345382
2823094043
345023148
4146724261
1467483078
1556947932
4047734425
3454987847
3127645939
2942381120
3319226945
2339526983
1874694875
2827900337
4084727815
252757493
3721441030
2762880412
3078338243
170306240
818393734
2397022781
2773630059
2674524086
4206289803
827679361
4133971773
1717336348
2676663333
420161900
2674813790
4105318099
3316427836
3468711697
1848815201
834398447
3350939350
3138065744
1202340803
3149414742
2456605423
4204339253
2877944700
3499721524
2029794278
406424508
305997095
1198037812
3755416143
1580996709
2823477365
2755683197
1464355366
3240202235
171649365
2981607117
2271544515
3890640897
1696996183
4114263528
1661964604
4049625130
2531871083
3831625948
912969741
1433006906
839523277
3235239780
1954706259
509626379
3106861796
4023456618
24969594
2862673078
4013282945
2158767971
1274050564
2491890020
2009602661
2365183915
2533954020
2449451730
2485659022
1632985750
13792117
1605794042
2620167971
3053409602
305137765
317856336
4121458477