1520068435
1802653314
3454025298
4038877029
489201031
2969102076
2529541496
1766393176
4250348801
1018048345
2011971425
251446569
4135214890
1944526946
856533038
3310583705
1425431487
1292526220
1263159537
2584971607
294534044
3865378760
2125215217
2307460132
3912209088
771913229
1835712768
2203251412
807155200
3618092834
1676767464
2882787703
4133293103
3077249072
1960317250
2836033581
4177941889
2724384096
3915469784
646239586
3469029944
2189485049
1741399459
898249784
3906383363
2607427040
82546502
1468895302
2826555690
135152997
373351977
2908839667
2074461805
1941115943
