1605732792
2273255572
3548813496
3892569594
3569441189
3462985130
3983398555
4048448533
2289532921
3064937708
2981614054
666492630
4294378086
1557491105
3937885683
1585087484
1724814036
584502860
1655731128
2456355888
4106499818
3215964274
1914734346
3850416730
3005012521
1898101492
357968906
3284164199
4057992660
728478518
2489850620
821362843
3689221986
1017500137
1031421933
340459740
210793646
2430754356
2253161145
630393536
2130285962
2844517135
4097958639
2583902618
31316500
1835991621
2645575066
1559332644
823759063
2215968972
3200816688
3042101435
1827302402
2983133493
664478759
2618058020
77935753
2015934911
331566979
1806240900
2452740182
1960145440
2337834717
4283283220
1488198922
2437140939
1422475190
2212068935