856623278
1652843632
1509438326
2022725511
288655369
1830677027
2272445398
909253138
2585908777
2296152046
3060636187
1581568019
824760967
855240290
2742062611
1547151118
4208258597
1846476686
3444027233
3564284568
3423378015
4124546695
709403003
2475741721
2665457233
3139432190
3706073533
3967844635
3272664019
286007618
3921600759
3627590019
2622920754
1963711176
1640497935
493550210
760185333
4234095454
3117247262
1673450599
1647834584
2232073418
2752835783
2833382426
3609226881
3062871177
2912866253
2654948890
1696281935
809799190
2034610721
4197940048
902913872
2295807047
3716432851
3864882587
1006829921
449214317
1313453280
2971839670
3496419101
3882559279
1751328945
2688066067
3844560761
3958560075
1501345221
1065354571
306511626
3094693285
3141621938
2120562145
2506974612
4162511977
1436049418
2524705253
2793791197