2942521547
3490008495
2028074902
772668975
1630717884
2089363642
2784728173
2265966039
1919836216
3082095864
4147725604
3197647481
2140382207
1378025154
2919307720
3742771906
4089015752
15541376
1745807424
271996339
3502160877
3595191380
2348445180
190437603
2188458823
1575793762
1507711370
3416612085
403401060
1529676871
1769141550
1416755912
1966149015
3157384454
348245531
366308979
2124802541
68090883
1230075782
4075951416
3587111642
3170766388
3591962328
70761405
94760999
1159215159
728356533
2139229467
3334223505
3024916759
4263426062
3260819059
1792356613
2588031873
1751376520
2141357923
474921738
1747736109
3803123594
244777177
1057639997
985391772
2209513478
3614094709
517779245
1754514503
2772378228
2510271473
2447185771
1247174647
3073030738
2818287830
3954003905
2727532591
3117206196
1427344573
3386539894
2886911545
2948018350
3778198959
3057321397
1441420241
3397665090
3633708989