2006655945
2981457659
1681986171
19539922
2106096321
2044179188
24294909
4054798553
2721907901
3887078361
3554288134
3572818322
2493723758
368849570
1510411054
2402897438
3135265581
3898657277
1124079538
1329222915
2604638725
3901811267
4190115872
1250203225
1996307685
1910863115
2046704387
417879153
3281135428
2966747948
10392317
3591685748
348747029
1629555027
3368550853
1810339255
3317251397
2935434571
3397243474
2592262601
1434349029
4249774528
2398280154
300734001
1081646709
3304812351
3589955052
1620130783
3133659931
1753920922
2674715426
2362335601
2960485849
1059860425
4182599663
4254937227
336529397
4143643176
1697440718
3213066475
2484411822
3545226834
3728110390
1493135565
3476152876
231964630
155679128
1744810865
