3039389848
44628429
3950546410
4195272089
3240154996
4097136954
3949195677
4239713154
3547547468
158573568
315102404
3119346592
1654088566
704432659
2820585061
2021047434
839250208
3903941557
786293869
2686516944
2756623628
1577609685
1252446608
4166069655
2573089870
1124338585
2139480480
2226849388
2613862624
4107210295
2697022357
238103407
2818507780
2485943771
2470589796
3198425669
1845871338
438974447
712064523
2963454256
2205711842
3638794566
2262382100
725971731
1165140456
1905545426
1182648271
1176451344
3599570281
1104236941
3377795081
1230356411
2878892423
237043865
3252402362
2473117692
111603957
772314577
1131826151
1250299680
679407514
2820899960
1769413967
3516616044
2585860427
3816765299
2185696964
2970526159
962880899
717975427
228003720
12310112
3991249262
4182073511
1142853886
3210359717
3217043112
28125829
1450984279
761832049
450308188
775781864
3222340636
483287623
1910042054
3923231083
368608171
4218302371
2533300968
122990816
1036110475
1045008457
4280103434
559350198
2093594564
1857637418
1178531814
4214510633
2007115454
2478297863
3330414278
2087151647
1617340044
1184077951
2379720878
1454897745
660232381
2552782259
3465785194
4151111829
1775236859
2931239753
