4259697271
2470392436
1528679209
2026637206
225382738
355426594
3226653231
1960370507
336800041
3169796225
2647536479
433210760
1216120350
2872963288
1582668878
3046096336
1617435050
2732108014
125899949
377663692
3443253527
3538721807
1121529242
37727598
1048604313
2762722780
3987814463
1030421404
1623615264
3174588903
2628068672
3296130709
2411645602
1365099420
1410701069
3270912182
3795962471
2073365956
3275777041
2671826294
757733936
1291719743
2673630447
873293326
2115805829
2901983997
2095983072
3991405681
2261028999
2618792877
2177735039
62328458
598348860
4259215422
3445597749
3755239959
