2835873246
2343647772
1850817968
2441071820
2706116560
1191088851
1184533493
2054601122
223422398
1933140277
415552714
3200319185
1797482684
2967474154
2658255133
3015291364
4190590871
1038172314
1192192738
1911828166
3629448168
266103317
933936131
3027599859
2091721683
3889235384
1522538791
3234532099
3583282549
3891561252
2054633634
4243382283
846167421
2904374543
731596957
2772132180
2652272252
1485876468
3874368383
4130040618
3377630281
3764977180
2984324726
1964950999
3793384189
3842800394
793025863
3188057412
440524766
203747747
268614030
2546357857
1606145106
409792576
1269392950
3999861745
3048477693
951341380
1366826933
3232384549
1587165195
4238623296
1409034018
745333345
1524555496
2478855950
832122713
3795337873
92995821
1049828497
278882354
1049748529
1728859929
3867155110
1020265970
2706544378
2778444575
816913917
2634085791
413810345
614338537
1274342101
3672958568
202257538
1567841767
1939514645
1437938389
1114810903
4064107532
3871609581
3351661538
4187821142
3187530263
2315120996
3613615548
846672241
1691231354
2775447102
347980987
2264201
3113577288
4233318261
1104686164
1503134175
1497220429
1186758842
1951205002
3740535692
3838335899
3675988811
582850214
1567114388
1260269541
946976610
4271455269
2942876620
2197007224
983017998
3003132218
3363278811
248384972
1307385193
2285352023
3874624509
750391670
516169373
1437475180
1994524502
2579576708
3574014085
843738856
1630540526
836970269
45701763
576981277
1033324849
3120524449
4002022667
3896412373
3593666450
466172396
166991460
999643011
3769063997
1642934785
4208788118
592486
2183701244
2847698821
4079528946
3917405431
2191865530
1977066760
592882504
747217635
1101886872
1070151338
42203656
573575010
3551228291
1928711189
4007788585
581643079
2534687739
3943710343
1043707721
3346122990
2029055302
880749445
2669194437
112797275
4037617271
853364988
1400707514