4208899164
3759135527
3258534854
1828257700
2113609105
3181940618
4189303484
166243479
4132889124
1225912409
2473196744
2702476337
1197539845
1727533262
565627059
819253261
3552066278
1377062277
1361474338
3489822622
3220486415
2293490170
568146693
3455538651
4024846141
2735470067
742290305
1717111778
119157348
3101508340
1385622782
2229501774
1761780884
3041349574
829837613
1044997501
2009372723
3989254116
2216198592
348155055
2213840879
2681681608
3585899170
2601525935
2049553734
1716057198
3076115958
2217576402
789353728
4201954824
2203916961
1677453888
288649685
1938074984
3679081650
663621584
3921155008
2535503085
1156612358
1608026337
3809961362
3688820567
