1958306672
1603766546
4173739365
3857959660
15625707
1996609298
2376202245
3034843100
1662943022
880520302
1896794481
4087627222
2724281215
2653892918
2866691782
1263029388
1119515808
1530600853
475582211
3198720385
3621125932
439399311
3967378689
1712383874
4121207977
2976387210
3191003836
895611895
1951957620
1373189405
2851251722
412856791
1675610281
3773208582
2236184376
1843644367
2868092114
3711521477
1310809669
750619428
3538085579
3331348802
2963358302
4134479192
2783302148
2721332237
146279456
3992972278
986415456
1983896529
3045574280
1876110748
3423801878
1137633594
435143880
133504621
101383123
791950190
1729733096
1760648307
3461049584
3965543346
2662350058
4218328039
565476451
1783155681
408731508
3837861784
1827609309
802722515
59474322
1111756374
3380813260
2169081310
2790953681
1189293695
1465346584
3049492113
3335810365
3125508198
3637041935
2696009348
3250579812
1314883982
3156646488
3138998644
3134059511
3548526998
559169543
2748369433
2949144222
4262680027
2522828665
2426354032
3380100479
4227957631
2125418162
3702295052
4069334351
2084417005
3544273125
313458982
1991511767
134290395
3344033447
3930444184
