618216493
2313967199
3005361447
2230566164
40894621
4136393947
4246812521
3996636143
1989632738
3138277086
1154801144
4090535258
2833223830
1296692123
4234340524
811751463
2415810217
1976245111
2379121648
4206371584
3968678439
4158413963
3863235573
706264710
3690255358
2757414209
3529820200
3014591862
1680237401
1175806788
3915343664
502358181
1996350860
60140257
2738574909
1990900360
3472022371
531429976
2832559339
2538387709
1192146500
4271640025
628913637
3259507878
2716116469
1372129090
2503384000
218816351
1369539749
1425708994
2901517143
2516030396
1540515194
129606959
142552996
2490308113
1426180421
3421357747
3850366846
3670413891
