3392971583
1586163951
1454622260
1865164393
3810495080
3467782304
3138822205
1500351914
170043514
969601141
1876338862
3135471165
285018025
1789997510
2587756244
444351092
2953082614
2369143205
1505799882
1061868968
3777919305
1709263670
274248919
930402064
568929477
1785476430
2060036077
4203869604
2567902271
3900933301
126701179
3912488844
579791311
1925057610
3280719723
1127614000
2886104238
302951147
1671468528
289031736
218762111
1294252658
4164517297
4237823788
1718574452
3752281808
2255395613
2251394469
2828966271
1429701502
1477338886
4138148555
1526703729
1161373018
200015410
2425692838
293447440
506764943
107138300
2524507858
1684500887
3698680623
3284724645
2726869408
3649489090
3020784560
1856849890
2403901223
2538147726
2762606236
598206156
3711379286
2168555239
1452057697
839723048
6639674
2774134422
2784072915
741823509
382009505
317662811
2393969792
3607474216
609963371
187283530
3903748698
2509116047
1928875691
2489218832
468846778
2137658088
3035328560
1345677144
2575677258
3873602429
4122141021
3568634809
429044678
2832452730
3944412961
1932472198
3706047177
183621006
1047849741
3884161479
410686598
2427742314
2955173068
2967786768
2919694987
1171928959
1634339179
3318478015
362239347
2143927942
2798781847
2546657683
1656510595
1361591133
966104025
2905516040
2697492931
1207380146
982668114
1365954897
4225597137
2975513984
145546742
2675962836
3749969601
2386237487
3618317423
1155194259
3444393836
1275655861
3209489266
2845160977
4177561515
537429765
1400816623
2588107398
2385033569
3701136231
4293308937
3691935609
3540479583
806669812
3856378257
3290418276
1392552417
822599105
4092208553
3556063722
4103269525
2372961163
3857513652
295812509
1748362224
979115145
2038910820
2769910206
2789718694
1284283091
2524131272
2180937719
2822743826
506886652
2613281738
2175366470
1643782018
330925665
3628369660
3867346871
3364195277
2208748679
2298809881
3733251060
2531222874
1823531725
2786385897
3873052932
3279633100
1642642473
4105470706
4227921874
1493317370
607065984
659289666
389094760
3262316104
3888919334
2103054235
530478453
1286992717
161993761
4048053897
4294333692
2758878401
214649737
3211912199
1808668375
2157841809
346406403
168391506
1819070961
871416458
76132724
2228539533
3365299352
3241610843
1218637536
2115396396
2759711496
641870065
286833444
3403025091
1239135163
401803759
971083023
2996720303
3319532099
1265010711
3827490537
504232125
2908792992
4033133098
1670126493
766075387
196146155
3063493209
1604576078
1924063182
1526653091
2410995647
4071793397
1717338341
2393440582
1063473641
3782585737
3276307198
1562987036
2644657228
325686287
3745607851
4114002014
1326460006
3761910334
4173266316
1404702389
1176757642
2097039155
3802810735
2038217293
2940185631
2003006433
1160460286
1275151741
2681138172
4216010049
2211921475