950076147
4064042152
2759603809
746847232
1184492550
3766775501
2672519987
1693043033
3330669075
1094607405
2681400304
3488162783
1544188577
4203322971
3445882092
1874861679
2153847492
3819497524
3363132242
3903029284
2545007902
1262490481
1356525584
2694815141
4097168309
3990182333
3109627838
26965857
2837666626
3230849213
3497901668
2418153192
2511959689
2214034681
1428381540
13874602
2969376691
74664005
193613561
3167344472
3521353686
3798999404
1264733885
207147319
3988473522
2313658652
1589810999
2033050558
2581686685
1883708313
1617720750
2084096096
1184831981
4025774946
2750298209
1365128342
3134112024
4271177556
1660295237
3238395077
2682126293
3529181019
1381193228
1904501269
2478891540
3269734525
1912536760
2944796456
1692613416
2316909725
2110590017
2836783104
295170700
2777581023
2628770053
1204635599
595900991
3039100188
3270849997
2148749041
995154315
3738703300
2567461845
1230235365
3555285095
2173895028
3606499890
475102960
1419617287
1269170194
2842117134
2758943179
410591542
506805480
2757665228
911140627
1414969324
2296549427
732582882
2982716608
1454737284
3715544752
1080387443
1758293444
635248156
514693941
1914343884
1777984118
206914029
4220242635
3634420916
2695529329
593471200
1623377551
3409161326
1918579694
1302199933
1370508162
1749462640
1952012542
2458401663
2810421619
2985312373
4291808666
3325856062
564178240
12461365
842781540
3772520869
1616581082
1772504297
654610077
4132876769
3538553938
3735424774
3977240840
3882144720
2355581696
790148894
1526279667
502504622
1858000755
2144921591
834310957
2743858453
638339455
2960344395
2352593732
3852335020
963947720
2853366341
3954053559
2794686526
3029159430
707755461
3643151735
3181615168
1343762402
1204889298
687416891
1757940770
2117875623
900586524
3438326723
2415649377
1104877415
1390675364
3977251559
3697494778
3769637265
1460318060
1801330309
2006295281
98755393
123772443
4065833579
2575703836
2540267002
4024300699
620383003
2888231112
3833762452
3597003258
1496528829
421944715
1290226616
287024904
806449176
3634573552
191774945
45652954
3614261552
160302370
4276665354
4200465565
1384315967
3297500962
1863003108
3496750591
2524338906
180607641
748682117
1215277368
3075230164
568406950
3040652637
3383720922
1075005203
1378325623
3271240570
1899593136
3394402880
3916621800
373809210
29344615
2971291568
3287082442
2594827734
2267759018
1552626033
2826250097
803731461