3009842736
3914114201
572752598
2976016516
860112688
521929753
3400870083
1352819600
3549224853
1098236713
1354570944
2051450827
2055600836
1387601392
345580998
2931950744
4075854110
743970138
2362542018
2272345926
2869407924
1353361464
1780712458
3577209669
2090870915
2339381539
2015670798
2065490837
1831614518
892355300
3132979451
1228478308
3492563246
987473369
4201693114
3052346464
2770735462
3128828573
4255317121
450130609
1453687228
1753458412
1130060725
1802703029
3925246992
344718583
3038000834
430101170
3500546699
3651485448
1258751216
2306571239
963021837
2272110303
1658196632
4006365883
3960610734
2436622953
3954803715
3847414345
1589456366
2427888491
2202608368
3994197417
3583849996
322118145
1689673393
3407146099
1179653403
2655938211
1758829759
3359050503
2514648151
853545597
2105539962
1500445446
1634975283
1474009912
720957319
1683230420
2642383237
1961000966
1791943973
4061431381
1819325803
757299974
546542251
1136683517
3605531961
1983992614
868732633
2251623256
1486242387
303199128
3711195564
3573646370
3276199910
3106416757
1603280506
95334834
476006404
3724977573
3349135664
2224397789
2954262741
1126004128
1763776673
407225760
1070958645
3912066115
928896476
4285406615
690889059
79729195
2657309671
2015063960
3395201358
3281201424
189703748
188473841
2438741468
2044842514
1922206197
4110963979
4128731931
2820560040
1468041343
1847302758
1140676367
958365273
1601762527
1104474090
1982353868
3737870367
2768859072
2673815298
3224520513
2401721850
1414994071
792059654
2089891771
1285262630
89670510
2194577381
2923540842
2536105151
2900403160
3716353374
3982656115
3096051230
2166660845
1042878598
3339343297
2532451158
3525332725
4131609673
2421056154
3558038327
347344193
219138306
3893144421
553207180
2100625248
1497647217
2458103278
2424910652
2827643090
1252319583
3563733737
723347132
174597082
242538080
174607940
2681628282
3370995349
2510019791
300775231
1241511296
2103130831
692120077
1972203578
753029793
1028853159
2532413815
2466836877
925283343
793747177
657448592
2091061869
1226686990
4111970366
3840688831
895554908
4007779402
3761781103
3413392314
889880907
2354174176
1429396519
901286504
3058258158
344850862
3395493837
833605546
1650636733
1142570624
2949749334
2951741472
4247904786
2167921007
3614686403
2468007233
2587338832
2665308110
3879143536
25956001