1843691400
3064623295
87163189
2472868045
3580546907
1912829303
3778532501
853260679
3765818193
3015090322
2466628993
2322107502
3322257395
960881835
3578480679
154170905
1926602393
1330674997
2208157849
1761184723
1889196559
3901976306
711540797
439512018
3867138541
325151585
3754698328
3738844458
3171668787
4238418508
2420658560
3681233085
2847864796
251870368
717408338
3964324653
1006808626
1510512308
2953018324
98833653
1617834298
1888020536
4263513107
758649855
145533553
4091470607
1104260853
2311058844
722526910
2123169620
1366641462
1599958127
3079388785
784698356
2485142416
3117011587
4022955518
3078168465
3567103353
2987778503
1375293253
2920232457
747481443
2534321282
633768891
