2572890929
1203692161
3254900640
2372794985
244876941
962498374
2409322855
758135112
3214790253
153681123
1685952000
408842238
2281407931
1779672068
1265476522
3149216944
2237069534
1423278141
108882783
990306469
1962160134
2427356346
2609494475
1769748787
1330322268
3924417131
2636031905
2289730907
166432630
2527454658
1084223900
3005358488
3139131877
251124726
1036057963
2378848338
2870335438
2880694350
217084903
913621590
3544267221
2826276111
2413660027
2254115000
3157516336
2558287863
4056554466
