165145715
2441807937
319283918
1933249700
3269551022
2947847493
1416794524
1765371388
2734654513
3580614043
2334838832
539671096
1904666385
4050692863
4247780221
1085312428
1369252885
3315860084
501456676
1723841433
3380645389
3294591296
2140480726
759011043
3128358610
3968988451
271239635
4032456687
1968687269
942193234
215670019
3124356509
389049266
1595063867
2757407248
3686438774
2973367471
2140789864
3227174694
1776499343
986359040
3635707729
235671556
54880105
3226529042
554693682
3705609103
1443367416
2596159930
117215430
2956882800
2227428692
2213085549
3766671810
2165958155
890570524
1476113900
3449987765
1742691603
2218542689
4068012067
1833230699
860335339
3437149216
3482979149
928585442
1123274329
2312324441
2691972127
1488931060
4095636842
1548351405
638975226
3445592122
3330672973
1031839181
3587756515
2571259321
392377910
1506229359
1677442435
3260790570