844661141
2734887137
3171048620
3053455336
3977912165
965151677
62887138
3379646508
386653692
2720941328
2668640607
3476228470
1463544593
1095904776
2947195235
4064275951
947554133
3937699174
4016151021
1458912169
280749782
112519768
427794951
2432979570
88020078
3610496747
992404807
4225334484
913450180
3503054707
1352692681
1789470521
1891536633
3665813299
3510045109
2230769616
2828942067
2282574665
1696781712
2878006679
3557205144
894796851
1658107050
359776445
2438520352
4062242880
2062620411
2760567556
3020391246
1488644439
1848013267
3769000273
2998221879
2594350673
3341607572
391857615
2495318702
3283245253
1511964294
104971621
3640863601
2852444210
571001644
1935482206
1195745260
3930393454
3394317334
3500576270
1108623643
1234845340
2803212524
232824400
3437235166
2333233159
3783047370
681772015
225126011
1858342103
628540638
3989532388
3655578411
1370059770
2260241909
2401896472
3814290886
704786150
78662381
2319099372
612405667
4121520031
4042987767
1055843067
1715760826
2696130272
1345150494
2865891407
4076836681
921584969
1472859023
2751878578
313562710
1422625108
1493153910
419936259
3320828860
1651232941
2190175047
2830496619
3620556260
4191018824
1267728564
2562667223
3779461383
1426681350
1968256452
838093196
2667965048
3147185984
2350050444
4117759155
4269799117
3870203398
3063043596
1784441679
1626958468
49182929
2195864577
113451385
2336598974
2648955496
2145590809
897706652
2652819435
3789555504
3231981473
1482524660
3763140683
2184573738
2347610156
1369077086
1775593802
682245280
42191781
3112147386
4065798164
1886027545
3489813666
3019448898
2405553635
849588874
675216492
2820226923
1081062120
2332021658
652221630
790730720
2051816578
2168726289
1492271420
2626834634
1700712833
1000363380
540238819
1910977930
3562615337
750396871
3865244824
372852040
2174492766
1873730385
616529596
1348752275
1262277492
1581168772
838454972
3252333567
2452746758
2133131721
1657235583
3687398461
3545519039
3351368741
2949962319
2545204457
4106806756
1899173046
4098294156
2239329524
2251207110
2794432229
1414355215
2230256017
4266744757
213536825
3600729027
3445736782
1268785504
2656129445
702217432
2560187026
3661604914
1329960064
1869500651
2862505232
1778687719
3038568158
770389840
2122728705
734040720
1937719419
1263292675
3483975570
809009407
377384533
2471376136
3593495503
1833275670
2426521511
948038722
520312433
110807838
1175575214
2333152293
2098991705
3006738391
1447948042
3161278683
3932911230
1974435865
2081992983
977804937
1029186850
2925241389
3513418376
4044526224
1450744879
2997977031
2189907178
1011771160
344982073
335232368
1762490792
2988930471
1668411769
2155829766
279150475
233085754
2586947307
3011250968
2819498945
3172663838
2397625677
536378195
320317210
36808014
1530146599
1167581246
3319082861
2293601321
831018639
2772184084
958533751
1202570900
579785770
1157911566
3257364412
4044138284
3919892252
2878921565
2559731891
1600493889
3841318763
973474180
3378520847
636287091
2579933278
3397774773
2533457934
4057128917
279845185
1585313074
3263277054
3821490622
3990979219
3592892437
1380973447
1318150076
1346724877
3214091863
3749024860
3700167719
641860679
2744311985
2169221652
1612079750
544424696
2803811624
3097764290
1420538571
2315662429
2193028700
4271635060
2123191330
1753097392
4241910320
2238218141
1162809407
3548503271
332363199
2651089042
300874524
4235989956
1115325125
3640248518
3467966677
2968887017
1060083634
809630870
3665358549
4059192055
3453673834
1117255374
2937655953
4293998102
3010854412
1339672672
1478150996
1035553432
1865661349
2765573871
2489964499
431988389
1879132536
3545091978
2515015914
3486138596
4127633866
698467773
76347210
3015072887
3760649009
63557626
3716517364
3551426060
2273754867
3417276976
860258870
2973215618
75561557
1398477101
3640309334
3133609523
2163794392
1014209117
4184381664
1880480523
3346358667
4267714696
457496037
741917950
2990277507
3867024785
2034092005
2952464899
3460240494
4287463775
1776300677
1922918343
1994619093
3046878321
3336968681
472789668
2759924833
1582832498
3319954957
2557541990
773510790
1767284287
3760629790
51648834
2962843021
2345349950
3767059301
2648727259
2557657327
1611029809
2504430325
208238229
2002461847
337349783
2859676471
1948982803
704899812
2001561270
2497071477
847856746
1867159688
703752603
2251872042
1935496228
3988973005
286209019
4107235761
3193086001
2199922134
1049583130
2610696543
2656210068
1985942904
4187952461
1271508079
2689481514
2998975381
630704976
2372005530
4148038657
3794261343
3509390812
3183337345
1485855108
1392586469
3894505320
336877939
3923738766
2241987438
3051882083
810474821
1168217381
888496013
498915549
2206262980
443711918
3252673473
2938536583
1488563427
76740310
3771938899