332916
4126833609
3298743447
2999669160
1611430449
1039849041
409640773
2137618841
3100654778
877129927
1139836600
3002156569
2186652795
2861582303
2216638025
1555044875
2087695960
2079133428
2777707180
1842054829
152054641
2458726677
3877035879
2053159753
3228709066
3625059529
3301964833
1571619296
127049016
3225695703
3174401095
1713143969
3039947216
2352876617
902679950
4043448854
765305890
1922414911
3836320974
920010844
4169079314
178114930
2898985964
1393768536
1931036955
3029550275
1584372310
3458941695
3877103259
668442382
3777227786
3920855184
1033030487
1804684777
152800674
3035365434
3997549370
1964319698
2546031769
358492104
985299577
2418611569
