1867674041
4118453787
2580463198
3418568315
2522123408
1328001822
3885230042
2223212852
858780677
1664328725
3837336247
476576293
947974555
2222957735
4242671090
2231955805
3059925760
3858731613
2403885401
95463967
1512520750
1280990901
3375121254
177706407
1099980569
4107934636
2828321522
2940341990
2778028431
3445162610
3959045243
901384699
1014410304
2394241010
1912116985
2977637365
3325738419
1367196808
3313772542
1426826544
3513613719
1286163771
1114469575
3949559518
3143574737
2009629819
1450049538
2049321820
1859314975
938488512
3772743598
200103876
551281970
3248187079
3299382763
3150133881
3892684138
2426175606
747362505
360027766
510876884
1934934119
1324795166
2114962862
2716115199
160557778
848277777
1790765568
3082518256
3444695485
2583986940
4010761936
54674414
1288829579
3223908473
2667751441
731380104
2625946749
1701808025
3718755802
526541410
4092715082
4172766389
1272138928
4040905601
1628706987
2540758246
289405091
1186022339
3325841584
1627564044
2773208532
354183507
3872800705
1365633466
96414887
2488371431
176022333
2977496990
1683049775
2112382778
2267481735
1867121563
2921127214
3454851362
2980451373
1346052376
1869239208
1208894578
200072577
3412249697
286470184
3126003394
3567575923
410783870
3324123730
1691815194
3020566941
3280398248
293716916
843910220
2400957188
3620815667
3508535229
1566796051
2293274201
417346504
370011035
3872702451
1864988957
844297722
3776509232
2805672917
2789774230
2379712052
1010644941
1971972167
1472739553
4165298617
3819889689
545906118
2676141628
1068544857
3092968682
1193206473