629046242
3813623289
2143113060
2909271201
1641800522
2225125474
498204562
3786418961
848587001
282871657
173519214
143700021
761943096
3201760344
3760565059
761587696
358146510
3849797397
374187849
740628324
3851153410
2728733254
29054768
70276702
3191339694
1258532045
567262855
4155715447
1925887544
901035848
3309519515
4175749579
37663009
2986665384
1448771427
2961305704
2616367525
3703988793
1133650766
148233189
3120933195
1461379283
282528167
3711833077
1335601900
852331331
2744996698
2472486739
788978395
1787822129
1155684379
3544902700
749492972
1486436617
2950069096
972028340
3174764856
1940267453
2707709812
350808957
184298960
3835917119
1030178050
2858011805
3597983873
3398291042
3497334404
2654847931
2799540134
4031207484
2781835075
2521188908
1726760203
2774472857
1518680918
2572625190
848181952
2902872559
4090171869
636471302
1158002738
1086997886
658632217
239423913
3701344271
3931105497
4032226966
108160167
3331510043
1869753119
4001251403
162247736
3791911829
4008263619
2691601713
2586827535
3148082282
30677691
2137790143
370468817
2038989208
1478274367
2158846927
3188297008
1963484394
3667511486
2314669540
547813886
2647873750
3385702844
402813815
876954557
392412715
1059839988
3845766524
3619503601
2045422435
4031480484
4173557800
1382223573
2332818542
237787044
1925993976
1007323799
4060146288
2344991883
1940991880