1114493145
1280464274
179265222
1104154879
476263351
740507885
1663101517
137154470
3192964610
588716427
1048164273
3820296042
1983713075
3847123642
2749882732
1493726076
489031958
3837916010
3749853162
117081909
2456714102
3922853228
3357302200
87723425
2219670893
2483730444
1724847201
473728818
3654152178
2512472053
1495234477
2952741987
3777189394
3874212434
3355785354
3473946242
620372012
160726121
890261265
1771372497
181143092
2120497935
2311987372
273715663
338843657
183182508
3660519532
1798342847
2323954653
2564185744
3697342089
3021114440
4277720670
1518066515
117459695
2830424846
2786944859
1906244780
196793307
873544742
807148236
285404590
585260258
189108234
368361022
2174903949
1612321178
2735983676
2556987497
1896721924
754868896
1891983201
1293668773
2157724530
2422661362
1172123034
3618392024
598185043
1763024240
3024662396
458513687
2988563805
480701317
1780542138
2341522146
3683203860
3581569651
2394362976
3975019758
2233935217
517412789
135137339
901900247
223764084
3513185990
1848583330
3279933950
3625208855
3110776750