1221050565
661935054
2200768170
4191922200
1542446398
2864538804
290871368
90061150
1468522724
2242532138
524512210
286058085
3307231441
4168629354
2692666386
3949276009
3437990442
1012835119
2369264357
3382036880
2350454139
4102608181
3730977045
4061646351
3653025289
1728154814
345733143
2501575511
3416622316
2460203356
4274439858
1891555281
3513932693
1769281921
2897020913
4197550902
683417355
3952727974
1305658563
2803402572
2956868964
3023259859
3068957908
2705338225
812489022
1283949493
1674393471
1215648494
2169762259
3868405501
1119750395
2368578209
1410120813
2752349942
1579773280
4168402989
2661114929
1725881868
1850996747
1906512364
1250227261
3850443091
3202092884
206922761
518473746
3610147733
2143828325
3400974436
2977927010
789644398
3728567042
367750533
2707893849
4189734000
1600608412
2550680324
229964901
281858310
2822413505
580686304
3024331352
4087167646
502834086
4112594458
2111357420
2767223114
2460629583
3582055134
1493043661
1740753634
1305677985
1278382143
1719133943
1254641720
2762975966
3211607168
1982640155
4069758995
3358709233
614329340
1629827315
384754237
1949642174
3688651042
