2916984163
260270866
3237256207
633039189
2404197275
2920496552
3432346623
2606563027
2518553094
1944578697
1446580213
3411308534
2995157674
1670432117
2376578917
3589636474
2623262724
1436972026
2591968494
1973821388
1987668727
1174050007
2230162819
3190542840
1384256969
3335998799
3374415329
4257926689
1977567264
201151341
1389354884
2357386706
2359306606
3905692760
2309925929
3640840857
2874216668
2877721820
3729659038
603444534
208391944
4221074123
1740122458
1856077451
1353232154
1086238034
1960009804
196703718
410264642
2329223925
1729562474
70224221
153378675
1646343878
2601967480
1970423230
1447715252
2886940682
190977934
872844798
638477900
4230212487
2607985311
2395302921
1377262314
2053453098
2045097292
1751208571
1395488262
232234221
3951449917
2424287624
4047288104
4254306618
1140200392
2307937580
1466147892
4127592186
55312882
203841897
2696211149
3828140571
3037260334
1600999684
3074630721
723106408
313589481
2394231945
445362998
2254933024
2234036205
4097395968
2434354310
315932096
959079067
3137754377
1201118950
4158143500
1778873620
319846943
527454223
3603964392
4109072440
3269694240
1852104975
1634386048
598427012
4019060779
2352936327
2374634270
699538965
1436006160
3829110436
1655700101
3260872429
1858362844
3010047127
2715048231
2229173581
3095617503
3378431572
3835473120
1088274397
3620799509
1854493435
751297825
1623942410
3653515720
3897399268
557426075
2622402108
3241445735
391385895
302755004
4032659760
3866322961
909890130
1429876214
974828342
1290483667