1557107843
430775259
1110985326
1085035237
3719966395
1312167581
631101165
2623292771
2445885289
4082898285
1792060954
109289660
3906288176
1166005321
3930481628
750115087
3695135415
2554183531
801460229
653248423
1901397541
2916404771
1980903492
611154795
1194704813
2933634807
219378603
4091337242
1938870381
658740496
3539918410
2685169087
2114586438
164549801
2408883058
2792385779
2909169400
1508044036
2134891181
1959377262
4260270021
3543221565
593637126
2744964628
413516612
3703117209
1878742277
468516051
531453911
1673249489
2894286481
1167409297
3212295676
2273580744
467375459
1278250653
2961286274
4151109873
1173786332
2936610117
424376775
668436941
3323948459
3853653301
3372767527
4093771452
4177276067
3293473410
750243835
3497023514
49350196
3898462706
961449775
1736996901
292869233
2180444712
937037280
3702642920
628782383
3775537864
1779334305
3624075913
2250298604
341678618
1272022919
2109284563
2583003596
3452188058
2178309251
747135058
3831732323
655115914
1080069419
4070324315
3115171368
4094738964
3023771395
2134929097
3891066445
2698064109
2722138565
3179714907
481955519
3563887023
2269187003
1177010206
1169961785
1860191281
1070942716
3633152657
2214130653
127817809
3396650166
1541840995
2711871265
272881254
2268133230
2312776487
1676738565
2648260537
2840559415
4114141673
3038930392
3635907158
2801882454
3334269722
609965140
2732449478
1556401952
1991516211
1629264881
1107437194
4162263060
765009241
2923599737
2153573777
4048247938
2162747776
3758278257
3187641665
3590540126
3383646814
2679956795
2936193795
4237977655
1300425952
2401715003
3103027576
1679450648
1980352622
3566915434
1249210378
2998970928
3981959326