1347375194
4029971169
2198495519
3460691718
726189319
1687536115
1505671622
658428191
3280802562
63220854
1817641161
252642653
1115957847
706824303
3421842086
3681231427
1800367869
2717069587
1197095424
913635631
3563008252
1982958858
2019638658
770891200
3747999556
2334178803
1068319543
2447928054
1002229777
633404820
2158324386
2687969874
2954035565
2859701801
507016144
3550502818
1194372133
191237077
528216023
1286813346
320886818
1688717428
402012104
2759360209
154530663
2517055451
220856054
1264154492
13653465
1912176693
316043360
4214256360
3480702950
3811039043
968094592
1484734646
822637945
1445759377
892796415
1142110071
4242142551
3650929177
331912337
2043918115
3261803132
155243537
689740294
2847011560
636635704
2267495721
514001605
65981651
941601019
1629240722
3365350047
2877243203
3188680896
2113503315
2162604801
421957507
2552624294
980639265
2909221832
1587440694
1620750233
3685418989
2021657091
1435407821
2465789626
1534787313
2075468859
3511367893
1101399621
4017784353
1737256110
3139794855
2546573662
