1069983681
592070392
2713220707
26674933
3543786938
2673970039
3365173180
953527672
3291275159
3849360206
139746851
3380347301
4081398927
2567087213
4068197650
4293019989
740912135
2885023783
20618792
4138348701
1681123416
3330977572
1965663452
1750252103
3134757329
3339608398
4091109301
2729184980
793223544
801040660
2739774217
2217240107
229142593
1948319549
3674489502
363570565
2488464082
4083138079
1837871468
2898304735
4091411668
2278066084
3609364973
750353538
1691726737
129615140
4239374257
2311862107
2984797573
646891714
2710951393
838124904
1164567876
18300376
2726684701
1220282347
1387149322
562413396
2990565122
688490356
2002414995
120514930
3309328597
482784033
3133118068
4034568345
1597435565
1745446319
1590587696
3750048117
3591671972
1942191625
1867831087
571074324
407009833
2325662326
1537603298
967906398
3600797156
319483229
1554873957
2972555258
2710267913
2829428095
1016816332
1650914303
3458285026
1414061104
187148377
133945852
4164955753
1531851868
1580240272
2613359645
2735056782
3603974948
1440357459
3277865823
2895673645
2554494682
871049051
2766909592
4288695034
270033641
3104487111
3224384353
633863365
1778139340
2047238541
3680421481
2435422516
1556297506
1821484396
3135139025
1584488617
2265371242
469142508
3974567677
1655665548
1182585289
1646870576
1325304833
151218016
723942442
