2698035942
1305319068
2407337951
2047617459
2906562266
3053139271
3996859062
1817808144
2944325203
2048782738
2076836876
2740832839
2337899886
1357312966
121750947
1760440043
315475164
4049582431
1084487121
1042792871
3500749523
4231688129
3387722253
2103711876
2533621207
1042870616
3923574313
2570801932
846741397
707287607
2732074654
3894051100
275711276
2243319822
1570755703
2386749772
2637145875
129117874
508166276
4183621401
259105814
295309974
3674357289
2263777226
1663702323
4085616900
465543588
2085664976
2417013357
3498309624
1758129125
96805319
1947408182
1801622663
4045207234
2234903580
2270848347
380711749
2507643834
3151793633
1451734620
438788791
1233100472
1985605156
3901814398
3840707638
2402123115
1611079630
944078938
3723981497
691948454
480839444
956215867
1939710263
1632544471
200411537
1901577340
3422733492
205724966
2994216054
921988680
3340198157
3172964428
133228942
2714777603
4121108619
786872086
584174003
1186597044
1570247134
3875646644
665673375
2873492631
982271458
2431248300
1758223104
100117617
2203601801
3927372095
333016559
3086726854
4226545919
912964488
872549923
56141891
1946958177
1215514189
2794406179
4245293799
854698336
268013410
2171593669
