1472977833
720022757
105535518
2852568821
1740329145
3127357000
3981203426
3899867784
3336212793
764724663
4276634789
2269344042
1519101197
4151591816
4293482561
238897715
2105801765
3426436630
1658180400
1755723223
2192866084
2052852401
2195900402
549629465
1953195957
3191043046
3174866817
1120922677
4279909575
2550690203
335068683
2378500843
1715410853
3151684969
2647669379
2749457608
3431625672
4131274074
783481668
4238357806
3248066883
4142387596
1050400993
1471181767
3738369869
2493672069
3415826198
3322034613
179837476
1309669311
966028470
1351710447
420926892
1054681586
3426693619
2394379089
4079561364
2702812154
1941037566
1157087635
703868727
3473753306
2021457689
3943522795
2534958893
4067677574
1608647185
3936837176
282531781
2334658286
1549986685
699308127
3651871199
2061061240
1827087529
638802010
774289359
71562552
4180780586
2201544940
1608568972
3587488304
2869949204
1190345984
3761188728
556206764
3171975301
3681201472
1842120166
3324542666
1899697
3580613543
1550982192
308931261
1821166179
869262927
