4065673378
3336654105
3171000260
1331216493
3621300199
2310315340
2314737369
3512249504
1741490635
428965390
4090557981
2448576971
2616281376
1280633473
1130128172
2672797848
995663128
4142596664
2615849836
1979161257
1973173379
3238960456
835062262
822565877
4268180099
2904632557
2243331173
1529622336
2359852170
2985315561
1711798574
3238243275
684381548
1136349739
3153275022
244512424
2729244601
64222631
3643750484
3054401067
1383858482
1609088896
3243541698
1651229017
1320682739
1015270442
2154607018
3117308726
3161268851
2884640728
2973262097
4023414692
1266593117
3267887382
291143586
2977291878
2701003671
1693774983
3774555749
2846949007
4113149841
326881533
4008238642
4191229738
2795005429
3856116441
2871954783
309983821
301736264
4139046191
2441719085
3507851144
1234338662
1812343292
892488600
2852626437
2239498576
3914996550
2021861314
478875200
2089450448
725232055
1635238316
2916349059
1324983661
4110252481
2342497766
2540346263
1369174173
3301892482
3508909680
1273178559
3992224513
1606590210
37044454
32782009
861583753
3213448990
1695208948
67535011
25157910
1767334639
2995732911
2831988990
370086174
1629504756
289292691
2062203498
3410638081
252641500
1201104795
2298111734
1986851907
1863816815
582767070
3383383920
124701644
3659898861
1658261357
1696542672
2734173120
630132239
1534662483
1924063872
3715593627
292192749
1807593379
3432558334
2732635874
1752025455
1502046236
3701592128
2850518346
4135168828
241161544
1553847724
3890478577
3186594847
3829446462
3677142674
1113589982
2882190091
2845657031
1104654820
2099663806
1683455151
763311171
2773313042
165547950
2750324789
2098671765
1068963841
2287831485
332531144
2105631550
4164685453
1815098451