1481395655
876820443
1036977500
3108531454
3847991453
233430003
631711062
3024949305
873378807
117743452
1641963261
3113835196
1644164917
426691660
1902235758
1414350492
3370366814
1773418678
4081619316
1268293014
1562408530
775661258
193712798
8261139
2097108684
2500619479
2618425245
1443040973
793076862
911556448
3539449049
2525738748
2784088668
2026627505
1060388476
4058443680
2473604148
2079096629
2510924732
3786374365
2636866074
2444999897
374450531
1340586950
3563181623
3539732682
3066495406
1591115521
2234064330
3390630117
2096992557
1895578473
165889220
2438691229
827569126
1830521210
3263203278
2762885799
2804508954
357806650
1941903021
2093727648
2518884642
1129174892
3452779562
893174573
2531775946
3277816535
2411378819
3421425369
229686836
3787088404
4170134795
350185956
2121883878
2403443722
1255040628
107250458
1557376095
200876250
307337571
2543693864
8251335
190601911
793259664
283787660
2121582262
1881309567
2686122931
3542919613
3216490677
812273403
3976271766
2840109966
200582394
2156699374
433519975
2878963716
1988692681
1116022791
72641477
3116681604
4168666457
62338687
2368175003
1317371280
2256060359
1666876073
3061919441
2527094443
2333833088
1340582139
1330975539
2523367351
567926568
1418072297
3096302752
1552382351
2108090988
3952340574
3759402823
4276474816
2329660186
4075904709
748652673
3867068536
3078219924
3009829714
882759031
2137458892
3320681408
2340271777
82119543
291483104
3473505312
3114879735
2430487174
1919647933
3483793542
3663920322
2547464505
4197919719
2574383411
2296575753
4179323316
3643512669
1856313