1658343370
783408880
2122087168
3850714782
2116338568
2987638249
744129282
4174644968
1820795671
2981527892
4271451158
3090909798
2925762893
798397327
86897864
887359140
2275370859
302860899
406365570
3359338673
2546626014
2463874557
2441200325
3060444936
4231490587
3715476963
1933606355
1507666145
3742825816
4098479100
3485983199
3213631857
1745579802
711427266
3053323875
1324329172
2652554404
2466707070
4123529496
1238582723
596570008
217402696
4292265553
1856845533
1441849549
3631141578
1566907762
2141295776
4111533004
884731563
2618177645
2335558210
471887522
1192050628
845734542
2333830445
3845450254
1048303940
2287575592
2039124527
2611343797
1361499924
2665467875
3303286134
2843921192
2698487885
3449999609
855932755
3965243735
2276244322
3181923312
4037368324
3267573941
4290855429
4112375402
3485807236
3018389584
7805454
4278186710
4232471131
3200689315
1279440037
1505484373
868650177
723057913
1650568864
1470345529
4162369477
3767211101
4085356313
3260214679
2321349502
3451089542
1450822167
909042153
723425397
753437064
4239983866
1856071552
2402282671
3515834945
2083109222
3039028289
138557725
4163950065
3602139584
3352422119
3159828289
1372654029
2262247743
