61549114
4003381832
3947771620
2625656807
420470071
1905975292
2204325912
1174431661
1290184018
1135907663
3773976818
3030830344
3138072968
1177841925
713328679
2375576883
942924646
4126514671
3782782626
3845155482
2059442393
932124272
2063779960
1280899644
2030423683
2184419301
3885553828
3933179236
2531034965
1733605113
1788936746
4010088634
1537473172
338651990
547165113
1086635576
399710182
1597916367
3344512897
3119340967
3981817552
28074705
417334036
631498390
2178330406
4219255308
2513831015
119474607
1335362029
549812835
4133607872
3480240058
2761794984
962917407
1742139986
3125609989
2483477794
314905867
3481090596
3803798741
596213140
921178196
3051687738
2783701182
286987280
4189935509
3060688222
2514149119
1806709440
2001673631
3796348206
4007804977
3696235575
56712778
3119574847
1176033136
2278807081
1856285302
598996394
261171510
411830991
908648457
41340580
1452559587
3128353818
3586676609
310892441
3513574212
1002431313
3282841029
1620368718
2480326462
2326751795
182477665
2137423048
2441782189
2379360820
1013636137
3496980468
441857491
1407681776
264085228
2441054015
3883055115
1712545811
2548424786
2219215342
4088409042
2763179446