71053600
2742595883
1647392943
224288850
2238194387
3386481300
3744286522
2060578152
923864290
2008883688
2174125921
2123510177
427049817
4183272937
182593975
4128654927
1595542317
3697048314
960079042
3904032525
2154122977
4091270604
1461518585
3762934516
2511752401
301820576
3326551920
1839231600
220344039
799320867
98652290
2097350136
1883313817
2375610831
143770545
1289768847
195249758
3428244016
1706131735
498078895
3436680892
552843617
1086868888
3547550581
2925143248
3936273740
878647770
3101696938
3422849141
793598111
3315804466
3160649273
4114062033
258099501
4266766167
3410597697
2254679231
309188625
1805028317
2986994376
4136607646
2763591824
756194464
2453512976
2207013717
1695661360
2086169719
1711620707
1607803575
1910544975
3692905242
4245639638
662807671
183708487
4073638369
3603097149
3947173889
2181281734
3889286658
3793199776
2396452670
1334022493
879435043
98099750
3717526520
256013121
1765489529
3136785306
3007009634
2717388722
2634765565
3950931058
3022915913
93247602
351557031
2898575790
342694946
4269842936
3213038945
1341098369
3633853119
2242106009
1977039855
2950429855
1098972251
2699152005
3056568960
1518323892
2850721931
2039617290
2830851252
2569960402
1950177260
4247387421
1729009310
2083576459
205147293
2228918490
496798023
3661852739
1778147334
1268812012
997610892
2337215902
2035495468
