3720276983
1167265273
1780358122
1290254140
1718113542
4286784739
1324101947
1449349909
1610067019
2104886698
1236999296
2242104090
1255066077
167768665
834314158
3744271079
3908381517
2864855197
3939332762
1803009114
1358011187
141153025
3818884462
1037868812
3217706353
1082629509
2597434608
502943087
3220252823
169141711
1221053204
3657010666
1028955069
1481285345
2159215027
3873097905
9978658
2414237833
1538578781
1384475446
3039398920
3126199688
3875830679
2615092770
2353306065
452756327
2970436605
1022272488
3414774185
2675659926
2623417056
11574823
1522441283
4014860499
1332851852
228865649
2909667913
1644023406
823103960
417383576
4240821229
2401934953
3561351588
3591947956
2562931155
2241237001
2030054580
3878213797
3254781048
4068154200
3717585859
1228679988
2145578563
1260348761
3214329413
2454370333
1581530561
3463871327
15118834
3428521786
2085170565
135571225
4258262583
1363736307
3566485189
522259460
1780071050
3945072126
732688902
1128963870
1208356204
335607837
3423573789
1952866717
1103514356
355994645
2898902386
3235081261
1276794494
1320667954
304227554
2818708135
534840670
3852185155
1090790265
2098580495
1008849448
852752751
3486686253
2066059973
3427565501
1196763002
2428757387
3599558177
3718886363
3519110269
3636224445
3395357083
2086245466
184801324
117999458
1593184588
3503804626
3782223468
2364654221
1449527636
908194135
1734485947
2555857843
1648004347
1410777800
2835728306
2151278729
1711312121
2696533616
2043044300
4062821401
3761490128
3243284513
2338950547
2508475805
2522926487
4203225217
77097854
433447559
4262433873
2900562603
3396889321
2354566408
2457562821
2339282712
2450722743
4253969663
658995790
627373995
80192585
2628194061
1234150308
3640467735
1072133650
1103561554
2237202168
2985120342
3752369836
672289270
4176183627
4140264741
1140808904
1684078708
1385053085
543946794
4255037769
1892630684
2750639841
972623788
1368637098
697701770
811473277
910962685
3082696926
676462558
1763392236
1900516788
2571395596
2245308257
2755130506
636881447
639193441
3308968581
872360549
2745299368
2757060973
3467320037
2850124162
3444267524
1476769358
1050717093
3495078119
243567646
2967279885
619880272
501249500
1961618127
2583780146
966455573
827187818
3427623172
3746212222
414813291
2096547692
1942792763
816460365
2317983218
2782038275
103969787
3675466404
3651732433
3130685435
2924204505
4214425456
366490385
3667557520
1661306636
1730263465
1633211095
3527796913
3073788483
1638492466
1084086368
11787891
1869336324
585835437
3577471253
2646144611
4191561799
3553440332
634828961
2111777063
1572562126
1510752949
2613386578
225863832
1516011642
2532915684
3473231041
1474821456
3286191621
596797302
4241267544
3636014710
3421996079
3666698501
1206516957
3201233290
3953214231
1190961234
818398102
683806413
854761084
1732787638
546746930
1038054000
1469616550
1993297298
1668432911
109481813
1250540103
3529109013
4215200262
1134029455
1231057940
2142322570
3443813305
1211259247
4173489404
1236277743
3384697932
1842688030
1284243220
3128838556
1204098929
366748572
825226996
3183716376
305980646
334206300
3531124053
1855346066
3246746033
2932880474
1283713634
2140163363
1933256112
4132300663
2746800214
2625714619
2143018943
3097992815
88208252