2393584789
3005839479
2110321158
3694092454
1142980862
1474201384
674394325
252849818
2417269104
3058239646
1268693512
3983203902
2570229892
3107355870
1213820695
2243387053
4182925679
3362337936
627189609
854820467
2896128308
1553378013
368135595
1131411797
3495116895
49407990
4053432877
2065914113
1713241238
854278859
1863108391
2465195345
1977099902
1073359243
1871373115
1413642610
1443587960
316287666
3294284558
412246827
3503015029
563995637
1124432742
2039927522
1808975389
898970612
3910848483
1348210287
3314442574
3756524923
3752964459
2430618626
3153067226
577756585
1767721136
4252747083
2793254055
3464124236
343913130
2138232416
3679299718
336505040
1052781913
3678879235
4011391530
2271980147
1246015552
3095432041
952279829
2504937530
4142032228
569132594
1942864465
2412888177
2443764755
1999375745
813514243
3614724743
1140159316
2576884106
2362580500
1169629542
1491322408
1102818827
3286454870
2202038844
2262668068
1508111090
1424407597
4069844365
3078107965
2331616185
1923081091
2082554188
4184571544
1219863384
4174943573
3651130130
1948581964
805039885
1762275236
965502227
1723712243
3647335116
4075677004
1898629131
268499667
330298340
298847014
2799498837
674921428
2965770445
1088011606
451545896
1410798882
1684680789
1986922369
884565261
169100494
1645550620
4236350416
2421568952
688612930
1281245380
3892282601
2778379799
792466041
2647240674
1279527551
1846059715
3862786252
284121369
3616288861
1633663424
1507271673
3453096676
1338293015
3764509635
125893625
1015295362
1237135297
4277946854
374674366
1745764923
766478779
421916638
2328619557
667666897
3124459439
2983798001
2825635670
2145903823
4262476217
1288735176
3432166541
1694963944
1787496919
2626509437
3733007394
2872475009
1500846042
1016908336
4246628634
3286196291
3865680530
2343764297
3920708383
302555665
2571951630
683742234
3882336217
1115612167
2797427165
2268060844
2301443324
2772143726
166739675
1898605395
2138013071
3463576670
3827229439
1379532430
1301699676
4118462483
1522049295
970211808
1289559706
1603050191
1542969744
2547340424
2608185270
2699836267
171930478
87861893
624962953
1651192563
409255592
35637933
929110501
1032409598
726239959
2027448748
2564394982
2443386234
2193548658
3873775457
3096901567
1123791590
3569823072
2824087718
1975410768
2794882912
2172035724
2090854835
1807690778
4119608866
2527554149
672461508
4231169124
2461317513
1262052327
1105832624
3755854562
3875586407
1444086356
2723847744
136244551
511050725
638985257
1985977460
1164819504
1014953877
1997425342
1672822660
3707723644
1876001644
1137670858
421421920
1413859756
554299217
4272242742
4188167322
4134804144
3041897892
839279451
1510873366
2316494557
2578508934
2438563517
3056712111
588130239
3292438918
1256075579
2769378424
2291770396
814001609
1883275329
3198925371
3756354804
1580505867
3723899564
2551711677
1097250883
2574365630
725148808
1583646499
3394091642
1662843665
692929177
1698840528
4061038922
3402391908
3603123998
3745663173