2520486857
3177943860
2293534459
3747332435
2681588540
4102443933
3220408275
1077564639
540674949
742095189
192827450
4073988529
544459781
1030813456
2995527959
4228230806
4263868422
3072219874
1366456965
3208972116
4062399830
1301851256
2622785713
2194810323
1671772156
470634774
2318630226
491920470
760577764
240739813
1627734645
3879439044
1776069601
2675571995
976230527
2729495659
3372116848
4281951302
2079117383
399208910
3173405982
3392312829
3805373684
2493793095
2331970335
2454511864
3960141372
1587942620
10591626
1392272142
3442500366
1694322515
1063874900
1737110251
2659820933
1404611240
2191575043
2426415466
1504125426
285061914
1100440167
3593425885
589748316
3489936087
2854682318
1492423663
1678656555
928038130
2993102490
226517972
1617044832
1286507542
1735213840
1123168161
483767476
2679937720
634050958
2405499596
3462615946
2677739357
2824349293
4203782488
604551674
1929332047
2445704576
2018851882
2871184799
313474811
3710537374
1847231417
2319121953
3562146395
2641940097
4140186650
714595661
1238246601
1495883991