976688815
2335301612
12823220
1366315128
858798592
1120891851
2332394025
540389855
956798095
838781649
3426608889
666656566
3287004467
3359509218
3574958071
1919260900
2945341099
1771542375
3713850661
2682682620
2713715211
544545603
3273376469
3311181684
3859674268
973143985
2147209161
552396990
2048593314
2531688832
3657386188
3798314157
424976530
1602421049
2413127716
4117170049
1769908956
415315375
2632476995
2628323337
2384580469
1513443949
3209705624
4217411256
36643382
24564606
2214586195
1547159487
495288481
3973333230
3433586694
1549595239
2675736578
530102074
214151224
3528120255
2829726852
666477143
2201840733
2457566607
3394128736
3597462496
342396431
1777565823
315782922
2900462650
1928826036
2095428140
992857264
3338685068
1560547528
2716909485
1779870429
1814673754
3563531651
3939708935
2751563305
3749093269
673955019
3784161172
1885126695
2328332046
1291204477
539801082
2632565305
433084026
449127682
3921330402
3145393727
1388303339
2338752171
937053497
546616745
301512877
1019366343
3612522808
4294865066
1425263546
2797878038
1428461137
2568667652
791091612
3754562638
117962827
3352980505
63316866
433309804
1363444702
2556976400
3134039288
4107397373
2551241015
905529462
1854961822
3464947718
2550115250
4280791487
3082167129
3208063206
2533207943
499105935
2101287998
1744236840
2221520293
613394919
1677464742
1303420548
3978273816
1221014353
214036695
2274088974
819143136
2830994944
3539243594
1098842719
655420457
3794097140
3687582621
4007362008
2712496999
3337817816
1302682100
1661441260
1600981719
4148639331
797997171
2810640350
818837527
1462236051
1107389480
513576644
2295542714
4148368185
3045450513
1434534975
2574008994
3559400462
604072301
1404797183
1538809984
2918731917
3084164210
2360379338
1412628945
4155114299
2814954093
1628871258