2305440720
3994928168
541884529
1107634173
2253016641
2207449907
3002257742
2677284340
736958089
2739485300
584552772
2418490287
3077034857
1382443743
127517317
3209621326
2516645288
4034158274
163172686
1324492720
2231374517
2088881992
2508642368
621340972
3136514286
883333704
4272708832
4280672677
3825007584
2067839754
1399940519
392107577
2223730318
2169945218
2441205588
2075927177
1796307961
7767935
1775490500
276303872
2789556756
3970612001
1281521502
843612602
1444541451
1152352280
1175085254
2403829952
3870292079
1415411825
1768614108
2365026377
1267617350
2580488331
2343521159
261126377
1560788310
1863789340
906115466
3875099799
4023737695
1820798949
3297875370
3734373388
2368141005
88095333
3864986532
3168843071
4262300555
3814288575
3313880053
1387325552
3479828760
1790356817
1818320527
542034558
970482209
1974082749
3454236099
4236309311
704436725
4189611534
901217693
2892925855
4023478834
1577046625
1425384356
2726736516
1825727505
1959423005
3054084762
2841288857
2722435554
74269681
109770785
377519222
426902628
1472346118
4055666130
238705028
3920669804
3899024320
2935925089
2726643691
1480596437
2020795127
3863719709
1269003673
3850733654
3178554624