4205972897
2270343332
651367442
3050262852
1894658127
2229159708
3727678548
3979050074
3882264935
670114806
4261690030
1548031737
2612776598
1611889801
2819031403
2787828028
3215764620
763108460
1215816683
3101925971
2580066893
3740277203
2805535478
1603729160
1830043907
4250807350
538182784
257652847
1022898400
1196298183
4101275806
2475124386
21538181
1277102070
1187687498
2523223673
1692282838
2667553032
4190098080
1641300619
363971514
3032003556
2741022650
2771673014
1871817239
1783767349
3690312868
881778872
2847886379
2947485522
1223721910
54356101
2678745233
3497694162
2041163896
1097408105
324669390
