3293543318
2347297054
3955947273
1392436606
2447508506
3760692585
2978330002
890924479
1510177359
2435549691
962391526
2080084841
3891050274
1095028939
898870693
3673090514
479556557
958100661
102512146
4225132154
1274977470
2207207996
3938255301
3818895833
132956888
2169373288
2206784517
2520070212
959013803
2930570785
1691166865
3684667448
395779540
712405187
4098365583
923077294
3135001811
1281305985
3053698738
938647631
3800081400
2580819304
1076216494
2574485052
93178796
1798008563
29083542
1488936889
2084096554
2952872344
3963272477
4184982123
1265085456
1284400477
1401384480
817465614
3797829324
4019505063
393875652
2945347818
1479151135
716533497
952349311
2737404921
3685269457
3772742638
4097598577
2857626984
2356066186
2912126724
1004865345
3186998288
202087232
671157066
1284196190
901620477
1233573740
2865397340
1139953753
4236107698
957332312
1864343951
1812345580
549907975
1635719634
480007305
1542532144
4241262944
4137516356
1228428232
37411401
4240616715
3029865908
798477823
3322335162
1584766699
720029376
239058869
3845426571
3180505089
3135060843
2878529847
3908926400
550825501
2435098503
3765423142
3992084545
2477355429
244394526
372534283
2017466447
443948692
3414771493
1238180387
