2779101763
2702247282
1665649140
3972837474
4272100336
1614141068
3661667415
3246339494
2719151754
3993914124
1351393337
1025173334
3155355129
2909724789
3263972694
3630159
336561790
2841250408
3026459741
4201744997
2229670026
3148832528
3778742346
3059596762
1823093909
3840796452
3347813941
3882469669
1210300428
2068491539
1458769701
1519801851
3825233575
2345408326
29626636
2383268983
3871761082
1492130949
1983468365
1323349601
844203492
3102811524
376072745
4029699474
944606664
560710493
2690770648
3645474943
1764209959
2456468354
190742501
1717777970
2871453728
3201237634
990840178
2967005016
585022743
3952063023
3319876545
2445706810
3451753343
2247640360
81096939
221784624
3238811745
523484630
1333839418
3006320687
1146068081
2813425267
2914129291
2380842349
385881470
2171007812
1500855502
706787701
2661257444
830673414
4018074518
935032572
3073020539
340843524
2659682619
702809735
2429200874
432494168
3161587480
4110646746
196812137
2597375345
303069273
3317141724
2575864011
2670486528
2799447792
1622551473
2197902611
1520902792
4193462128
3307843150
1516562717
1607739267
388423211
369214922
2918026319
3894707777
3779240334
3278943226
4230669072
2755172955
877099484
423350160
3565038263
1675525261
1177123023
4263051491
1266553388
4053475770
2546059873
3679913956
792254131
3275570326
1775238530
1770901652
3728336710
3577142367
2352856182
2381454551
2343622457
1529886717
1389603695
1118633921
1884728094
811601896
1353736318
3252007209
4166833257
3729634648
1731858938
2113655797
2818248978
3479149299
2663125028
4213454203
2347746611
323738165
936352816
2887383598
996461453
633529498
2500067962
2073853109
3162597610
1951575540
3131936106
1080931489
1382106010
2915013586
3115123603
2269386522
3120666267
2842417804
3114572099
2249660268
3258520714
1237907907
929089178
2138052095
2353761531
3623641240
3296441668
3956964866
1821074018
3904596174
4095704447
2690724133
4214393764
2453877579
3955466573
1887612142
3114982890
1082868712
2379344890
2134942334
3015108519
3414529108
2582642090
3355468593
4282408809
2585177080
2398226104
1399821040
738041345
3570391601
4146291571
408574586
2578237896
1820395708
1894431611
1978875652
4253221308
1849877571
1107600236
2227072841
3616813813
1409533069
3752110523