1970498324
2544945379
3746199318
1180309841
935303162
1577014194
81227957
2183055805
3758843670
77768558
287961432
855838821
2069237116
2028317738
406973942
388694072
1186753138
2005736181
1501590346
648829506
2645592365
4074721947
1083103707
3127318678
4222981115
1023702030
165800562
687206824
2323240358
667504991
2227591524
1550413581
3350869581
2287229084
2767527644
2004304679
2114735178
4091357330
3838666847
2503142221
3443912775
2119085230
626706892
984188701
828233928
917910755
4267948927
239784044
1561193459
1573303831
905941189
1634833654
3164204735
276377878
831688384
4112137536
3310348574
3462191044
4030688272
4112258042
3942785776
1052445050
2478160629
266087329
566964465
3932581346
17201691
2710807662
934131917
868928810
1581273782
2972322517
1622969475
2265398547
1537298784
3210290705
3379453506
1355722791
1691977279
1064180485
761889220
241309363
486136833
3986517768
3662650828
3088724761
1117742326
2446400962
3324756720
3996445117
2726344309
2219076569
4184594810
1623970930
1555378018
3099205210
1232491980
3470983253
3991623986
746505526
2318896887
3657234066
2981805528
163215956
4076290885
1708401247
2364595764
425652090
1668666118
4091896519
2460486231
262832878
838662631
161685529
319451736
2865255962
4108268494
787651956
16943666
387669314
2314311400
695843063
1656342649
407371363
3469018410
3960931746
3746677287
3778825289
2125144490
2995983041
2095254064