2346861241
2196465075
459333090
3451953336
2090696062
936830562
1922341618
1159017412
777884116
1266757237
3948010767
3461702576
1180909105
1268366045
3838417101
2007834830
2625021585
190449837
2466229320
1606580426
3215065329
3922843367
2347006990
2246551993
2989097413
2717487729
2240456180
3123433842
2287333881
2465448841
1362637352
2112835544
28396228
1546332445
2121571929
2629953512
1211556244
1153532237
1998221298
3494999872
237414282
2578871749
3963973013
1829345784
2368638026
611835136
3509852421
146123536
2840592460
1395473591
284423827
2182671571
1438068053
1732777917
2750379699
3798642081
1632364506
3014464194
2666913789
106716484
3717719044
2054834487
856996730
80675323
2764656688
41005829
1465371100
310363053
3579127558
665265259
1727088067
2075516293
3644779161
2042684680
3354318755
3146441809
3646061223
1256763068
2067786105
1675623509
4059130425
2139561166
1360033727
804233972
3265459311
1002866623
1457297556
3407767515
255207393
2640870637
406322238
2485776575
2031436461
3373942288
3618074829
1947088487
1736771276
