2379444522
1644689923
1127193277
504971141
2574136379
1858808797
370645325
4126637804
3938683463
3376226338
2257981267
3722743480
241529333
1140801435
1275543554
2281801065
4279409724
1167509742
492732730
2887592430
1887166896
744349226
2018488344
1626334143
2886881741
1293492711
4059848033
2196216476
1341516526
3933334918
1324944696
4166127534
1148750318
648927529
3207912447
1070423564
2917364979
663655011
325068461
1207904377
3695583405
3777171446
769712350
2272352543
3823098104
1380821229
2062445985
104999785
2351732097
1896445652
4124412010
2827288802
1637266485
3783922892
1554946381
4213248430
