279884056
806655555
2949442299
455004349
3486496533
2956164790
393280136
3166532581
2142965343
3809941053
3372939648
3638467434
127953354
244450755
4172857672
2064144904
234277115
3226667384
1214322682
3651935301
3806376756
3560459716
1797158056
2584132751
3778835983
2897560509
475804607
1651885010
3408231506
2475379723
871332120
2102405366
2635922702
3389706461
2272658397
4022248437
1744517623
2736545491
2686375322
1105024787
2700554200
3149233256
3204499516
1887352066
1450937492
1520054041
521824137
2037052980
142554084
2035632087
4237963398
786989088
4036434153
227462174
2000216745
1616867330
1579589384
3347674548
3028344471
837020985
2212350270
3085744769
2626119915
2036617873
3581401286
1587378459
194486166
2024281330
2090226653
1126546635
910634728
4055234505
2975627727
2442025093
919026388
1145403285
3225809026
1373536022
250375882
2884998389
1888388095
