953827881
1505002290
2547824504
1867370177
2689170514
1234721478
1941697750
1776973582
937004767
1240803568
990575965
2440315315
141722770
4283884907
2389778217
3076892465
4018715528
4271289159
2542535693
2292275660
2681456031
2681498506
495588347
3599488542
2038159213
3647643962
3002375167
1480986946
1398867101
4101184488
4278336773
831474459
2217706849
1559721230
1931733053
1037959466
2848635755
3823909940
3647780663
2978757043
1044493631
3330997310
547832697
1999848612
1622850917
2039752763
2960132871
3971510961
337300360
2680641319
3960268374
2252813879
1446533209
612887303
3014916688
3673590246
4152392523
3699157865
4150110048
1854872270
1051106598
1678286999
2258316801
238198014
1918517923
3570743914
2135345178
3966267222
863664672
2782510976
3319139977
1438215742
1678443878
429045981
1764221075
2230370771
3169554829
638719678
3808354153
3944234249
3747683005
4199860340
990764445
2975791233
4090976281
2469700593
86626189
4067991873
1219909432
3492838870
1590735835
