3127459896
3086188689
1714283560
185541427
3809186981
951454225
4149511442
735844876
3428939598
4240767404
1409363231
1520428677
4167287571
962938706
419800388
154601125
4011911746
3431468961
2346540
519114296
1478834583
2948798405
3811806229
1156489397
1135867575
2669765353
2587179091
2357111341
1770272031
2284823030
3095827960
969527923
1514800018
3220622934
1240954017
581964997
3013596459
4098552459
1990996659
1646660628
1647779015
268861273
2061329189
2007038344
1079810127
2468870273
1858225973
2795383142
2025689824
3239793810
2391827304
2756767491
