296132658
3318791800
3357896760
242308280
1568095484
1124316413
3725300978
1666455178
2632004027
2986015386
1772521063
2747451886
2769235575
4131257349
1026727050
3863156940
864329113
2206045209
1317163551
2229481276
2707526517
598929966
3415759715
356967043
2937290063
985620933
1928952965
1952386285
866800004
585659744
141236629
4270345349
3611673598
3754517741
2469818455
842583412
1791396645
2851047278
3441804394
3373963885
2845904626
487858007
1429069366
2123809548
2666055961
2076262740
1397737309
477541079
985361461
2828936831
745364599
3444739993
1045187318
3949515473
1327256211
1544854342
4077881861
3110144737
2648673603
1714641331
4118005779
3188017993
3893181824
519067902
621575636
883301346
734656875
2506866610
4171298028
4039914219
2218316206
1292414851
3705032396
323917749
741013949
3864966574
4188953974
2702485856
2899794944
2363901119
797749697
1106284569
4082727057
870287169
2415337702
