3682288337
2961185077
1973163384
901641423
854844177
2841527298
258958646
2149870045
158057405
2224981009
272045944
4182932752
1398945373
1194270936
2948487902
2518130467
839772533
3693588007
2853324368
1334041058
3425881420
3974149349
3245285873
879667851
127274118
967362674
709108014
4039680869
1469719338
268839568
312662774
4213487089
1401534774
474108136
2733589278
3021579978
1518929991
3271923430
2821441412
3683014387
2804823930
3623588469
983696626
1012558396
3119565999
2383117682
711732467
3600746850
1631864622
1522688490
997003951
1957800894
2382214719
1393452646
4237349169
921500295
982265151
2700405593
2437009798
1348969306
136029645
3683841270
234010604
2007063214
692991836
3880914296
3007043184
182405482
1670648501
3593389728
4123912050
3355070734
1649758267
3825948601
1152954893
345819484
1994794336
289237652
1515794246
461124171
266414005
2586915760
1602199761
4173328021
2380948360
1334372897
3689769339
215383188
1050980572
1892452464
1833257290
3541752097
2476550570
450898189
3821655276
3547033070
1055535296
1484721934
1199491847
2476242125
2472450296
2426034389
3592315833
1978305398
3937560469
4233996933
284461531
4053853126
95454125
1989131416
3553226484
74672811
644823746
2796291040
1191306085
2299652952
2162854163
419630625
