2952228522
3827263033
2502710178
3996950345
1332162542
2030391300
1976812353
219802394
4093099427
1267074131
1383403146
2189886718
1562473185
935975941
3655395496
3806832889
436682195
4168483577
3784217075
3021173832
1085286018
4163127646
839935861
2802135600
1772520200
3180659829
4033363517
1708956741
327898742
3625083714
107679353
674885813
2508860439
598486733
166614034
1244465082
3801553846
1354258740
3324335241
3117058530
3448099156
3623141153
1610629387
2235490734
2321190732
18312058
4316271
2091265444
851837921
1012105702
732842413
109305100
666200025
1282832058
171707405
1752506461
3677380489
2223244705
284158259
372857077
1810997866
689791848
172665713
1514306163
3445832497
3001723314
3066025055
1635140610
1025856675
3781973731
2962549467
2925842090
2837424610
3549206477
1898908143
2038438372
1346712665
1388274329
3685048114
2589051915
3510095045
2988866521
2498309879
2902538188
3634422159
740389346
321640869
2124939273
3422569811
691850928
1902882811
3422903651
880156862
1496956292
1138401689
2273487429
437759922
2905354220
1298322010
2524401026
2532212781
2455004274
1351951986
4001693390
3320765725
1282085235
3175093536
51599007
3940670003
2410653131
2144239483
1802643420
538816894
4017485002
2534811537
4243407922
2541347470
727475919
3939305057
663105476
1311713953
3138782201
3410602660
573956158
138192811
1160207141
1070271
1337231400
1962519056
3819956780
3854058040
2433207608
2353613211
1515851433
95899484
112247541
2460464058
21684208
1360462898
683287751
2581822567