801757176
3281562330
1950943789
1311268554
2742485896
1544842307
1463702280
2296575310
3529522277
3940299541
1994923086
1246483495
2915931761
3019383049
1604342072
1465242291
1496667531
2661506809
2371109607
2266463703
3661807143
2209093752
3328820485
4161206316
2960810943
1692666113
1635266512
2871742720
2531301739
243669151
4259925898
98236635
2806333552
3783953858
4161330270
3145244872
1133769247
1789793536
2954180408
864782090
3681392370
1883040302
3388966934
1549856989
1744010246
4097008587
462312875
1428063368
2567046218
2274721519
1388202600
652086452
1417722495
3478841332
2335224519
2399860598
1143269479
1613658637
1086894873
2710485831
4220386401
1107917222
1494441887
638509934
3409451379
2386806497
2732765315
3691468706
100051788
1870642607
2467962736
521957294
3516824683
2156610475
3941446870
1082794416
3150895376
2818455751
1619976890
2964013402
3378665226
927498740
3470971385
2874003565
3618372735
2692615376
862069916
3618969697
3837878837
2872318881
2795656594
588427891
3487102298
14642361
1707131728
1614576056
38300299
2848066687
371902969
82259932
485143397
654149267
3358723146
2267946799
2355830700
