4057344710
1289189797
1378057575
94418444
2248374986
1216639579
4038386119
2897101436
1197700617
1401484944
172224848
1626199414
231691667
235974703
963143712
3334985302
3267365948
3206294530
1868436109
1258151509
338874078
656478449
2673157828
3249580184
1942678628
4200275742
1700918990
1428448852
4187955198
1250428774
3627450051
967870770
2575823968
2153069670
4093304204
994059169
2711699956
3774075245
818915525
604343643
2199392619
2546819289
436839936
2547951165
3312200441
3543325769
3630262299
1861473220
3660383664
2242583039
1522486354
2670105658
2138622353
2766446764
926882760
2906626593
3987505489
1083165210
3435141484
3673643335
1492523807
1304782601
4150934750
3611437963
497052721
368865713
912609781
3124043974
2428909263
1420003855
3323875150
3381461387
2614271557
893168365
