3121037436
433773198
1048522733
2806092761
2701848953
4288692229
74220251
1096537320
3767847319
4208341606
2327162476
2216943955
2942884900
3095812733
812349094
1721537196
1968080326
86590862
3477019897
3306939167
88242689
3626727610
3033502845
3730274551
3780109873
1026461675
3196895989
3211529517
2035486131
1253317828
3026023004
1615421974
2304975759
1791119467
1410854546
3256846552
3619001677
2498399516
1248124594
1917621220
4140031376
3920384569
2242808126
2873020112
3874811893
134104416
1771751763
1885957234
2535144984
829031987
1489390813
4209260923
534515726
3689403815
3881227314
2735868102
812594005
97662673
372659694
1671615145
640232048
1334663721
2869028657
1218769329
1866226812
1886136943
3200533124
1470907721
1947145488
272182270
3404081958
3832118978
988518728
751650666
2792976951
2744187129
506125176
1538215881
1513455633
3567202189
3897512943
4181472159
2932486356
2233310731
3673649654
307719714
4007688890
50700918
687922919
1104257578
1901327786
1037630766
1032994036
1375742616
1087041446
966170177
153939373
899913394
2760414453
2798445939
1447436274
3137491895
1518893504
3469963823
4166128398
2420362991
3546292277
696275498
2186811496
3231770265
4186586278
2786413651
4225521664
561006433
1600482012
