1307564255
3986515750
3488466101
3303972666
656076217
3311410852
3548960926
2902017012
925754051
1726130864
1786256069
1609137069
4047926232
3672759793
3136167897
2337978495
2833862722
3154721060
1579721499
4054680630
2703634080
2214155509
4109225600
3419645214
3536831724
1782603733
2350601340
2529773662
759189970
2650157147
1951154931
1551095799
1841105733
2916981208
946585347
1952004770
4015785990
1740709668
4284141069
2270938678
1475573299
3735017552
256800501
3967495854
964686302
1943663393
3144257921
4208314987
1299563545
1181348031
1907202060
134235907
630427083
651646745
2061078515
2269416352
829982608
206072241
2559826566
1418979515
1425477161
3420888030
2893014895
2157266507
4181733586
4236430996
1328288436
4051203033
1165609619
77766639
2531768295
4272118353
3004445392
834532278
3118987479
1503583959
532446055
1869107160
2986037177
730990178
3380073350
386455995
3131254744
1435116148
2719305780
2514218924
2769059123
752605685
3402474713
3645684112
2491549186
3829565861
3720663765
3932952517
312811930
2261043240
2264839668
252447491
1335386880
2788257716
757148662
3501067486
