2783309063
448194899
3630197978
1189295400
4146920670
3306925350
297813406
3465279071
856424801
1229736526
519242780
831560135
1912607349
1093994881
1109910194
957716269
353030786
2956296339
3605244667
3488878779
3678552471
3931072467
1524494679
713317242
444297277
3762416046
1517870958
766504801
2166311734
158979783
1112555209
34882439
891785521
2512825143
2883010292
2289247709
1080668674
4218372998
720175118
1084348332
459351202
1960714457
3330806529
3031639291
38226983
1608186072
3937123798
2052394585
818715912
3965867573
3292197352
3200312757
1183366951
2724868339
1116211910
2030892169
1617744143
2573856293
1545445662
3212990713
1512853655
1463165090
3765860372
2514649470
1190383694
952683745
2693366494
669765191
1911292227
1541720712
1573428443
518846348
475828146
1790086497
1083367377
1007951121
3000524681
1719861164
2673862882
4019754099
4062740745
1528589803
1526442279
482476452
300622737
3453161229
2521703283
3081270574
1212116376
