3163768961
1998649546
96759455
4260912914
2849556791
2689727171
3853087304
3710562642
46647237
140980910
1232908084
3254287889
1473177152
673332876
287998517
3088174064
2281492629
1767557177
2021197405
1966564275
1130085534
3612417513
776734954
1289793631
1159591660
2650881475
85444242
2231149954
2464024408
3135432658
1745443760
2247612369
3589422863
937018928
1816004478
417963730
4148406291
581793329
2049711654
1883694408
1249289629
3338942458
1238884749
2941930967
592417354
4196176246
1167248087
847140176
951377910
3563903710
276588509
3997612883
1951339104
4148393626
73230397
1095797715
1113113149
3929093031
1521456643
1851331313
2720261881
3215924377
619069146
2183304572
1836370550
1347011820
3036610063
1758490947
1439903000
757561765
1673357231
1709624317
720132858
1560946767
162624974
1675747645
4259284458
4225989580
739352159
2992572921
1120791421
3837136800
1617961671
282644212
3549792100
2799966645
3246068585
3804313983
242067183
956730597
70505589
1365117238
2926686033
1675676710
2204999458
4256692230
823586686
4006568444
2664609452
1089867617
1631272473
3754902674
3302731626
659502048
1954737424
640738387
4219062124
3061089144
4102398028
33335332
3886660344
4012854471
2669630136
4150459626
724498395
1306245515
1025177743
647402361
2425802229
2316177273
2700806723
471475425
3061241
3166328113
3292956234
2651921673
2772356811
2752327600
940905075
3223409822
710767320
525923507
1399377409
471602743
1876682072
3474285717
1904195747
1633711110
1538064853
566252639
1582169889
2443097338
38203630
4194518043
910073050
2312443198
3259183397
2193466904
191073816
2167888387
1280198202
3741993704
1412342764
1174989033
1583431710
2202687532
281193565
3395512484
1070238324
4218931750
303054558
1534923780
464432127
3766888200
1000963819
3068270834
3854511108
1666523895
2539320212
2909987588
3801759378
1648969303
2628951777
875363397
1821079198
3541953205
3503235437
1033653229
2762987259
638569636
1461603239
3064544276
1357859130
3557417016
3460905009
3558156831
2311916931
770850804
3049048944
2509299767
1600977645
311710394
309501063
3693035707
2711634780
3100716523
1892680333
1268876684
2797170932
3475555962
878625671
1332506905
2470078743
3245919979
791065851
3507133630
1256325496
3029231251
3813230230
534832452
2439555293
3380614523
1264569173
101618250
1410180226
784811546
3387831129
740992731
4223091046
4029661256
3983098219
89909078
1988056215
2863617391
1978364022
967032496
3967731630
4213134874
3288114401
2629673229
3879741248
4203946940
1398877555
1119949774
1954784466
4135959826
4001660607
3963305824
3652955052
1955585035
1031455675
3302587896
1390346731
3386021645
1407626809
1181064071
4260749649
18243388
791470384
1402033058
1406553552
901005407
2520965356
679643031
3878808919
3739198677
1629872500
1492776463
338626638
123187393
383635127
1490151475
1755831448
857172284
3268917902
1389464632
3043210259
3540243383
1920070552
274337031
1666742436
3536231766
880621426
1514073118
3887906778
897831897
506901730
2182747700
146537257
2719308833
1564150173
871507665
275622406
945878621
3892324944
1531649756
807167696
2200154402
1618822538
2457232653
3147684743
3123180389
3953185040
1935201147
3000423788
1809749680
2357544299
925319957
2069691510
171143484
4176195691
1455445202
3492612831
2882326492
526592703
3702085566
1964516058
2996578958
2038314413
2159640669
2521005516
1428455365
1518270410
74406951
346294728
2789340260
1376540669
3890764243
2637182124
498136447
360285004
3358460883
3261685786
3868021430
499535317
1657019099
2595782608
3564535830
1167076032
3208340458
2825014760
3539754814
806209351
2252668591
2812089837
799789168
2740390135
3006509901
3777668339
2937002419
325853547
2875959973
1797357254
591141705
3417267368
1967013552
2326012480
2446530570
3331068192
3438342688
1723442605
3506419907
1578969326
2958559853
4281488278
2717604436
1509873191
1434802911
208233201
176403130
1532951036
4255334989
1990902249
1638322965
619149546
1797731153
2791021293
698659958
3202725301
1487939440
1635406710
2674909113
3449180735
150914949
2196565783
2933911194
655486912
867071663
3928585236
3589070040
2085093467
1852816564
3237392317
3631821157
1502132543
2253994054
2473062979
3200579197
1898775016
1545352481
1877293917
2420506190
4232353092
3331294337
1894767814
333403553
4130947040
185293870
1323685534
1974238472
2914092067
316340233
2487166710
4228100893
1761138674
2649118630
3242158645
1668569901
3720780255
2866992429
206238322
2240711333
866003657
4285492380
1637067914
820137125
2775236685
2998673047
2602291827
1695414614
2971649666
4077627436
145374693
1723377242
997650126
2774402651
67561214
2826549845
518600476
5689734
3707919803
119370264
3116028815
2968559516
2308322497
532622812
2515191893
2384500322
853820145
2966807948
2932029787
3416648916
3506587425
352736193
3536837045
4147746765
2851998291
2637489855
298804635
2806966663
152797614
4265362958
2995833580
1649990803
3427178497
4130155922
3341918888
238484437
4266508022
2137433468
1413680300
3099146928
3487008062
832933423
4034528771
4186625425
3871159718
604777236
596942627
435757214
2032656078
572644437
3707093350
997586402
4282979422
3594688403
573775030
3901954244
1313540558
1430543412
626075549
483505197
3777925188
4148282602