2618004897
4005916276
3193657502
4259507617
650096786
1875683207
270893856
430757193
2188294442
3957183178
3651851269
3748428103
3127294748
4264880436
34090714
3341720324
1439155071
2139266727
325254159
474196132
303925245
242598821
2248799477
190019128
375870267
708778239
3722705546
1992093395
665161793
399243632
660512218
3440762441
772862342
2889094739
1745030350
4233079045
3229638562
2341694744
2045184005
599065770
1748700665
351931269
633234373
456010998
2240273138
4278711388
1796084494
1561289105
1710220551
2974649053
973483222
772339947
3486689370
141451457
364533358
2254044927
3104694230
918017529
2286150200
3013543835
3772356244
2096907845
4124273922
273837332
1423278421
1479505908
1243076025
2346308612
2447901566
2026078261
16139900
1500593194
1566997285
298264671
2446972181
713078181
442461271
3400575288
2609919594
688224628
2055364699
493470499