4268889086
1233052635
1857948357
1717126926
704948048
2413456657
3734561161
2956790556
1847547108
835576924
3665306418
1269273806
3678259509
705738242
3104838792
2927237732
2077977756
2066725947
3422492281
2283985788
2374181225
2346311859
4198404113
3671270745
240896144
1975479904
3635878739
2642967893
3945132561
66069835
3362748297
437655253
1948840308
1650807788
2256272392
4053466235
3978447770
4079358666
325010057
1172276568
519624087
4124720867
67868015
1793874167
3809002571
1848407479
675422939
4252053165
2050011428
10638308
2916466486
3716546243
3144233628
338643817
2737793249
66139268
1421299207
696019660
3128681943
4191316647
1021669977
392155812
4153181725
2239421929
1986913435
3436882600
4230376626
1861989937
1815114374
1395091255
2867874760
3988723553
2106527994
3974337476
2449319126
975990300
1444743666
3517834140
4106791858
2532116604
2949665314
1245293584
114681019
3833816240
1796840812
1943022018
2298232815
2503102963
1755700394
100205017
239307069
648456490
1916674691
1954705831
4061148075
4119000184
723291379
529561076
3602205584
2782633151
1771573309
3560797014
3253215668
863844501
2197984153
4131322633
