3361536624
2583757869
648101991
2650407762
900282962
759724421
4063553460
1136241171
2169594914
3549814669
2373081974
3377010129
4045211218
4249221210
1738564434
1967028918
605011049
4278705141
455826225
1962417005
1649804475
2829783970
1514803305
2843564446
59286977
1024969237
137740077
3365275892
476259350
1106482402
348449844
293740769
1054677435
1618802673
4035113290
2802750138
1718487627
3394181039
1211584001
3617209726
609576815
2400914429
2984446943
3035455629
1165209467
89312316
2853169282
1386139936