503964893
109635917
3638962697
101429497
4002325863
1020878724
3509363600
3224088736
609398309
2859067845
1622292712
3355766523
2740744924
751682670
2848323155
2800569370
2699927377
2031494321
2540055397
2416349728
2296785370
3970012848
3289619108
214791696
1679030977
2326287
991207880
462314189
3063734823
222731122
3339995879
3170685427
49426697
1461343717
2183613967
3939186341
3634216728
1156651909
747486138
2698834722
2908676807
2559895232
1990965323
1870400381
2567146435
647694074
880954607
3063111753
777273385
3504219896
3356477037
166690669
461310174
837050843
4007412606
3330551356
971716496
3200734133
1838805894
879706777
153539247
461088267
1864332654
617986299
1068972527
4201089979
1208768805
1726503159
1087698511
1578618139
3780139413
1340406366
515725882
3005013063
1548213990
3205962806
3533875012
3340425823
2601567372
3618112310
439760947
2687454805
3349076901
4281855017
2551796345
1029347773
3204062972
1729090897
4216158152
86257182
204513886
4145062072
2147329391
3001294029
1236253260
2145655014
347946181
411015115
291634403
1184425262
1626187443
3035209384
2531361860
317983469
2736093913
2173258977
1403684705
3393351629
2139271643
2456798475
96595956
3695665305
3723498875
189057593
281561284
2254141325
4115743460
1691078412
2484890128
407035244
2604301081
1629217017
1705953402
2324267738
3964421466
253104247
3289718354
3637134755
4240639549
3756837169
3182495325
2257803270
662179732
4148592364
3641827702
1016658011
3485378214
2341453369
3580219916
2856923617
3098307945
3823609557
2637044015
697828781
340025101
3811298381
3638654209
3248679606
4239712412
4171524208
1939985825
3030844157
983464949
2195346268
2668404397
2972051085
2419771713
1199511346
1366589837
3374414354
1330411504
3104968275
607529946
1858543960
1905136119
316942106
2266652902
2183739233
959799373
3724810377
1439263703
4124022223
3379471202
2981754341
2589557378
2638371283
1820735412
3782953018
487954123
641238964
3337098128
3368233611
592974541
944710207
1093489168
3155762818