1141795136
3799335601
3592949309
3542407719
2580234558
4208446635
2562508042
2399088010
70951743
1608181646
2611856212
3977380964
3049111498
4014267803
566284314
2154131057
1756915495
138574632
4129939321
199473819
2441419008
2615810615
385820151
3883314082
2873028649
1788661460
1009548734
1035241157
1936938577
1420644574
3591171371
1110072798
4265835990
3304454475
2192570997
600765849
257220384
2106246600
4075015473
56326880
4080283716
2595472509
2951444143
777326923
3128414710
2421147967
1232602990
1803831951
2783858071
2904823165
2383582251
2027086753
427609246
81233632
199037529
3496901907
34498433
3986268304
2105970570
4207334015
1256077934
3074126581
1376081713
1653860837
3916752669
3105432443
2369154326
1219765897
4275157089
3689796867
3595175812
1126371593
630227175
2189820131
1277989529
3527535350
1370105459
1549981725
3435798803
4063699025
326216411
3080180049
2130965567
1043090098
2007875578
1338804213
1963104389
2419536540
4120227338
3732995950
1032892950
1871997998
2949212202
3521182163
2623725659
1260522161
2388601682
602004580
912885392
4247751665
1500578638
2033616115
4273119654
3958694983
1211015202
3549912582
337816058
3882376376
2023359521
3518654967
3492706569
3942198665
2977379957
2974971712
4174371714
1497271655
824479889
794523302
542971331
4255771716
2619887844
2119549678
3669036930
4224170552
427880423
723253159
3487041778
1455165637
1653571169
634216682
3159543930
234165501
4277529173
3728571205
2750016182
4183980901
3797760988
2704775018
1576041079
3068227135
281306728
3372500088
4047047823
319925728
1191588170