4252318628
186797278
1735271620
1048676220
1910193509
3049310151
3484485908
3754135689
912851397
1478657882
1840088409
2892383938
2914275404
4277570218
2769966960
2398751627
1282103864
3510293021
1123138109
2815795831
3404686275
4014823421
193261605
2264453456
3436698616
3404462626
2603460069
4223175934
167109679
3790965635
1385451959
2187145306
3126546067
308552561
1323966282
508136687
1193483878
2330417565
3906449496
139952406
4244392537
2593625233
771626128
993298645
1856728892
1011446207
3320229975
1309819217
3297698731
4241405126
2491568772
580356492
1489229475
788593988
819743431
300476927
1691862029
1677265301
38697462
4294757147
3028154521
2033412997
1493246784
698437603
1218085935
3988650983
3870271903
3231397040
1337568865
3663267989
1943795473
2230418426
4158558145
3495948680
2102500797
1064656290
2794749916
3285627922
4172752958
368127487
2922606451
1654677779
4003402137
851747922
1033008964
4107571726
778147658
350964915
2538251461
3542902404
2224497185
3805925474
4039330116
1205284249
1711542395
3631394563
831563606
704955074
296437718
2702313981
978946152
1235566326
300684075
3647654842
2300290295
1847066312
3141026056
77465698
2185910430
1421701137
1047955305
3641549685
