1864538122
186324011
4249930854
3530844921
508666106
3635179617
3959324640
1134175872
1584565535
442097017
3070805291
2715541872
197410056
839254943
2185908133
653015893
764290635
2896971504
2807276588
1222302321
1163240868
1831558382
2264935794
1771850953
2504547075
31655263
1485169722
646181062
1428570571
1586707657
1363896202
1611750316
470774009
622308163
3823185197
2507622304
2843069192
2376775810
648633779
2723055569
3282587035
1964954411
593885545
2766738286
1035552837
3808049467
3415792011
3883946465
1638405233
193492464
3027096018
2944054337
397753243
1869639935
4160797079
1468931421
654532625
3553997645
3988491428
2033784454
1748991483
4166529020
2792226345
2181698510
199114646
3698574380
1856963792
1393668630
3728548016
3299635536
2167415890
2140905752
3660534454
4293219897
1506648247
2648693311
1128237378
1683067065
3830375649
73423901
205962176
2507544480
528332208
478978919
2711068887
3944056358
3333334359
1427090737
2791674726
3808467054
3871783555
2932197144
3945916054
1221830141
3057809476
4188352486
2955077929
3063152304
3614598071
3251770405
1592224435
2065701457
2332908817
2079007974
2857027666
4129065644
1728205017
178277688
2404209584
247379825
4057106651
636253181
3672132626
1572340932
1871918865
3210592567
2539013556
92948288
617227419
3548212175
3295364864
209614023
3814289883
3025810282
3001024541
1551626895
3013590628
2923991511
2645470525
1048794298
2203701261
3018587265
307684842
1797358210
3660046776