1238763521
633814434
2445648605
350752475
4012707137
841807618
4129438419
1548695261
3602088524
966214395
1324443311
317935160
2887380215
3162036443
4205684346
1729500793
2721372276
2155592143
2443891700
3682972602
1150417317
1348586334
2616662958
3767167551
3286476996
2205573310
1747791474
3806148369
4136625416
1175425955
3295533930
4047793471
2325853714
1367778084
3274586560
1687941861
1304861128
1388752256
23708703
387764783
3072453414
1457754109
371517197
2950249639
4222598707
2167883828
376519215
741464618
4195070411
1253052579
3305222504
3846989806
1561157253
2147668937
956977191
2963657309
1533053497
183643484
2244941007
3731171830
896409369
1517925282
3888973351
3214141031
3181639936
351941229
85344053
502614174
257785837
4004722233
2280355704
481693260
2795023183
1099516094
2472221126
3073901295
283618367
3178779099
748145460
779631551
74819006
3949720294
3751897176
875539860
96639280
817285970
2617611141
2339924803
2398922096
3244651631
2156063309
2078024944
2158201331
3208454504
3974763281
1870661659
1650171963
872520420
3102510295
1551778075
2333167358
2773840285
819584891
2525547005
96224952
2492668963
318243737
1844523452
1027165069
513551867
415305850
45117854
2140067903
2196204059
1556061264
1401831912
1998577183
100592799
699235503
2212894237
2627259916
3844955373
2589485024
3792487298
2824010790
1639637940
3926596169
1491144276
1577427340
3808278209
2310649207
1302263756
2342709674
462643974
1661736975
1185987897
2534033633
1546528408
1779626131
2936682699
524617619
1054552707
3144766698
121611310
3331640401
2648608202
2426063678
2014118014
2955766897
1079864577
1081290769
3283485971
1836985147
1434842494
4292938520
2739741649
1767063361
1256260960
1060753666
2815156331
3393450812
3511572433
3841351634
864072313
3735101953
3080139109
2093270924
2371937986
538871005
2172123776
406059471
1507804811
1084327919
3259585668
2954580616
646871386
1955146851
393016787
1016335385
3953458318
4185220132
3140141893
435282482
691247271
4153700958
2142784233
314977002
2359546472
638059760
2916325463
3618147352
2636242380
3952610999
3941534908
3579734089
2693812172
3792633248
386536228
3948607895
1402739242
1006384637
1535311522
3416261188
4022635304
43256779
3504851453
326549992
1279325840
3962746223
3190584169
3034139554
3267158846
512291987
18789599
1707059022
1185848061
1985472422
994972859
2524844173
96249346
1153899446
1826044508
249588385
939210147
3610284265
2617625650
1306454309
1044100695
4189277298
141705845
3208226861
196612254
1681166956
2114039781
2539894824
4234908448
3695181547
1065557927
3238788916
1653669769
2527428416
1386014697
3521765882
1274354325
2634671752
1961844057
186677003
3666440495
477227316
2214671417
4199709677
1680019665
802714442
2941238504
3150544229
3545264518
2054552785
107355982
386766520
3062677905
2834947298
2116988989
3380509126
1252590014
3702615357
913161321
1561123860
1807002702
2428842555
2174039982
2561531503
409680496
521777009
35690256
377162519
3299510396
3871548896
2913502237
3314981196
1161852505
1533263370
249681220
2326880487
3337956421
2616505279
2415922579
406554637
559254776
3500230221
1717671354
1215075362
442665668
3089219727
3526823981
898236947
4137104848
3514133873
2060568178
3736495150
2995829238
3779423483
1433954176
2025890310
264942355
630495836
1636158403
653775063
2601357358
3140963522
204825204
2333259101
201552191
2817994236
4208721169
316842992
302263834
42307314
396755982
307902678
3110969326
3645223251
2274394874
2674698771
4159737616
2204662373
2754378503
2929400745
1380658121
4037827680
4097046839
603672761
3454283432
1404587162
4005125818
2156891322
2359371598
1967098683
1140931393
3961492241
2970981572
1537700284
2569754974
295775302
2389245421
2534039174
2251771788
1780686234
1064457045
2417143263
1286752207
2281018570
87366222
3710153758
3561397475
1288620462
3655463805
505915191
2301562473
3106503860
364211836
2616046957
2203313655
1350519591
542585902
2672379971
1143976958
2156674168
963199193
1094254075
2422932490
695019973
113536811
1931193819
3138900981
539329702
452896140
3981674259
1121222709
2802617195
3656891678
962483024
908986528
3194075635
2745384672
1935934035
352800714
3801929035
553820380
989402924
3322496907
2214994763
1191893626
1564116557
2369632893
623564873
3826964842
2707198814
2659512644
1747092066
197372683
38824227
1754975438
3339099503
119454830
3388239023
1828715528
3059108450
2924434716
4176851857
641475696
270034200
1563559311
1829906862
4217689659
680906884
3714272450
419986375
1596162718
3913752142
1459822638
1997805697
2013139975
3117609750
775408027
945679477
3060679109
3996353450
2449703539
1543592372
2350715043
3890377719
655959883
716069708
278740144
3060593394
3621952625
3761235536
4190284497
2556636633
666998428
3444956361
328626690
552171974
2720457427
1148755370
3818385072
2453321400
3259501489
1290855863
1732223259
635126928
3063931355
3429382517
1409160283
150322530
1992253701
3259945861
1989072239
1914393546
2336148572
2325338214
361815018
2620337666
3184538320
1638561064
4172356869
114548471
1336696520
2387029783
376627650
1367320517
1767008368
2206036416