2304768340
3873578057
1507206340
2550836522
4018001490
1727238853
1421681925
2359824105
2807431728
2199119036
1394925389
904538647
1640807191
1456765608
233046251
2632402426
542645212
2236952248
1117316848
2267187167
1079315713
3482791105
704379562
1265142953
2417601084
4205264196
651626968
3302356470
181730447
2556061836
1860934568
3685568680
3235203085
3859288683
3244034118
3487287217
3375204529
1212504679
2324008490
1549812668
37676649
2751566414
2200251560
2394615991
735754655
1773563942
618438448
4287633907
3359766833
707125343
2264090310
994944914
969129448
649197889
826491038
163001625
1022253350
1108707865
2547873794
463231837
2504470624
3419903716
3223838772
2310451346
1309649334
3350837069
944260562
1211904307
1798770379
2506896698
2653214853
2260192024
306988652
1393128930
1824722705
1503742654
1204465340
2358191307
1626165551
180060388
2962485779
1807456616
525503990
3392997164
3280816292
1968276917
1056358664
744146242
3311732892
720677329
754534199
993829365
1996834017
736868438
401347229
1229078615
2325613151
2791678579
3394995700
1219470169
464475877
3850987968
127099995
1806232448
4025781496
1901175853
2637454020
3162931885
2468254288
1813488911
3916390886
1245685658
1245487817
4217617301
989826662
3444871910
