3988464246
110269813
3601638898
3659618293
1933387441
485654633
1967215643
3304040597
67483559
2057756647
3754943622
2375469160
2594701622
2580916581
3939461520
1743748870
2178950085
2597532583
1047196881
3267073602
1782600323
1299422958
2997275436
4198437402
1211610383
1089395324
2127686528
3168290865
3755680360
3311190421
2311331763
2514702270
3118746190
2548462379
1547932042
3885846978
2343867772
3670373128
970127269
994272079
645750666
2618510731
3705589770
2239020658
4158984107
2326082838
2482633022
1237151035
4058307114
1469040615
1800490620
4016875702
944934340
1018811710
401533245
167068424
2876642967
2162112789
