1235352853
1535064783
2762769977
2982311772
3854180677
599919195
3820432219
3650029784
866799047
619423965
2243163625
2103810275
1337381613
3518186853
3677511016
1609626721
1787372651
752813511
3240608286
941317980
3331463649
3145485319
4201134837
3421581011
3150943761
3223144470
2551227037
4100349613
610151360
4246632703
196522846
3544212435
2145677923
1899932689
2560153966
1040939276
3876021130
2055598502
3094778011
861341230
3205243222
214991337
1820962164
935554232
3793354443
2222232621
3529894791
2569558093
326788634
2189669469
3963983691
2202250366
1114529572
3805109961
2453714858
3262367244
2340327999
2783207997
1990163566
874157473
4079526739
2351799304
4183174224
2716894512
3624835034
598062685
124126046
1453208382
3225694478
3475984033
1725806550
3841858892
3345410330
3178373870
1707227740
2772377668
2086989687
3555146879
1457605578
3857758162
4247863947
1864661235
1655172772
3322052956
4128763955
3125706818
1360310688
4084202343
231745867
356189463
3661477110
4161340349
1609216901
748392657
258574278
514440840
1958364004
258114886
229847195
1345045256
1569736703
952518306
638818757
4110950303
734470575
3353453335
915160347
1476377551
2619347544
4206079365
1891539098
1430745667
244010264
2538445183
3410152577
2614750709
3991906828
1263101181
1577255898
137904193
1249977799
1350558729
3465701716
2701920545
1055335917
3201543956
3347517621
1262258296
277444936
3978616047
2080022544