1852005587
3165708360
638860785
824620129
952583905
4060355786
3408736013
3144378220
3497600146
1850582089
1472524379
4187701087
377721380
1936098916
847465815
135707202
452997032
3755356914
969210599
578796044
4263185611
2516990261
609812515
2922579286
3035649833
784042829
3557569190
269148937
3459074011
1872115143
2438873019
3247776659
564476191
215809654
337371881
1943047270
1164239141
3830155657
1757065053
2464525469
2007666714
369684110
718421541
2611025694
3400489002
2059357863
3553708040
411849987
3306704042
2631743433
2105764420
790324103
416881073
656425270
799569672
1794344175
362616898
49903523
2677649587
460926490
2688107763
1233780301
3628525661
4022181291
3447909647
3348761468
147075234
1650844187
303079189
3003229153
816513586
2032564160
3303793787
4218218243
1176738874
653003156
2490646517
2406516085
3095145900
2540094039
4096325203
3498131813
3123346449