1188149432
3872185119
2188381731
3226959616
1132424775
1033448048
3193577998
980765942
810068780
35133496
2324678802
1337241691
3748848593
1698304120
2102783584
1052809700
813583155
959910452
1560393871
2678487833
3176202406
2929563548
1512587113
3037848524
3722067216
2026734383
2258476587
4066469061
1339613534
1354649927
3237819118
1770470576
2979648908
2761943526
4232035422
2728983453
302270417
4182352401
115799949
3604485543
586733653
3890194027
791398523
3018612026
4250617302
3684995706
1759939736
2878887292
3292396036
3189691071
34617266
3654924907
842891415
2965876084
3389654113
1053796881
2961067261
3949209493
4196139609
452176844
1062740723
3594370679
3614347648
2353542683
3832747373
475225160
968634583
1030076632
4031519559
2434317640
4265021244
2859033871
2717458693
2795113075
2463431987
3140665258
394983900
3514788177
2992746453
330035843
1635636018
19916380
818120606
1873695281
3906311499
4243754790
4233270391
4372775
3170722931
2673321837
1355025133
3679765946
