2813328394
2264647172
3425029139
2552473390
4270928527
733083954
2967138720
1758172003
1063860428
1716516821
1560375896
458342244
1898674560
2224870716
2070029048
436663950
2275123651
3095478172
1785850935
711075811
3456405328
275936462
930181125
1591404851
2598045283
1441710886
3273792364
1708604518
3590607722
2199524230
235500817
3080195464
3333455911
2599037203
1630910970
566931569
4281016315
1000072142
1883523014
2887761201
957769924
2432435920
238529666
2789614186
1604291999
3550212326
210774649
3235170454
2914411290
1364804941
3174546398
3060277011
366458827
2019538195
2094015030
1411019466
892378627
1123773576
3610610013
1673535594
2124285090
2800539493
1499350822
3028156379
2055712542
182362329
2584242237
3071393739
2273525473
247965264
713265204
2795852634
3325984520
3024812908
1418522187
211175770
2539477184
724103997
2460844578
2104106333
1025815165
2711621826
873813317
2650436392
1673079416
2275522048
4036155444
2585135299
2819571372
2902068006
3632275079
2949276651
3183570047
2117098193
1455186067
1535142645
4154568049
2385820874
947214960
480168477
3580564260
2792422175
35918982
2080521700
3923151448
1169906486
2762404476
1226776333
4233196952
2552787377
1480170433
