2048972245
2544103405
251064459
2592050848
843378858
4043615330
3675060493
2640637242
3403087830
2192487681
3237340212
1113427191
352111209
1275976429
2039789642
2400712730
2159150556
2451140303
3518633388
2737282755
585749080
1160953702
3817650243
2878410752
3042603358
1227463608
2549525949
3809577553
4060464778
3570904654
3958340630
1856847851
3948121988
2765306920
3578607254
752814273
262688827
1900916430
786425747
888862766
1275223927
779746121
574035492
29525075
2230393620
2340031773
3825596741
2375195674
2949622446
2723264239
965386697
153098175
1530114519
1774893738
3992686942
3977777220
2471063200
2467348496
1290453391
87839271
984504014
3182068291
3772680920
1022198853
265601641
2867101457
603222710
4038771997
3083463369
1122029287
