1247441235
3553806186
80025641
1192138290
1905166420
3179842512
3590559935
2781567899
3123339186
450162615
2201105807
1760901746
3776122035
559474653
2942872216
744437054
361396458
3626163678
3972081501
811115401
1760396876
794723879
1939617384
3132182460
1425540329
3300199586
2966278516
4256178621
3557017977
2730624050
3840146812
86468805
3879341385
1905092190
2205811714
395305891
2131515078
4099645654
2652154819
1383874541
2591385067
1241039431
3571316413
3694831306
2500141496
1630190564
3825065349
1660602203
4138207442
3618528406
201888327
1839586502
1177558723
3231258998
884464441
3953089521
1710384080
1144436018
2049048551