3972528472
3752616553
1122543082
1396627181
2586954288
1604450571
3899378783
4261741300
4231861016
1294305860
3565331464
163413808
168258566
1781636199
4004660267
1124126499
1946200407
2821888450
2306220705
1911405790
3982180178
12495396
141195261
3131724789
3956022543
2319243172
2818000849
3126444930
4263056629
4064984347
728051792
3282981903
435774947
4044778072
4026946048
194826994
2228646483
1840458525
1249656540
61306607
2540432872
1077076142
2299104189
4036966673
4139991141
1466726520
2747413141
3512805022
4231983050
850112681
3393199386
2391538950
755936608
1015985848
724468677
3896078767
2297985063
913472740
2495767944
2418935556
1172249295
265203832
4219078977
1527908893
2493849044
3075625565
1888168710
2503254814
1026088290
1952378480
1335987367
338262520
2000853217
3627156753
221075981
1605722240
1924303196
2192268219
2089045358
1457439691
1850538627
2749433104
2397296991
1337819904
1903229192
4031116754
1466443165
3169570014
477930653
3049618242
3999436152
1436932094
1444606970
3120571875
2336852959
2108017331
165097934
3081821024
3236438645
415747125
3594733760
3798494624
2732714881
2863942941
1029374013
2867429381
1827022359
2444311341
3315031235
3789569346
2469177064
4044751796
3494718091
2720510685
377340619
2214036470
622720669
3955615794
1163852988
3658577562