793847527
2033920056
3349205307
751229938
336848469
3722610923
1687711437
3193586320
3507504137
311865252
4121165500
2902392376
2515968362
523697554
2024698865
3728843711
140792506
2178030443
1209753677
1303027252
1568147983
3201309530
2977940468
3754964644
2051830410
1816021618
2889875691
3026323374
4284245111
2802873865
3173865174
1643248369
3492194529
813715716
43740515
37450674
1225994402
1862626058
748290912
3664127863
1319759014
2433632123
1641415407
357681577
3228827208
162704723
311554265
2695094817
3135945489
1844954182
1660031104
3834355176
1854476139
3503449808
3711999374
3901498296
125431047
678731541
4022759599
2053253693
644754061
341519300
387155821
4074211807
1629482909
1257589911
76754490
432054137
3021237392
4040124154
2071727933
376142649
151051557
1997639214
3122280197
2658640737
2909801031
1862803501
775337934
3167894707
561123760
2062000427
3030137920
1816151615
3293688083
1789230030
3905217764
251934139
3468953640
3995510245
3762349423
1472139041
3608817815
18373452
2218813263
537884342
3394542119
3834486679
3012195548
2907491860
2731248044
3408009802
1644861138
2367653744
3982156792
3820875235
728946781
3681525254
2976230777
3093043234
284185902
3613202036
3964875515
75745938
2041405460
224344367
1961806576
49336385
791141488
1724999809
1756816597
1595915890
1251664865
3959109310
3776112608
2268342824
3974760897
3121888839
2837277179
3441310216
1221945720
3589979673
709996343
4074114732
4025902726
1599569495
3359814482
3233390405
3171778478
2032568472
2566742132
2407444163
2408215304
344330153
376920045
885955121
942121995
3650240012
1567833793
1248646330
233529816
1958542562
3983643973
3403559666
711550634
1827893560
2241639806
3568557362
3109558769
2127286111
216543706
1574564044
199919900
1572968914
4285653749
1559305995
3578705979
1436064010
2843721014
1933134279
4080479795
2431179764
3218623388
47911492
3534897933
3428161677
3859201797
2522021579
978239222
2001612387
285039698
3678555846
1704431388
2515522553
3859203981
3168122977
2987569572
826058235
260381888
2783850802
123859841
919443199
108230392
2130527221
2486368245
3920355939
3425908915
3695414874
433953054
2930333361
2791081661
2268946423
397658683
1678171315
23160220
2264179582
2382422932
647741197
350621643
3297455769
1917462232
1190038942
2158601743
3275391007
1418520443
3866964092
1509720460
613382335
2134522865
2260253392
4007151871
427161391
1734178663
3745302862
1490141540
2307639565
2489130456
3073904342
4074267718
2323110410
2792374531
2578105234
2299225198
1847860121
2720324961
2125675251
963251971
1145174428
1531300100
2976215919
846144881
3104201944
3237758746
2378916520
3383749280
2977364449
3506939446
1472074202
80332903
1536646677
291939937
1251025023
519850656
2219060896
1576981218
871444799
77855235
2555278185
3044694126
1410001707
2794858048
244646300
3563929998
1777043250
200563999
1413794077
3960694717
604944254
3615976930
3238409537
3907184140
4158698688
2247758216
3106156205
2571149656
2765760565
1262481973
1707401377
3647339396
235392806
443436882
3913743338
516887089
2951022644
1741758752
1815444416
2375883951
1332197658
511575406
3011124809
4135856684
2562511204
2914238562
2298605135
1418075231
230795241
1932210266
3863408747
2517473096
4173137661
3143264911
2816327822
731405470
3941803148
2294015967
1490039878
4107011072
187400670
1350654636
2228248351
1140324481
880352124
2217345086
4047512118
3247109610
2755996210
2071722251
3194249822
2858197528
1854065099
3221267316
2290125942
1717624956
4189593286
399598265
647040439
2702883027
1392603045
1196488317
3851222245
1604868834
2454540062
578674748
2312080267
2072750955
3158587115
4879399
4178054621
692091339
2831324435
437247638
1526301724
3953127524