1088357836
155506886
3101356760
410310494
2770608323
1093884398
689816729
2627544795
1210133989
2785833657
3134901254
2543955913
1751052271
2772143534
3239803249
1128034390
1377659731
3450305016
1061966659
2572621423
2367772871
2298531751
1634186217
685634765
2433217565
1208006416
3693024286
4144901296
681529499
1071370228
492815485
1701065045
2138966674
1961173002
2757408501
3550978429
3597701735
1760788354
255084016
1050980897
2197216189
2140180133
922266565
1595421123
2004990867
556660081
463879680
2060046416
475615064
2941079524
680138553
1645588277
2986999163
3392580880
3397959541
2180234221
1009674880
3780476157
2119872709
1981625619
2238350971
1591451231
2930450017
241854938
3276870079
985421856
3843980392
3508633234
625633705
1895807220
4186169150
3849671234
592990815
3389757866
1555662541
4244262312
4048169692
639903772
1555270658
1523718485
2280562121
1266801106
222247608
470578015
3164782732
630428082
963500539
4087092004
3444636230
2195441749
621083865
2874469686
1358709452
4141855113
1195457352
1577701298
739304785
137124875
3992110203
3552624304
207204336
2144765208
1917916079
586964673
1999913611
3101331697
2277977148
4293192236
4084449392
3775274259
483934541
832918832
1925813055
2743707705
2694768162
934767380
670805697
1372899791
2667482896
3857690205
2256907147
1171061351
388437405
3062611218
251234446
2111237539
1751007876
1176671578
1841482726
3066857018
974417274
2910511047
555231603
4254488087
1080399418
1105040872
2113929046
657388015
704626958
2479975459
1694412759
860750463
205366616
2647378125
1002522569
2687767646
1892116755
1440980942
3366319359
1252049526
3112420316
3689913641
3444547064
2462670169
2291437759
851519187
3425633798
4208533229
2159192675
1277586517
2286532167
1405376886
736176637
1190735337
3128565949
1408614568
1244212960
3336406136
1389475374
187406518
3424890941
1336752746
3472296263
590806948
3199392823
1772991794
2345049657
1260873899
1435163780
3216108562
4285454617
1881385628
1528519378
2030532042
2414698215
3455461949