2900987216
1437133910
4178717559
23559862
1229760504
4123854602
3339390312
4034093443
2994429675
1911137122
2722337891
3076830168
228745372
599427925
930807631
271382941
2701734506
3626770591
3908455526
2491703691
2483248950
1800925900
328440252
3673331591
2057596331
2226582739
3040458155
1363432954
739518353
1977529774
1889742234
3837666925
2278133621
3626678709
2223293089
2283504218
359102590
1922349306
1668044271
1415759645
3573077359
336022861
3980192644
181895969
1746984716
3823540001
420425924
103048717
1141609728
1867007016
786911905
455083996
2097739764
2059099070
1348127145
1170660484
2403706701
2176105125
2387375419
3373321954
2110180408
1134833962
3248392685
3402165010
3216458724
1770096924
674272880
4228401409
424946177
3416779590
1997728646
3406111611
725546659
3058491039
4224513178
1147850013
4073532154
915640337
3488326603
2650331580
381196243
2456177321
3885166422
3459753314
2780765290
1142866721
575924547
3078625672
1848176712
4146220937
928925752
751575927
4056950810
1533940203
3913153076
2018683041
3888693137
1583404614
1203397732
3923318746
347030698
3903325937
3795254589
674949069
440671808
4141997302
954619799
2990232541
1635416653
2260434186
3242786294
1018925072
2226353590
3811570321
4078985136
3232107123
299307075
3608272004
989262162
3363358947
1267894950
666872388
2747383755
1039699777
163972646
102754212
2567776937
3011956507
1330284310
3894786927
3088796589
810155859
1250448451
4291618003
3554795389
3683210051
269601655
1673934457
1765964554
1369829435
4181451935
535558430
809354205
3790954776
2467899534
2121862896
2310775054
3996796074
3782247148
844567266
3045608730
3544860908
1087567269
4044888182
1718233714
902872159
201842082
1524972638
664438833
1276045668
569839240
1448528935
1762604556
771422405