1118692828
2979457287
3139293570
3386465143
920319841
3301401679
3031580382
1160476358
1615908814
327287285
3415714688
713568580
921964828
680022249
3561312393
2910120053
2687386373
3411410063
2386893087
3477970765
4029942292
3296464770
1461115618
4276649093
1566535187
2216607258
2764385840
3430290140
294273593
2493889763
562468115
440138378
360229166
3395390974
2787771459
2931998890
3734432940
2384773596
4246249132
3864667533
495523269
2815676628
622091934
3870410861
73059585
3577190689
564576462
2506886591
719688841
22804816
2868700008
3034730472
3302730579
2244677488
4064711466
2589029600
230600099
1750498809
2904132797
3305042075
3213359975
2136343638
1551368635
974147417
3876140009
3565428237
1889776857
2573729761
