4034399156
3628981599
2041867953
2040984450
3581173453
1442222126
3153296884
4276471074
2241090965
1228888284
1422090302
4291833595
1208947818
3512060549
673507834
1601951580
2996620462
3110208048
2888888347
2175010621
579238031
3958362457
3693129475
848756040
556430195
3399672689
2108898254
2063601376
348732037
1399859168
2930310298
3291880793
1372898802
1099258830
706043033
3056463615
595791356
3497986865
3656970474
3797253143
811597799
1892962914
190576700
1418548796
3993199578
1630993165
2761073291
1247484854
3854425127
3472524828
2761390108
585972847
60126928
145011252
66843002
1393485793
1766206964
337343735
2157524753
1742606200
1797034078
1485204679
3561042198
4087276872
2471753166
2651488170
2289515888
369766783
1804585698
3315478604
1350314923
3254840513
292033219
2383558625
2171731831
1795602128
3011616136
2156571006
2886095913
3505268502
2132097811
1415916673
963294164
2310140084
3790525160
758088737
1679497092
1389554678
3218762164
2076064501
2643608381
3173771459
843216664
2814529762
2560836319
4280411062
299608630
2515733092
1288413381
1022707823
1302083901
292813039
2563128741
4083908855
2426602643
3772723147
2266262317
3286294536
2848201884
1699949491
1858697229
923671378
2237117420
2381450737
3817769984
151490175
3153174162
1841424174
905392683
3147903091
2494489172
2373476041
3777961856
439402871
2505573298
2209347203
1360478602
2957643443
2622524135
520139556
564269636
3859465234
4839035
3671588510
3199030638
1249289251
2680060447
3470138396
1886490754
2430181243
2379561146
1739658896
211701732
2567476424
2976304881
231038384
4149318373
174565278
3954824900
3494594730
3842671070
1848733463
3381326285
1173926180
950188492
3822753698
3474631796
2829550774
2205290451
3386446830
1018752369
3251065306
2761698875
4279249861
732007817
1373731813
695868032
3801746099
185051973
1402019584
882942536