3094622273
2653164274
2077812628
2365363737
1512991014
2416351965
1124233528
1815317918
4101557316
1563761857
2899647193
2172991246
1065553324
2869299530
3097838148
1346764374
1774621190
2906175147
2511257208
2245434165
1730969455
329915816
666105057
4136748237
264352525
1020637837
1208608077
1604382381
2624694449
4234414838
2770426017
358600235
4146177001
3089236527
41511232
948870567
1353203544
2641074059
983020152
825831900
1118537423
2866725473
1401140743
311356303
3504188336
1639942046
1734764153
3845937372
1985972170
3314874557
3386718203
1186267335
2759468402
168128880
1469380573
1646799388
3633984583
2092273498
2712143598
1499795029
3490249943
69007849
2684773374
3840809630
3102800807
2964623019
3756387156
1608170574
1905498562
3616395751
2748388095
879588390
3624954867
813261841
1258989355
2251946738
2502617086
3667378617
3710364328
370454199
2382154481
3817843103
4112681049
1587387855
2241327296
2846338298
3333166995
4254619696
3683314839
2833856490
2555017264
2476056410
2745385665
233959769
706546869
2282650827
124412371
1389457380
2340485061
3557042540
878115004
3102178061
2697922375
4018781356
1711126497
1990585442
1688561191
381660128
