1162008979
3292679808
2571576720
2086558244
2625190903
1834214346
210129372
3173799357
390228034
4126508565
3174769036
2237283579
3101518148
3075260559
1873236417
2005902896
995471806
1455070780
286529416
2271260694
1667489191
3789432405
743398727
3774016867
4010667490
2383624006
2290093287
2782021649
1953027490
2667206688
3191939786
1741898956
720250698
3252391713
1941142508
941203859
231503231
2722844811
1940692200
3313208481
680011540
3635434539
1385033224
1138350705
1140717627
763791816
638050222
691672595
4024249351
1946872291
3958999244
2409444126
924592841
2392836985
1105129724
3793111280
53006993
2639665671
3615523896
712139860
3000644981
1268019740
1487719769
1489770766
3911953536
1612649834
1747307159
1964641849
1544111599
768628635
2420062886
2776856648
556555239
3781829931
3475907418
1767766335
3676431572
2935419174
3502740877
1311103878
910039087
552306482
1154733364
3563602553
1966603355
3587414458
3093887365
939303187
246818320
631073778
1268018908
2866362850
238587534
1217305992
3179704007
938287763
3538660124
362857000
1141794437
1720646004
1955894779
1123108387
4184730625
2293706410
2678945268
3397997589
2372019349
8114843
2511060631
1636940721
3659369860
4049656191
3648947983
2877261585
30447994
3476529936
2745024134
1897160600
1018647874
1668294609
1283981523
2575227323
1879703802
2539483690
266698980
1043409877
1043723867
1843175101
3777303869
487480750
2665566926
4272392606
161634651
1152588830
2849278787
930634637
740877766
464906664
1204348102
521266270
1249845572
1507462623
2970034944
2601855719
3836846825
3136916744
2420733965
788174277
2797797202
2263691166
852676796
3794190895
2662792112
4152053444
1832597433
1254746029
770284071
288228245