2774063198
1222122208
680384617
3239289025
3912872649
2300351950
728757553
1143124720
4056798227
1409969487
986346461
2503650742
1051201221
1630985534
3156705229
4012091073
1680107341
4145843171
2512910787
2344457019
2670576177
1299267043
1119809078
2294735103
940745379
3046248623
3817573829
140340693
3023087111
2378134325
1338968491
3445242725
3412079851
3098324296
1766949188
1829491299
929363047
4236645776
39890120
3263552762
201508891
3674652605
2412106791
232595986
3108657139
3331279867
3596888085
2136204017
2269350890
4288208104
1584549459
1946423401
532102017
3174729442
1204921385
3359288658
3197574662
642707609
2357059881
2542679630
3351384275
3437710037
320018228
1158232661
3963309483
3549162955
4275754003
2968278962
591216906
3668849654
3246576367
3575377649
2513821241
1307519787
516467924
3022074218
2691699349
4023561023
4179290076
2780617536
4011527378
2538364735
2280461167
2164831210
2305218393
3950332733
3653177321
1611878599
280077501
1655300368
212005723
3639697288
2381744221
1508402805
394762484
4048541801
2159685429
4002311629
1749498268
1399046611
1176573007
1679751313
2787262869
1968266491
1969662026
886968677
