157170443
2261702863
2384265081
1423911808
2048015444
884014454
3302391668
3230115363
1645462226
1068013228
197295657
2929670405
2108932063
1686886408
1404829130
273901110
598699369
2118931497
2850078390
3718272287
1693005658
1263084789
2148053859
3704911909
2945461227
74145085
1082344028
4110088537
3812080529
2177828701
3123697994
341812932
645322032
2699886125
1338221428
3820874445
2212183269
3973973960
3469415300
2229314604
3821829452
906989538
3741333128
16430356
3085131355
3527337502
3442847693
2054195646
1654026000
3691931493
3728792339
3832930773
2637541132
3242862902
1103926305
2262805237
838755277
2012034324
1822253578
2520009110
1998004044
27199011
