3697359977
1752621670
2811461386
1254310838
423045778
2044463774
2646798194
989331805
1472702250
448661168
1836366486
750683458
355893898
2024978977
2351007535
2753705782
3887201643
3304306792
2143370087
2754155661
1504314117
2227105637
3458592463
3484554239
3156122447
1612649563
2236371276
783473072
2545897584
3905289970
3329638826
4065416228
3228315151
326752151
1613522182
506219320
372082293
1277511110
884134391
4250869281
3817046109
1580086371
27123693
726437324
527050892
1497414933
2316665800
1266586756
3264556984
3475156935
2978360007
4170056887
2594522374
3850901905
876523040
2228571450
1093103083
2394198505
3220155729
3284764900
3225819784
3994653686
878192563
225309883
2901443551
2443213169
1132188253
1608080208
472855312
1752460355
1169843677
727934622
119114438
3595375963
937091539
475378986
2287538755
1391875554
862365999
1700794870
1244740745
1338171546
3421997585
2896882176
4251354353
3350045313
1798462534
370306355
2456804141
134794913
3947958426
3734876332
4293024398
3804041337
3420025342
339645344
932292127
3825308093
1404469645
729900263
2567496763
231798827
359614528
3896764423
3501897171
3855275510
270619252
519331085
1575010138
1260101502
2919770512
1394342760
583698343
3319627238
2500270516
3059743618
3698628939
676660278
3318418395
3077614118
3067272635
4137533959
3529854767
1289170144
2005921637
2908777512
2850705337
1362168112
4005300730
1409430376
1442267506
3455274532
494798000
563122024
143690149
2731236100
2501061874
2883795404
1969004429
353984991
1826797447
475318903
2196741553
1885457611
1520081919
4045266850
1073173685
935863752
2812553466
2895467256
2529519613
450550267
3756039877
1489034309
2415256365
1158481861
2788924214
2910209825
2659973581
2529845624
2934995130