2927548853
668635460
1923126805
1573499320
2361108626
2371538485
517705684
3950469870
808809057
107043883
1783522093
897914174
358032225
1307126996
2711714214
4156084598
3820663790
4065842944
1706081709
2262517975
1892730152
1228707092
1105001150
2184992802
3570309193
3305801950
2855619262
2294462534
334541080
1360427710
93808574
342027263
1545634773
2082700581
130760431
2700630880
1927802646
1064829911
3322659297
1766120520
1064039349
3413794618
4108615866
179646839
2806279375
3385136750
1199950579
1650393659
3976540492
1436202897
97594883
3536875495
2592961902
3893319851
1168070544
2104442976
3532232837
842440950
2429758590
315188316
649274856
3202033018
2135200991
303801644
2392393388
550215731
835184555
1793209784
2256953875
3870239113
1430232816
2273701961
807130595
419157256
1536991128
2129677140
2407245587
3590305248
1732442858
3304354123
2480362246
205609950
2692576694
2681826317
1581544969
3340620729
2518552882
22567934
3530988621
644954419
2710709905
1192885438
125595727
4044393148
2543962312
3283599514
578076175
3853544086
515422992
2118423225
4256342299
151143664
674772833
43040563
3800324262
3155013371
2379108008
1907191657
2787405798
2801202349
1073112825
1734407934
847963822
1846594537
2872055076
3867591287
1327431438
1658188
2681650195
3370302273
2137438505
1418878840
4232034609
46267823
1485931466
2202876343
2187615663
1846245267
1381445779
1719169224
368650451
2508667889
1544328038
1704923928
521857084
2605919545