1413083150
15464910
3723806545
2952182155
498321778
553904633
2561779275
3259724658
1519156184
3813018927
2516934174
1681054489
1561954340
1849186475
1122527083
945044746
2059136152
1243579881
1225046632
2354560652
2857176346
2597925138
424133751
1736836216
1097984134
3493716497
684177052
2982398830
3955110655
308160339
3147568861
1537997511
1145186884
1761099026
3369088396
2259400518
3559919591
3904587002
3140162290
2625496084
3669873698
601849986
525221927
1243212378
2588926122
854697701
3820002925
2104619623
2344579952
2257138998
312161292
257480509
4011622349
170059523
2333778407
2402803445
3189019316
855527991
1472805850
799587334
2565924292
1623245587
3931046452
4255470551
10640177
1549863514
645769635
4113930494
2543764822
2780341114
4259735674
3751822590
4294171507
1888349532
485444795
2349816235
3543274391
326534571
1382584024
3248656066
1366506717
3993762866
2145183831
702545303
582591924
947258850
3358451756
