958565117
4075279015
811743004
4078464194
1095500479
98894276
1480852960
1458157837
1738212201
3456214267
62738021
2025081653
3517110701
1752577001
2347359667
2743192665
3943405757
614971265
494361145
1623528767
2228802200
3248777457
365277966
557634216
1787174874
1145959616
1039461252
2271690068
1410030526
2954799504
3672240591
2350215539
1625618206
3583294289
3597988055
2468429427
258159228
1197684432
2185439302
1912339984
3870420290
2425559841
3709442313
2404536150
200634277
1499206085
2403582640
2703924393
1058653421
2122077680
3788536744
304329309
721061988
4103391320
3142044715
1627184898
4255985885
1113557720
1618678366
3687635062
1660899655
2265763257
3585651111
2895722291
786136430
3882141404
19439438
3037629354
455360833
1550266475
1145593954
4273540211
2107847525
3617153147
1274974344
589584957
634853457
4011501166
3128083055
2015420638
656728858
1142102824
2463892356
662901688
1998857334
1093923934
423716663
1637325737
275262705
111809388
4001544015
1525262969
3616483807
2169665088
664637104
1464277332
2103523152
3090001437
2164882643
1279597270
1953002504
4184735876
1544143789
1408527753
3168712888
312585439
1943640623
2519255626
2294732026
1975232329
2658715156
3640963644
2691905531
118399256
2265982369
3730751468
2364262394
2734407886
1691008741
1573578397
3467648865
2925999966
1389288457
4177129079
956449717
4002351745
2410053207
3881289741
883218643