2556337189
253768735
2400323375
458232753
122801745
1630871833
2728728393
2500661438
1335399957
3102295119
3901205406
448047633
3306305488
2245233824
2067342045
3057136504
3015496195
1647984676
603715250
2093692620
490827054
3183506377
3341272635
1193331538
3042709336
2620638411
1538904593
3705636134
436526877
742808402
1976126266
2134232578
3473592803
19058652
4190517508
2305037092
3310090
3250149655
1553914563
2825064543
1797167033
510379438
89597412
2564522212
452213219
2074189393
1256353596
1752502151
887577093
4292339548
3093346300
1870199898
1572449582
930122324
2074899782
3568885819
2860731521
1699412987
2651002596
723355020
438137115
1317908056
3380873426
1094441471
2392502024
1433148358
2153189671
2660771822
4002334745
2869898933
2712291791
3151495955
4224992699
4184341401
507277025
260666918
851377651
187824956
3125564885
3235871973
2794110512
211421311
3396995863
1594431528
1234170679
3736609572
4035649742
1334125434
2283156560
2617153636
2675607176
3504529147
791884091
1008907597
4087426246
3490407525
775392543
3816824704
3407685062
2132068107
704494383
144969377
3032522090
3948955849
698000514
1538902166
3489145101
3571005428
42586404
2879868828
729205945
350743050
1331013298
2955134705
3451010413
2574226364
3980287790
682576808
441997513
2459624900
