1605732792
2273255572
2510497687
3825391358
2880143146
2747841923
3548813496
3892569594
2094055318
3569441189
3462985130
3983398555
4048448533
1999122026
3643627929
2566313388
2289532921
316276387
3064937708
2981614054
666492630
4294378086
1557491105
3937885683
1585087484
1724814036
584502860
2961546822
1061490319
3696908223
82162348
1655731128
2456355888
806116855
168220080
4106499818
3215964274
1914734346
1476169534
3850416730
1655315615
3005012521
1898101492
357968906
3284164199
4057992660
1112098573
728478518
2489850620
821362843
3689221986
3928869862
1273484016
1017500137
3574480392
1031421933
787407505
340459740
210793646
2192027504
3457825919
2430754356
1791514052
1141159304
2253161145
630393536
883538916
268414826
87534269
2130285962
2844517135
4097958639
2583902618
31316500
1835991621
975302321
2645575066
1559332644
823759063
2215968972
3298792537
500404931
3200816688
267952750
3042101435
1827302402
2983133493
664478759
2618058020
77935753
1766848720
1447723252
2015934911
331566979
3903680845
1406225350
1806240900
2452740182
1960145440
1689877525
2337834717
488882221
4283283220
1488198922
2437140939
1422475190
2212068935