2587711322
2309273651
2403033953
1119801688
4019963276
1134123504
150109334
3782799583
3714142569
1819224458
4063170962
2717360092
1874193925
1697698068
2452982886
1694832686
609230200
605354444
453591725
3482611860
2721548772
1690561834
2189390733
3582613377
2059617835
31792526
255732019
2814398808
740287149
840801868
4039938213
919483237
4265163499
1470033289
213182993
1239373587
2361967563
4050313505
577073071
2604996159
4110705264
1841389293
3103226206
2296041121
2637900001
1353933697
308605456
2144570202
2675833869
1441361370
368220224
3357428555
2034582163
1070209167
2163882137
2554742207
1764974977
1845099320
656145134
1440345508
1835529720
825840931
823740609
3243622662
3150518757
3458539042
175429097
933861047
4034409931
2263048999
1554268464
2155919039
1474072198
1108223482
1598991582
234239946
3714218001
36342987
2601605730
1859542514
3946224762
2578486590
2181938309
3918948671
1894491791
433004382
3855255955
3488925914
797503420
1759042912
739291540
1484509461
1084935697
4228377113
3614042621
1152100888
3302711178
1439101770
159530124
1477248220
2481237913
1046103766
4083046974
2723512291
1976264971
1109996679
2189748586
3940894746
3935237605
1239399759
3955786169
149961194
4234553314
4019190461
2637978281
803388997
2508978011
4170204307
3178202191
996472846
2203567096
1974057763
3398114590
2079379808
1136128355
615747473
2762202720
4034894450
89561790
2477768125
300175376
2805279442
2961094001
3670619552
3632041058
1413243763
293109365
1207238944
3754883848
223740703
3588047019
599047452
240167843
602672262
2141432841
2356924500
2484196775
3716817074
2922621412
3314485311
3152449910
1722018967
821754509
2582569411
2571722767
3197786250
2118790084
2822699444
3864644868
3513383264
2307876294
1946552112
20597668
2101672472
351831359
329994947
3402457179
3795509673
3244694427
2048921180
370280799
4092598320
844556419
117670728
109640744
463590317
3624899455
3829194117
3645382933
113163382
2016437641
2027482572
2680848712
3431405460
1262459454
772122680
4190087191
4209896185
3623839340
86852052
2674400010
4082321080
193222095
3611876688
579252329
3203284210
380004357
3055251168
2470668560
1122026856
2922684027
1121906725
1082994872
2515936807
4198203841
3404237865
136345390
405177704
3030099351
2519279629
915780913
3422444790
3529386110
2767093796
326129381
876378094
1570811527
1057889427
2492299158
402691361
3040255168
492474108
1775313368
224612363
1013098348
2073826598
1162665600
2488947068
1744914657
2267681963
1983298784
1714219651
1772133074
2353113716
1956778145
2265133920
3981925130
4038300756
3449473721
4239782754
1930110120
2323332916
1260476359
259241459
4193065198
4064625954
2693235559
3651967411
2072744182
1872873142
1096659039
1443524194
2944896077
3239876544
3491056405
1565851887
2168657105
867739026
1525255770
1524906440
1412383076
802016315
2983176897
1644091853
386917059
4230912361
3512481753
4152585784
4069123017
1662144057
3407586350
2436949119
487632855
2656723042
2471893936
139683854
2311420580
1462945402
3219209518
2782947932
1288747214
4126333678
3542098043
370468602
1587766457
2588970792
2933197143
2827618954
2891151250
1150595075
3410584430
1588358038
2824219541
524393605
3058054274
1050423618
3476496185
2879897975
173157205
3762763581
107240109
2423395643
3197825655
3704858832