691643303
2776327171
3276889706
2304461422
1468881172
2182587390
2496301417
2380277528
3760041883
2584625260
944605178
2214091200
4262211367
1126076519
957171069
242802298
1428214148
2227684037
1209651638
1299987753
2295537845
955271804
2021358632
4037122016
1869797076
850867996
268291196
3054346080
4038165643
1524498043
3200971424
3301880458
1603375399
2070418596
3156120181
2236936693
1110580317
2571261193
3079014063
633553618
3300935518
1927008238
2194586145
540337745
3607806365
607958747
2941547986
3112277848
3509255807
1351469970
796911511
537486749
3077032673
950587496
3841081784
2763547288
1502588916
1069984792
3106563114
2342375598
3105228172
3466113201
4024038637
3055252842
3110659781
2859517794
1704077705
1651942988
4205432065
3390730312
2469736145
4180230532
896962566
611852766
1878273635
1792488836
2161645410
864678679
3286405929
2954508176
1915678778
3151518180
3944316877
1726251388
1524856301
1918081124
2593556117
846521664
2864197078
893072030
1811252740
1878175718
381107787
685299764
1953873790
4236637588
1118584945
4085991850
1947189222
2980482540
3405314406
2850893233
629412514
