3944127328
1610345915
1030873632
1618804642
3484171914
1392616681
1378582879
1255856517
2559092849
3290917369
2086656661
2427021455
3905177700
2828840256
924072442
2169571239
2420772243
3996308856
2551422664
1602622679
3748918320
2207918768
2779224964
1695804742
98883097
1591772556
3644824325
317364617
2306697419
3402749585
2083583960
550255384
1698868956
3282754604
2623221180
3821637575
3870408154
1011120455
106821851
2678765241
783548049
3689816233
655661853
2730448422
1128680250
3928573436
1563780062
4051081510
2355050344
2654853201
1144478651
466463945
2047058198
1860717020
2697592832
1218653388
1754531787
4165195948
3827326400
3497186541
2959560801
3232180415
2533442854
2849160228
3990321231
3492651738
1859852572
2248308619
1529275520
3136250614
2094943990
3092361205
3371592013
1770965324
2136790745
4133332795
2238750011
1343420867
3422845053
1189076761
3039709446
654599565
3573327471
2141394969
950036515
3530278705
92998635
3713146496
402587484
3751429304
3569300509
3867580191
1880197288
2960321665
2736608029
1117954970
163259720
1521722752
3397220853
2335214824
1703767941
1092039251
611892782
3717868229
736852261
918069742
651293139
194784775
1728332411
1506320695
1342107727
3588203680
3971784079
3168304602
998930335
41882824
2838467511
3059172005
2959427592
3081942756
1140548150
4036068929
4173010733
1095528393
2525156054
2888105895
2510324264
534599971
3774606857
1504941446
3556472326
2609577721
351737064
1595553260
1033704995
2424670785
2972208464
1367561594
2963252982
1178182551
26594274
2830107138
2643710489
1557942758
472607477
286646960
3442897826
4202255458
1637235321
1136259080
1571391293
3909965909
1449941274
1021866490
3343988956
3031763168
4123255330
3156911883
422560870
854647993
1592328064
2886462296
4102644096
1284182652
2343507043
4097165273
2010784245
766531
1633616862
2122900311
3490076096
4093920506
1851639374
1852003878
846255465
1458951119
2180855282
277749190
1675761490
447094808
3906012176
1573996867
1491597625
2214227607
3004969526
3529777523
933856450
579986875
1594744275
2364112046
4089098217
3992775593
3868309989
429485675
2322744848
4202734548
2552967672
3492568605
2123928483
2430102066
2003486642
2143458162
2398599977
1035471834
3818874096
4020271462
4069090884
2038401900
4093707484
3226042612
3637110173
418713006
3056857011
487568155
2662792092
3602737043
3621484831
2426911572
4099281802
3959848268
4244924828
46683494
3156247387
1458317443
2852158757
1557708113
3345868455
319734480
1190622096
2923876486
1921050104
1060188827
237576252
1996057695
4031850815
283873932
1180395944
103816677
3613966345
1402396953
4204336258
4272807763
1141389982
1721209677
286595027
1689817189
1072311244
1394511580
3038570666
1964706901
231269593
2979694353
1185626153
1566032078
1225070794
1510665520
3811569179
3674569262
3428177435
686185557
1679750060
4137677259
4081121405
3125453320
566352489
1645053585
637498939
131847956
1975168656
134759648
2571601079
40622468
2470040161
4050662639
2234176649
3110726412
1892312495
2439890091
2470188350
3604614274
3656212627