1023853900
4726940
2929584163
1506945675
2285937170
554837428
2777122741
2216059439
1168465084
2668067746
2227174496
2764971252
3148140673
3914605057
779119917
3708593136
1294611942
4146791613
1832454544
119036293
62583111
3170537274
274543123
1322542740
4082578874
3853005937
2544858722
3032345715
3996344622
4217113409
2903183575
365540529
3009412291
2865643133
2223079686
812158084
843571842
264934320
267265932
1196348774
3106197393
2175100621
2780901464
4082282875
2746687027
2137580545
2148250796
3995540148
808847334
2524061614
92988620
1069126604
42653393
2942019655
2058097641
2151339354
