1646916773
278064287
441437004
2483684571
1043868004
4077514070
1123886735
1570876754
4207122003
2390691375
1333111781
3840402811
3598334240
2111398122
3388762164
11613545
2017172239
781722954
281560683
3114050007
3198147366
35557932
762212638
3212307445
63074572
2999228457
4195216610
598495410
2448077638
2421271127
2722375052
3388254777
1266584538
1091060460
978904474
2477556183
2150794422
2240946552
1830754575
2163863932
1545756517
3185589248
1270681681
1951708626
3932352480
3464802376
3991960496
3578253742
3155363817
2531481250
724289358
1353922639
118975979
3189779776
242915365
991572873
2598637991
2874401487
208378754
1887133226
3749847145
2738679269
1878506253
4144439450
2079868933
877188839
470782784
3501563009
385645745
