1653042667
3889313162
3028243125
1550401795
931116032
1996675897
2009823667
272483131
2479817669
469217580
1707266050
2624366021
3565863259
2977608590
56806233
2174807961
3490166672
1180261019
2414032549
89834523
939548460
1082558290
2787166424
3181830400
511434974
279762209
809731517
472916024
3794379274
1699268242
3255609367
2105846952
3130481861
2418191104
2611435883
2578698963
1211979779
287710049
3173581960
3484395375
2785960547
1749824773
4293790339
2186623252
2689466617
779826911
2469359631
2596168172
357340221
1213188620
3775321062
197681712
2860195359
1413974330
302455521
4264899031
