1915850595
3254083855
3274791269
3672728234
1299754104
2321756766
360360899
775308290
2341992146
3901940397
1227750937
1812188552
3503314423
1235622951
1449169742
3006919827
324847836
4221090932
2655485905
3925299439
1259645306
2639541389
3301719828
720108834
2566961690
441011632
346626388
162431691
291808185
598834710
4260581802
1753134990
1750582838
2363751691
3554643524
3858536703
2598624641
2753731603
2315702193
1767349707
3335034748
1435788218
2637122628
3977638235
3824453584
302062384
2999789059
2915100033
1345323314
3904455168
4072798201
1710335764
85001229
781415764
653369493
386664098
1287166610
1235895714
209018152
3088094094
3016745877
127447298
1576985436
2629739204
2444561920
1348973480
1904796475
1983315258
3295780985
337925527
300268006
4136461280
3074896571
2972195921
2294447312
783433788
3295622612
4162345216
4276197443
374533374
4108257104
663560787
1927990550
1786742606
3270271910
269586024
4123810295
187350796
4094324722
1657267235
3220876586
3024983956
1655763990
3955684953
391061875
925955305
724833035
4256929409
2044962482
1212586629
593414619
3754029480
682756159
2207113639
770308337
2743975263
1948488241
55164009
2826556462
382001436
639760418
4094643869
4231360982
2934291392
2601140182
1683647909
4073087891
2885010305
1338980042
867468605
1034502077
349910883
1813014176
3342076434
2159139680
3023448274
3261873789
3842663154
3972702856
2413642754
3186156409
2844738262
1232563487
250447154
203981635
1445362183
1536056036
1345874089
1049447152
2295245926
819077175
2813961895
3970960723
4039198417
3660076357
133569938
3382021596
4156226960
5143929
180626916
2335841093
2196633017
1507609580
547839103
411735969
1149284351
2409112552
1449487383
1428789447
2408271753
308348435
3639795791
1521444692
959125993
3546541894
1797579866
788001446
42239733
1511533269
3544266817