3852774791
1442292302
571690012
2187414890
3609382633
421798397
175857457
3069489394
3628000345
1948140154
1710461918
1330280179
4193177590
2627427696
3437937408
2148367492
1416016690
877315960
108072995
35712263
1658048478
2133715852
2710213762
30921337
2928729801
459851013
3729735197
2183577982
2803175085
3329613281
1531206479
672985731
149601990
3437424440
1441550451
3776207398
37281609
2999018621
3441703222
2611891365
3877231747
1008976383
1637056693
2726793299
1810249024
1217153815
2434610670
258864015
1263119828
4068902882
3181718706
63274845
2922921387
1249953558
