893658491
2102582493
407629058
3304454314
2319579979
1335897125
2453873964
2018255724
4027845435
3879192804
1991435768
153799379
2974882549
1016770481
1660803802
3139626507
1393166130
2893809641
3149041963
4122864453
709625227
2904975454
2233782503
1327658391
644423121
1884727063
2225580986
3240355832
331822148
3602821174
1005006711
3842804996
806939633
2642696780
149594729
2000569350
3570310776
1280578339
3570516314
884500864
1154090953
1919231570
2995511760
1927674995
1941257915
1826867904
1911513403
2958871357
2734914230
2698071232
3632706174
3834545154
1112640108
1008396633
105440151
1718209456
509773798
1757931460
2000738326
3444404062
3549739012
2880840660
3398849940
3924028442
1773406924
708360795
4178798074
4222063657
830369370
3740424217
270723227
1451374767
2333171622
149799390
3111811444
557633955
1481263624
532044337
3869467840
4157936689
2860732307
2375723772
1946820149
374090590
1435777681
1604977774
398412478
1142007750
1383653928
1233210149
3686862196
4105970493
4227319956
147798904
881201718
2223857918
3305958505
3155092314
1855893124
2674018573
3389817020
1575660450
2711331309
166797728
1267744814
1148281904
1416527939
3521545312
3269118325
3319440247
2384580412
3719071847
4283876275
3217648194
1838416915
1802532141
4137079788
1203079377
561756817
1618592980
1796904060
613235012
332937956
3801239581
1820866736
4038530484
1066207996
2878861104
43434075
2671427527
1142766812
981523808
2088360715
1520438058
964200663
3903234322
3206395295
520266383
1942756670
842363397
1147790117
480344579
3513286621
1215966856
193137476
1941278530
2982012390