3789805402
293961632
3380376277
2065923430
3979836763
2123098092
79431139
2693249589
3616464655
1241643415
1657288751
226543518
2256491295
683023252
3633019501
3654159459
2186702010
202929004
3560830074
3480854006
3446874300
104786459
3045644332
2025610826
3525708655
218628877
2619695293
3331074578
3719127919
2564547232
232503591
4234691928
3438217670
1375067430
3206574922
638972616
3460008973
3502809764
2382192875
4207597404
220052205
1803238981
750287612
4071867453
3399214251
3928261489
2030171536
2418724840
1861764981
1043785989
176732201
4160576495
715560228
490536382
3195787068
986336575
877543947
3659184790
2093730882
3910248978
3951457843
918374155
1651689832
1383758319
634237451
1608874158
1186400932
1902375093
2238679182
796739429
1313587963
133365140
492029800
4197514427
54983458
799957506
3257478950
3227151824
1734427044
860225842
2135790051
113432162
345309283
1476988315
2179550170
2268842538
1288066135
3198203305
3851049367
1700345171
110468126
244100785
3282558808
2832570438
2589695646
1046474390
4045127368
282284783
3399756167
1289075231
2723071832
1370550453
1470454616
3961686030
3202624636
2738910445
2398743849
76538360
3074860686
4198817121
2133961013
2657389613
1075892356
2583892342
3885518474
325746675
3817851239
