1557342363
2478764371
103369815
2692999700
2006661325
3784906044
1527587051
3547387783
3595109423
832157113
594262349
2722753295
2821943378
1745683157
571249663
3976191273
32440683
2227602948
316999143
3230673865
858964810
619075321
3281908204
4270447627
3642936515
3516393231
3361748504
3208497306
1482577030
486412861
2749976601
3671802597
1528311164
879109065
2829936840
3405116112
197002039
2290177385
191526985
4248512122
1930733632
2126574550
1364529841
3924483966
3075211280
422083199
3679965650
3351824419
1411911178
4135218010
3526986020
1558062431
1992049499
2001540162
1771399968
4163553398
1927198107
2248210863
2729378128
4052753540
3376267988
3175056499
1109376197
3716014865
473187215
1804660200
4084970358
125754934
3552029756
3304781142
212327789
1201269226
1670937622
4123900048
587248080
933812227
2773479635
3825652459
1513046032
917656436
733959843
2364914231
3604485204
56763111
101724008
3132943897
2379219336
3214206886
437775415
1212903208
3176813331
2612954777
2130452209
4150577423
276506762
2358644367
1642190015
1726537449
1450405126
3081986817
2463920718
3415129508
2684060442
3884253202
2693155865
1842694784
3715565911
3240722218
4237130099
3956803091
512379679
2861058123
615195583
1674557842
3108798698
2934847831
478326324
2284231582
3558351099
2148674003
2890393938
609672175
1090922112
3383752509
4267295594
637425769
119632166
2382422890
535521778
485292256
1185876095
2909648143
3801600764
3111112541
2142926012
677363537
507890008
3213607800
126686659
1884984658
1269089800
2156787087
615841017
542220230
214049621
554707042
805600289
3353987973
1076475517
268243846
3951315265
2135141667
1242166023
760515376