1094583651
510427057
717822692
1680476295
3342980120
3749144527
3391702399
2150487660
3783418316
1709752863
3570369948
1622769289
3170885679
3488920069
342764596
3887823241
344424317
1359132964
1972733372
1213827511
256676861
3886612723
2905629706
3649102946
18129158
3565539334
4102526498
988976626
1950433189
2144600062
3432610288
3256785478
869616817
439696598
672442945
1158260978
1673519803
4240525433
109932506
1782965052
3159794417
2073646650
3817908316
2074895733
1574548976
1415875400
1856686965
784639748
207166926
2406736634
219535850
2944826612
2934024092
4287859989
2590256973
495320327
603639095
866164529
1965180040
24901349
205464191
211311309
1814896625
3201332923
1257049169
1142110959
88532998
375744694
2761318887
2949099221
3751308148
1281507683
4211684102
50659032
1717305574
2479023970
3250591972
1786243429
3807443302
871701307
3393846525
1570244377
4126317840
2359333998
239019521
2238767244
3604281546
751042835
3551424856
1596725884
1380427104
2164856571
