149641241
3438548357
1363348525
445651610
383562604
1845133949
1842067014
1903454971
2420744751
759640408
484554401
899958434
1454221246
1488249694
259219997
948616293
2561533576
3340742748
299171360
797034651
2720677092
976221854
942969315
3805434678
1238571607
2822387016
1239240497
2145485932
1715333061
2696431718
2725919364
1413418569
482378428
4217718661
94123472
1411026360
438681157
1221319668
1252134924
495845690
1720223260
2389771492
3750598478
134504162
3885219533
809287682
1876024414
714037420
2585712324
2253128141
2264689201
4110697179
2844923910
3483720432
4011278196
3054696475
1678708304
2798426677