1369165495
833023306
3520980886
3101958652
3289604421
4034113633
3659801799
1655305785
3537692605
1471569907
2006135901
4190625163
2705905839
3989218287
471986470
2112945271
2424153593
3932619416
3125597112
2752945807
3660842117
3278172547
444316633
1675028535
3799750684
3419764153
2154758837
3386618672
1150041256
4151582161
4272312164
869006797
2892514814
122073973
2912651600
1758569558
1581149569
2497281476
1464764697
100075240
1403728949
392372342
555210029
1452818608
1276083038
1116303010
1688963899
2009265892
3704736936
1656638815
2839043777
1568059002
930259305
800117951
2253166723
643592229
3118737937
1867320654
469292692
