1591678598
801914845
1377916288
2706396883
3924279619
142177781
2005867546
2248239020
3492424712
2798160512
3083077328
2618781718
3307932169
425679506
3342234230
11115429
4208190416
3431140793
3323385769
1002202999
3699510770
4242777547
3000976099
2090351090
2243827846
3820934581
1810712352
3966768158
2824106644
4290804185
240992150
532808941
1756579272
2451123563
4275460098
2655765493
3332079284
3045043041
1189322918
2246519194
1414284230
3595215681
4143545306
1230745780
98130815
2271891428
143031482
1472159051
1110614412
85926296
1455506602
1118020979
322307784
2970222465
2080722138
3255462059
1169688164
1790957916
2874257679
508357548
3653780610
3034017090
3614625237
1699538471
1848814915
2205120332
186519829
3009077604
1806059474
3191455853
2994003457
3675124492
