878061384
555364071
997592792
3500897265
481589234
2635402304
275000428
803102479
2450510373
432073446
2283694957
2919544848
1703458890
1661622078
1702946450
1093644827
135758804
1763810415
2692500601
2887243279
2420201510
3526636285
3981077105
2830535520
1234806665
1907747801
3950263968
755790559
1587011406
3788421808
2138493532
1465109576
3138179350
1348141593
1666335546
1445165925
988900463
823442911
95926300
457685370
1343673734
2492273679
447323618
1979376991
72359041
943438581
679405905
2172063221
3573371144
1048129119
1507276781
2781177672
1320020301
1002246966
118746866
2175337555
1541323035
578910779
3990915916
563433783
338977193
1449307642
3422140212
1172778437
2611640902
3938575656
2265480764
292211856
3764621445
3959554680
3992228166
538822093
182999719
3897680364
1714946468
3326556130
3785791977
4234961479
931771098
2232541326
3086645033
163312876
2191874138
4274322098
2777932761
1821955388
1130211890
2046562688
2124891976
2057905238
1231725140
1623524835
3764030792
1360725209
2853923807
2783375374
1964408349
3146411816
3338056742
409926847
2617754082
2031921908
2642340091
945542733
3673846008
562110181
246266552
2716501601
1172488178
4123370420
3985856129
2806406213
2063640019
3872606760
2176207745
1854745568
3144082405
3792306766
1112643438
2377117141
2329097295
1002639948
1286050855
1803310727
4128506831
2875228417
3204401146
2309396624
3290389672
1177257562
2493185685
3878425129
3876266640
747114637
2558637055
2386566015
3264651315
993356136
1494612293
2198643593
2358139624
3027331258
3364908111
686849200
3853486545
771043496
2697091720
2564971752
1007800222
3672743911
1378927252
1238686970
1697209265
2825897422
1865705938
2170785169
557160397
3438061347
2901900269
3993520960
3551337923
2120531070
3915592762
3680573276
567371638
3878548013
4021018409
1755375389
2206972960
2842123892
2415506604
895126174
3882328127
2091145906
356943459
512949150
3985187064
2246441466
2886151144
2909922673
1725611276
2976255296
3200034168
3717781377
2269884288
3737671403
158300862
2738072262
1547082396
3908854704
336754339
3538936095
2967282826
3726209683
1707468735
2890776027
2171410649
988387721
1963976768
3064721722
778405809
4183971735
3154808315
1427373591
618992410
3254823150
2499436599
3609821723
4099850333
3489919118
3732216267
2390827909
2193575847
2291121256
4029847261
403021118
1201582526
1754027144
201666910
86896636
1508094382
4001826078
840816053
2455666681
2777216530
1716857497
294658982
3756825290
3022305840
2598149374
2678794133