1451346736
1714234395
707683497
2922576706
2502334979
2118551740
3760797890
3934726200
1955711335
1678419262
790179898
3636954903
35493236
3072220518
82219416
2615114072
1465687826
3502505649
1324003952
1176115750
1199768913
1957197357
3326014514
3842598161
835860991
2864560484
2299588851
1349514902
4262014780
4009817481
182034825
1144011184
528074840
3296931189
21992380
95603666
1842589646
1082510806
2641198720
1306577551
1030390713
277626754
2148553468
841547878
128897726
4105319626
165386221
1923581200
494006585
3909892547
294901011
2506195729
686898750
2828715063
4121529575
2478960247
913905993
2364602018
1071127088
1049308026
3125649267
408232038
1314459514
3510318389
3630234994
2894673959
3286635722
113423804
2016536019
1970142432
1550085221
3600550036
435294885
998191609
472859002
1586678683
2964882791
2805040938
2134531535
2946676925
4290085604
1907448409
3452545442
114558555
2145062284
1169785120
2796126393
4190267169
863340180
3789915629
1425073638
