1863442042
3799309001
4062410280
1842799362
790207434
33628989
3588247452
3686925472
247899151
1441191765
841179424
4199058664
1755037245
2326860680
2386242540
4162227446
1540647763
3019762881
3289134330
2141116792
1307181004
1008179461
1756480430
3808176502
2316652720
3553914637
362301896
1482659534
2282847566
4154041914
373438992
3195848954
3144366665
3881051583
4204159003
1291944221
2151811261
26083842
1973465860
3016491139
876328809
1370804193
4238235141
1296824745
2025650794
1387737143
2910103894
1642814884
3035869523
241057374
1083132046
3491431522
1835501203
1304092386
992612148
3949580189
